Category	Term	Count	%	PValue	Genes	List Total	Pop Hits	Pop Total	Fold Enrichment	Bonferroni	Benjamini	FDR
GOTERM_MF_ALL	GO:0005220~inositol 1,4,5-trisphosphate-sensitive calcium-release channel activity	3	42.857142857142854	3.1579356704906393E-7	3708, 3710, 3709	7	3	16881	2411.5714285714284	3.252621355576135E-5	3.252621355576135E-5	3.524597232962279E-4
GOTERM_BP_ALL	GO:1903779~regulation of cardiac conduction	4	57.14285714285714	1.316396298877008E-6	10768, 3708, 3710, 3709	7	69	16792	139.064182194617	7.303336032377095E-4	7.303336032377095E-4	0.00192344956881918
GOTERM_CC_ALL	GO:0031095~platelet dense tubular network membrane	3	42.857142857142854	3.248741962614025E-6	3708, 3710, 3709	7	9	18224	867.8095238095237	4.125057955396416E-4	4.125057955396416E-4	0.0037675202875120384
GOTERM_CC_ALL	GO:0031094~platelet dense tubular network	3	42.857142857142854	4.96190292632185E-6	3708, 3710, 3709	7	11	18224	710.0259740259739	6.299647238966477E-4	3.150319845239835E-4	0.005754196690732627
GOTERM_MF_ALL	GO:0070679~inositol 1,4,5 trisphosphate binding	3	42.857142857142854	5.782234563951383E-6	3708, 3710, 3709	7	11	16881	657.7012987012987	5.953945642253045E-4	2.9774160714490794E-4	0.006453418965313151
GOTERM_MF_ALL	GO:0099604~ligand-gated calcium channel activity	3	42.857142857142854	1.4284337307373131E-5	3708, 3710, 3709	7	17	16881	425.57142857142856	0.001470215423760357	4.903121746574479E-4	0.015941731613466903
GOTERM_MF_ALL	GO:0015278~calcium-release channel activity	3	42.857142857142854	1.4284337307373131E-5	3708, 3710, 3709	7	17	16881	425.57142857142856	0.001470215423760357	4.903121746574479E-4	0.015941731613466903
GOTERM_BP_ALL	GO:0030168~platelet activation	4	57.14285714285714	1.6940204033637384E-5	3708, 3710, 3709, 2776	7	161	16792	59.598935226264416	0.00935783326843087	0.004689914282202667	0.0247495102395634
GOTERM_MF_ALL	GO:0005217~intracellular ligand-gated ion channel activity	3	42.857142857142854	4.2562133025523624E-5	3708, 3710, 3709	7	29	16881	249.47290640394087	0.004374397328607227	0.001095397862864611	0.04749374205765822
GOTERM_BP_ALL	GO:0008016~regulation of heart contraction	4	57.14285714285714	5.114569598455278E-5	10768, 3708, 3710, 3709	7	233	16792	41.18209687308399	0.027987473445973188	0.00941757002375243	0.07470608347407426
GOTERM_BP_ALL	GO:0048016~inositol phosphate-mediated signaling	3	42.857142857142854	5.252350920908891E-5	3708, 3710, 3709	7	32	16792	224.89285714285714	0.028730512529961283	0.00726133646997873	0.07671787032721422
GOTERM_BP_ALL	GO:0060047~heart contraction	4	57.14285714285714	5.940329018019464E-5	10768, 3708, 3710, 3709	7	245	16792	39.16501457725947	0.03243222544994684	0.006572268608099896	0.0867626825047374
GOTERM_CC_ALL	GO:0031988~membrane-bounded vesicle	7	100.0	6.031915169599151E-5	7431, 10768, 2915, 3708, 3710, 3709, 2776	7	3611	18224	5.04680144004431	0.007631494454110155	0.002550330139250545	0.06993012190197323
GOTERM_BP_ALL	GO:0003015~heart process	4	57.14285714285714	6.159646410959022E-5	10768, 3708, 3710, 3709	7	248	16792	38.69124423963133	0.03360931478707463	0.005681646464010814	0.08996462453113585
GOTERM_CC_ALL	GO:0031982~vesicle	7	100.0	7.615960692513436E-5	7431, 10768, 2915, 3708, 3710, 3709, 2776	7	3754	18224	4.854555141182738	0.009626008913910189	0.002415238211419757	0.08828711104597042
GOTERM_BP_ALL	GO:1903522~regulation of blood circulation	4	57.14285714285714	1.0849808033486237E-4	10768, 3708, 3710, 3709	7	300	16792	31.984761904761903	0.05844235077477866	0.00856591617780067	0.15841614260043713
GOTERM_BP_ALL	GO:0003008~system process	6	85.71428571428571	1.3347807213547066E-4	7431, 10768, 2915, 3708, 3710, 3709	7	2014	16792	7.146545609306284	0.07140749481985431	0.00921791146966322	0.19485586651538656
GOTERM_CC_ALL	GO:0016529~sarcoplasmic reticulum	3	42.857142857142854	1.5854115451651083E-4	3708, 3710, 3709	7	60	18224	130.17142857142855	0.019934941095449465	0.004019166022079856	0.18370673686419758
GOTERM_BP_ALL	GO:0007596~blood coagulation	4	57.14285714285714	1.600286485969262E-4	3708, 3710, 3709, 2776	7	342	16792	28.056808688387633	0.08499249108311546	0.00982068206724751	0.23357310833489464
GOTERM_BP_ALL	GO:0007599~hemostasis	4	57.14285714285714	1.8322960623277587E-4	3708, 3710, 3709, 2776	7	358	16792	26.802873104549082	0.09670107881336065	0.010118633560240564	0.2673943300559367
GOTERM_BP_ALL	GO:0050817~coagulation	4	57.14285714285714	1.8322960623277587E-4	3708, 3710, 3709, 2776	7	358	16792	26.802873104549082	0.09670107881336065	0.010118633560240564	0.2673943300559367
GOTERM_CC_ALL	GO:0016528~sarcoplasm	3	42.857142857142854	1.9783901794529496E-4	3708, 3710, 3709	7	67	18224	116.57142857142857	0.02481495964774194	0.004179249364837601	0.2291947169037467
GOTERM_MF_ALL	GO:0043178~alcohol binding	3	42.857142857142854	2.8114500681674753E-4	3708, 3710, 3709	7	74	16881	97.76640926640927	0.028546627956900217	0.005775657817960411	0.3133408697334694
GOTERM_CC_ALL	GO:0030667~secretory granule membrane	3	42.857142857142854	3.111488882850583E-4	3708, 3710, 3709	7	84	18224	92.97959183673468	0.038751249231033125	0.005630099500279484	0.36024689131183285
GOTERM_CC_ALL	GO:0097458~neuron part	5	71.42857142857143	3.7919936675938744E-4	7431, 2915, 3708, 3710, 2776	7	1333	18224	9.765298467474011	0.04702580437621284	0.006002842100997552	0.43887723955550184
GOTERM_BP_ALL	GO:0050878~regulation of body fluid levels	4	57.14285714285714	4.994851112212385E-4	3708, 3710, 3709, 2776	7	503	16792	19.07639875035501	0.2421603748026565	0.024892531718642807	0.7273523405386562
GOTERM_BP_ALL	GO:0044057~regulation of system process	4	57.14285714285714	5.024073767682907E-4	10768, 3708, 3710, 3709	7	504	16792	19.038548752834465	0.24338910143744918	0.02297416118023199	0.731593217388038
GOTERM_CC_ALL	GO:0005886~plasma membrane	7	100.0	5.029366451105151E-4	7431, 10768, 2915, 3708, 3710, 3709, 2776	7	5141	18224	3.544835635090449	0.06189089615580701	0.007073643324641887	0.5817067982507806
GOTERM_BP_ALL	GO:0008015~blood circulation	4	57.14285714285714	5.082852330806782E-4	10768, 3708, 3710, 3709	7	506	16792	18.963297571993223	0.24585454758324676	0.021471519512497483	0.7401228224884537
GOTERM_BP_ALL	GO:0003013~circulatory system process	4	57.14285714285714	5.201747759668881E-4	10768, 3708, 3710, 3709	7	510	16792	18.814565826330533	0.2508170851217303	0.020415306725279025	0.7573741521912036
GOTERM_BP_ALL	GO:0051209~release of sequestered calcium ion into cytosol	3	42.857142857142854	5.289274596551863E-4	3708, 3710, 3709	7	101	16792	71.25318246110325	0.2544494961057785	0.01938513762621119	0.7700722189751152
GOTERM_BP_ALL	GO:0051283~negative regulation of sequestering of calcium ion	3	42.857142857142854	5.289274596551863E-4	3708, 3710, 3709	7	101	16792	71.25318246110325	0.2544494961057785	0.01938513762621119	0.7700722189751152
GOTERM_BP_ALL	GO:1902656~calcium ion import into cytosol	3	42.857142857142854	5.715059589297085E-4	3708, 3710, 3709	7	105	16792	68.53877551020408	0.2718705848660995	0.019634462984455148	0.831821929532317
GOTERM_BP_ALL	GO:0097553~calcium ion transmembrane import into cytosol	3	42.857142857142854	5.715059589297085E-4	3708, 3710, 3709	7	105	16792	68.53877551020408	0.2718705848660995	0.019634462984455148	0.831821929532317
GOTERM_CC_ALL	GO:0071944~cell periphery	7	100.0	5.743644360467062E-4	7431, 10768, 2915, 3708, 3710, 3709, 2776	7	5256	18224	3.467275494672755	0.07036685621238625	0.007269968965017415	0.6640704163630273
GOTERM_BP_ALL	GO:0042060~wound healing	4	57.14285714285714	6.218520148859115E-4	3708, 3710, 3709, 2776	7	542	16792	17.70374275171323	0.2919462159487196	0.020103136551897438	0.9047903954181313
GOTERM_BP_ALL	GO:0051282~regulation of sequestering of calcium ion	3	42.857142857142854	6.270057151762557E-4	3708, 3710, 3709	7	110	16792	65.42337662337663	0.2939698329243253	0.01915294577755733	0.9122570278154774
GOTERM_BP_ALL	GO:0051208~sequestering of calcium ion	3	42.857142857142854	6.499126385378661E-4	3708, 3710, 3709	7	112	16792	64.25510204081633	0.30289468176555023	0.01881127919462322	0.94543802120578
GOTERM_MF_ALL	GO:0005262~calcium channel activity	3	42.857142857142854	6.896727697020756E-4	3708, 3710, 3709	7	116	16881	62.36822660098522	0.06859474131315468	0.011773609276506725	0.7670590544968658
GOTERM_BP_ALL	GO:0051238~sequestering of metal ion	3	42.857142857142854	7.831013222050873E-4	3708, 3710, 3709	7	123	16792	58.508710801393725	0.35260036348971213	0.02150497350866787	1.1381586984863357
GOTERM_MF_ALL	GO:0015085~calcium ion transmembrane transporter activity	3	42.857142857142854	8.650810557101526E-4	3708, 3710, 3709	7	130	16881	55.65164835164835	0.08528424458629691	0.012653817431547476	0.9612930496697536
GOTERM_BP_ALL	GO:0060402~calcium ion transport into cytosol	3	42.857142857142854	8.87593480555062E-4	3708, 3710, 3709	7	131	16792	54.93565976008724	0.3891068007995818	0.023195006767823934	1.289111647172403
GOTERM_BP_ALL	GO:0060401~cytosolic calcium ion transport	3	42.857142857142854	9.14716727029599E-4	3708, 3710, 3709	7	133	16792	54.10955961331901	0.3982421224247571	0.02282191746747486	1.3282597015606856
GOTERM_BP_ALL	GO:0009611~response to wounding	4	57.14285714285714	0.0010530459054578255	3708, 3710, 3709, 2776	7	649	16792	14.784943869689632	0.4427539611080633	0.02510337976375443	1.5276907968283626
GOTERM_MF_ALL	GO:0015276~ligand-gated ion channel activity	3	42.857142857142854	0.0010745373934696603	3708, 3710, 3709	7	145	16881	49.894581280788174	0.10482572378506672	0.013746745746732736	1.1927758553442414
GOTERM_MF_ALL	GO:0022834~ligand-gated channel activity	3	42.857142857142854	0.0010745373934696603	3708, 3710, 3709	7	145	16881	49.894581280788174	0.10482572378506672	0.013746745746732736	1.1927758553442414
GOTERM_BP_ALL	GO:0070509~calcium ion import	3	42.857142857142854	0.001336190852283893	3708, 3710, 3709	7	161	16792	44.69920141969831	0.5238783141918354	0.03044693909686569	1.9347344270606914
GOTERM_MF_ALL	GO:0004871~signal transducer activity	5	71.42857142857143	0.0014952364973507214	2915, 3708, 3710, 3709, 2776	7	1763	16881	6.839397131512843	0.14283480071800814	0.016979158521424176	1.656228180153041
GOTERM_MF_ALL	GO:0072509~divalent inorganic cation transmembrane transporter activity	3	42.857142857142854	0.0015245331312836177	3708, 3710, 3709	7	173	16881	41.81915772089182	0.14542134329040224	0.015591841852440003	1.6884282356872116
GOTERM_BP_ALL	GO:0050796~regulation of insulin secretion	3	42.857142857142854	0.0015759419809655297	3708, 3710, 3709	7	175	16792	41.12326530612245	0.5832787398077297	0.034407627881761105	2.278169899519633
GOTERM_BP_ALL	GO:0051223~regulation of protein transport	4	57.14285714285714	0.0015790301347006729	3708, 3710, 3709, 2776	7	746	16792	12.862504787437762	0.5839934837426753	0.03317025076385005	2.2825862584952783
GOTERM_BP_ALL	GO:0032845~negative regulation of homeostatic process	3	42.857142857142854	0.0015938019967567686	3708, 3710, 3709	7	176	16792	40.88961038961039	0.5873954970953444	0.03225593364270707	2.3037088804290895
GOTERM_BP_ALL	GO:0051049~regulation of transport	5	71.42857142857143	0.0016376979054719587	10768, 3708, 3710, 3709, 2776	7	1796	16792	6.678332803054407	0.5973418826926968	0.031966052110686705	2.3664515434834055
GOTERM_BP_ALL	GO:0007165~signal transduction	7	100.0	0.0016517981374489185	7431, 10768, 2915, 3708, 3710, 3709, 2776	7	5775	16792	2.9077056277056275	0.6004857889718482	0.03114288678216537	2.386597758084208
GOTERM_BP_ALL	GO:0015031~protein transport	5	71.42857142857143	0.0018716367259674033	10768, 3708, 3710, 3709, 2776	7	1860	16792	6.448540706605223	0.6464504687314938	0.034064022543208505	2.700199623211774
GOTERM_BP_ALL	GO:2000021~regulation of ion homeostasis	3	42.857142857142854	0.0020314589989532425	3708, 3710, 3709	7	199	16792	36.163675520459435	0.6765162803133312	0.035751908377737784	2.9275981684789176
GOTERM_BP_ALL	GO:0030001~metal ion transport	4	57.14285714285714	0.0020328883025007936	10768, 3708, 3710, 3709	7	814	16792	11.787995787995786	0.6767733084977973	0.03467823002444392	2.92962957669598
GOTERM_BP_ALL	GO:0070201~regulation of establishment of protein localization	4	57.14285714285714	0.0020765054924649826	3708, 3710, 3709, 2776	7	820	16792	11.701742160278744	0.6845196094988854	0.034355337014487675	2.991601789609344
GOTERM_BP_ALL	GO:0090276~regulation of peptide hormone secretion	3	42.857142857142854	0.002092325562371011	3708, 3710, 3709	7	202	16792	35.626591230551625	0.6872831814842029	0.033612047802973	3.0140701649457147
GOTERM_BP_ALL	GO:0002791~regulation of peptide secretion	3	42.857142857142854	0.0021956988017620836	3708, 3710, 3709	7	207	16792	34.76604554865424	0.7047558535753815	0.03425532374226925	3.1607662019583094
GOTERM_MF_ALL	GO:0035091~phosphatidylinositol binding	3	42.857142857142854	0.0022145740686236714	3708, 3710, 3709	7	209	16881	34.61585782638414	0.20415757876402407	0.020545467195211553	2.4440851913520634
GOTERM_BP_ALL	GO:0090087~regulation of peptide transport	3	42.857142857142854	0.002237722116212394	3708, 3710, 3709	7	209	16792	34.43335611756664	0.7115770802132906	0.03394728160187954	3.2203419960398882
GOTERM_BP_ALL	GO:0051649~establishment of localization in cell	5	71.42857142857143	0.002485011461982914	10768, 3708, 3710, 3709, 2776	7	2004	16792	5.98517251211862	0.7486472244645679	0.03663369782278003	3.570229182131912
GOTERM_BP_ALL	GO:0042045~epithelial fluid transport	2	28.57142857142857	0.0024989575270890495	10768, 3708	7	7	16792	685.3877551020408	0.7505900245738466	0.035883953867826834	3.589926183370784
GOTERM_BP_ALL	GO:0044700~single organism signaling	7	100.0	0.0025469127718816586	7431, 10768, 2915, 3708, 3710, 3709, 2776	7	6207	16792	2.7053326888996296	0.7571569011345253	0.03564014672923621	3.6576281243119846
GOTERM_BP_ALL	GO:0045184~establishment of protein localization	5	71.42857142857143	0.0025658979723977367	10768, 3708, 3710, 3709, 2776	7	2021	16792	5.934827171838553	0.7597087427351816	0.03501969578097386	3.6844186865817696
GOTERM_BP_ALL	GO:0023052~signaling	7	100.0	0.0026802696534065336	7431, 10768, 2915, 3708, 3710, 3709, 2776	7	6260	16792	2.6824281150159743	0.7745251698046576	0.03567837911512395	3.8456650744580045
GOTERM_BP_ALL	GO:0007154~cell communication	7	100.0	0.002719051039992642	7431, 10768, 2915, 3708, 3710, 3709, 2776	7	6275	16792	2.67601593625498	0.7793392174998776	0.035339694099405294	3.900283716828812
GOTERM_BP_ALL	GO:0019932~second-messenger-mediated signaling	3	42.857142857142854	0.0027718895228560736	3708, 3710, 3709	7	233	16792	30.886572654812998	0.7857335122964342	0.0351922207554165	3.9746534749907636
GOTERM_BP_ALL	GO:0001775~cell activation	4	57.14285714285714	0.0028038530594085708	3708, 3710, 3709, 2776	7	910	16792	10.544427001569858	0.7895114720193381	0.03479663355363427	4.019615876836713
GOTERM_CC_ALL	GO:0005789~endoplasmic reticulum membrane	4	57.14285714285714	0.0028985362649791044	10768, 3708, 3710, 3709	7	999	18224	10.424138424138423	0.3083316040681745	0.03295815577649397	3.3103001852417435
GOTERM_BP_ALL	GO:0030072~peptide hormone secretion	3	42.857142857142854	0.0029621376542225673	3708, 3710, 3709	7	241	16792	29.861292234736215	0.8072624912453056	0.03592602145834134	4.24198243897167
GOTERM_CC_ALL	GO:0042175~nuclear outer membrane-endoplasmic reticulum membrane network	4	57.14285714285714	0.003085774518703692	10768, 3708, 3710, 3709	7	1021	18224	10.199524275919966	0.32463315246426816	0.03217914065554761	3.5206544064391276
GOTERM_BP_ALL	GO:0002790~peptide secretion	3	42.857142857142854	0.0031834038524749674	3708, 3710, 3709	7	250	16792	28.78628571428571	0.8296001120798946	0.03773916267557986	4.552024620345197
GOTERM_BP_ALL	GO:0046883~regulation of hormone secretion	3	42.857142857142854	0.003284195398944848	3708, 3710, 3709	7	254	16792	28.332958380202474	0.8388996979803208	0.03810047633192526	4.692945314108432
GOTERM_BP_ALL	GO:0032880~regulation of protein localization	4	57.14285714285714	0.0032892334684811162	3708, 3710, 3709, 2776	7	962	16792	9.974457974457973	0.8393510072113071	0.03737798030544215	4.699984152001091
GOTERM_BP_ALL	GO:0034220~ion transmembrane transport	4	57.14285714285714	0.0032990532376384976	10768, 3708, 3710, 3709	7	963	16792	9.964100281857291	0.8402270361277927	0.03673680867132445	4.713702253885799
GOTERM_BP_ALL	GO:0006812~cation transport	4	57.14285714285714	0.0034183429672482615	10768, 3708, 3710, 3709	7	975	16792	9.841465201465201	0.850495735567894	0.03729534537310086	4.880201763336222
GOTERM_BP_ALL	GO:0070588~calcium ion transmembrane transport	3	42.857142857142854	0.003542747733288953	3708, 3710, 3709	7	264	16792	27.259740259740255	0.8605035546673407	0.037885570187160544	5.053551889376095
GOTERM_BP_ALL	GO:0015833~peptide transport	3	42.857142857142854	0.003648790113236204	3708, 3710, 3709	7	268	16792	26.852878464818758	0.8685044236449024	0.03826375525017023	5.201082805534741
GOTERM_BP_ALL	GO:0007204~positive regulation of cytosolic calcium ion concentration	3	42.857142857142854	0.0036755341757567146	3708, 3710, 3709	7	269	16792	26.753053637812	0.8704488609453898	0.0378260197987913	5.2382566099478005
GOTERM_CC_ALL	GO:0031965~nuclear membrane	3	42.857142857142854	0.003677986702473727	3708, 3710, 2776	7	292	18224	26.747553816046967	0.37372482327050727	0.03535714094342912	4.183229684047419
GOTERM_BP_ALL	GO:0042886~amide transport	3	42.857142857142854	0.004229944294866688	3708, 3710, 3709	7	289	16792	24.901631240731586	0.9048783118078101	0.04263124210193625	6.005825639503581
GOTERM_BP_ALL	GO:0051235~maintenance of location	3	42.857142857142854	0.0042586376243724895	3708, 3710, 3709	7	290	16792	24.815763546798028	0.9063874622525826	0.04215114999871705	6.0453928738580025
GOTERM_BP_ALL	GO:0051480~regulation of cytosolic calcium ion concentration	3	42.857142857142854	0.004316301153907805	3708, 3710, 3709	7	292	16792	24.645792563600782	0.9093484294858898	0.0419642789400676	6.12486221979286
GOTERM_BP_ALL	GO:0046879~hormone secretion	3	42.857142857142854	0.004403487921219039	3708, 3710, 3709	7	295	16792	24.395157384987893	0.9136487990071627	0.0420605875236959	6.244900291164502
GOTERM_CC_ALL	GO:0044432~endoplasmic reticulum part	4	57.14285714285714	0.004635345831297476	10768, 3708, 3710, 3709	7	1177	18224	8.847675688797183	0.445704610300381	0.04127113141969452	5.245547778675485
GOTERM_MF_ALL	GO:0005261~cation channel activity	3	42.857142857142854	0.004681705816180466	3708, 3710, 3709	7	306	16881	23.64285714285714	0.38328484974453425	0.03947858616220623	5.102770638517851
GOTERM_BP_ALL	GO:0009914~hormone transport	3	42.857142857142854	0.004730252640335414	3708, 3710, 3709	7	306	16792	23.518207282913163	0.9280309424541621	0.044357144067622145	6.693516429393953
GOTERM_BP_ALL	GO:0051716~cellular response to stimulus	7	100.0	0.004921572362055664	7431, 10768, 2915, 3708, 3710, 3709, 2776	7	6927	16792	2.4241374332322794	0.935314380510658	0.045349951379253906	6.955250773743771
GOTERM_BP_ALL	GO:0008104~protein localization	5	71.42857142857143	0.005281744218760289	10768, 3708, 3710, 3709, 2776	7	2448	16792	4.8996265172735765	0.9470886166237372	0.047805171118609935	7.446127964043592
GOTERM_BP_ALL	GO:0032501~multicellular organismal process	7	100.0	0.005363717061967262	7431, 10768, 2915, 3708, 3710, 3709, 2776	7	7027	16792	2.389639960153693	0.9494541865870414	0.04775448128778437	7.557510983128701
GOTERM_CC_ALL	GO:0030141~secretory granule	3	42.857142857142854	0.005478475743823852	3708, 3710, 3709	7	358	18224	21.816440542697524	0.5022609218699184	0.04544684823854106	6.17218874028993
GOTERM_BP_ALL	GO:0032879~regulation of localization	5	71.42857142857143	0.005486233413809532	10768, 3708, 3710, 3709, 2776	7	2473	16792	4.850095315117556	0.9527943941216238	0.048052934104510836	7.723750929484529
GOTERM_MF_ALL	GO:0022836~gated channel activity	3	42.857142857142854	0.005554401220398272	3708, 3710, 3709	7	334	16881	21.66082121471343	0.43656205704285533	0.043171033118698965	6.0273142479388975
GOTERM_BP_ALL	GO:0070633~transepithelial transport	2	28.57142857142857	0.006059867910094095	10768, 3708	7	17	16792	282.21848739495795	0.965729090390368	0.05213857042545855	8.49840599672037
GOTERM_BP_ALL	GO:0051641~cellular localization	5	71.42857142857143	0.006070847341894377	10768, 3708, 3710, 3709, 2776	7	2541	16792	4.720301343677967	0.9659385547087	0.05143606058797079	8.513173724947276
GOTERM_MF_ALL	GO:0036094~small molecule binding	5	71.42857142857143	0.006218658796749937	10768, 3708, 3710, 3709, 2776	7	2571	16881	4.689948324720787	0.474035597767018	0.04485718993845533	6.725531708564336
GOTERM_MF_ALL	GO:0005543~phospholipid binding	3	42.857142857142854	0.006220719698067574	3708, 3710, 3709	7	354	16881	20.437046004842614	0.47414793248597853	0.041943976508100556	6.727690603356351
GOTERM_BP_ALL	GO:0006816~calcium ion transport	3	42.857142857142854	0.00681326719089453	3708, 3710, 3709	7	369	16792	19.502903600464577	0.9775014366261388	0.05670282199599619	9.506619760485647
GOTERM_CC_ALL	GO:0098805~whole membrane	4	57.14285714285714	0.0070299021869455434	3708, 3710, 3709, 2776	7	1363	18224	7.640289277853475	0.5917805994869576	0.054457939006260725	7.855676032633696
GOTERM_BP_ALL	GO:0007186~G-protein coupled receptor signaling pathway	4	57.14285714285714	0.007109853227964112	10768, 2915, 3710, 2776	7	1261	16792	7.609380310411238	0.9809380869569005	0.058236365604539375	9.900670562733305
GOTERM_BP_ALL	GO:0071702~organic substance transport	5	71.42857142857143	0.007168022931449456	10768, 3708, 3710, 3709, 2776	7	2657	16792	4.514221194687886	0.9815479413300001	0.05784995751855082	9.977768381916196
GOTERM_BP_ALL	GO:0051239~regulation of multicellular organismal process	5	71.42857142857143	0.007188083943031555	7431, 10768, 3708, 3710, 3709	7	2659	16792	4.510825766937087	0.9817537133772845	0.0571794571876072	10.004342885912266
GOTERM_BP_ALL	GO:0050708~regulation of protein secretion	3	42.857142857142854	0.007662009165511679	3708, 3710, 3709	7	392	16792	18.35860058309038	0.986001285910372	0.059991648236978445	10.630022553641183
GOTERM_BP_ALL	GO:0006874~cellular calcium ion homeostasis	3	42.857142857142854	0.007699966115529831	3708, 3710, 3709	7	393	16792	18.311886586695746	0.9862953347177931	0.059445783391364304	10.679957929982775
GOTERM_MF_ALL	GO:0004888~transmembrane signaling receptor activity	4	57.14285714285714	0.007783385269735785	2915, 3708, 3710, 3709	7	1309	16881	7.369202226345084	0.5528337783060164	0.049057381007944434	8.351627030080566
GOTERM_CC_ALL	GO:0005635~nuclear envelope	3	42.857142857142854	0.008108367853364832	3708, 3710, 2776	7	438	18224	17.831702544031312	0.6444040876316675	0.05900851881732261	9.009630950555824
GOTERM_BP_ALL	GO:0055085~transmembrane transport	4	57.14285714285714	0.008123119628061953	10768, 3708, 3710, 3709	7	1322	16792	7.258266695483035	0.9891841434239852	0.061766971751184174	11.234892660661933
GOTERM_BP_ALL	GO:0055074~calcium ion homeostasis	3	42.857142857142854	0.008162265171358391	3708, 3710, 3709	7	405	16792	17.76931216931217	0.9894184795737344	0.061221428842188175	11.286066527552007
GOTERM_BP_ALL	GO:0072503~cellular divalent inorganic cation homeostasis	3	42.857142857142854	0.008477429505675378	3708, 3710, 3709	7	413	16792	17.425112417848492	0.9911295508565496	0.06267615388504633	11.697071759139789
GOTERM_BP_ALL	GO:0023061~signal release	3	42.857142857142854	0.008637092452257295	3708, 3710, 3709	7	417	16792	17.257965056526206	0.9918879738790687	0.06298834887789262	11.904610314869323
GOTERM_BP_ALL	GO:0070838~divalent metal ion transport	3	42.857142857142854	0.00867722444645623	3708, 3710, 3709	7	418	16792	17.21667805878332	0.9920682007369659	0.06245607760312766	11.956704548084529
GOTERM_MF_ALL	GO:0099600~transmembrane receptor activity	4	57.14285714285714	0.008721337791644652	2915, 3708, 3710, 3709	7	1363	16881	7.077245571743003	0.5943391840197655	0.0516890436463221	9.313950910901037
GOTERM_MF_ALL	GO:0046873~metal ion transmembrane transporter activity	3	42.857142857142854	0.008748770005701602	3708, 3710, 3709	7	422	16881	17.14387271496276	0.5954938399328213	0.04903943492779117	9.341956933749673
GOTERM_BP_ALL	GO:0072511~divalent inorganic cation transport	3	42.857142857142854	0.00879813872206137	3708, 3710, 3709	7	421	16792	17.093993892093653	0.9925874022742514	0.0624956421491355	12.113486600001277
GOTERM_BP_ALL	GO:0033036~macromolecule localization	5	71.42857142857143	0.008901771497138484	10768, 3708, 3710, 3709, 2776	7	2817	16792	4.257822404787261	0.9930053106472015	0.06241644864096174	12.24765378076208
GOTERM_MF_ALL	GO:0005216~ion channel activity	3	42.857142857142854	0.009031672888472293	3708, 3710, 3709	7	429	16881	16.864135864135864	0.6072133487683626	0.047993689074919965	9.630318422117423
GOTERM_CC_ALL	GO:0099503~secretory vesicle	3	42.857142857142854	0.009179490524813889	3708, 3710, 3709	7	467	18224	16.724380544509025	0.6899987569524987	0.06299391105715935	10.142643743509616
GOTERM_BP_ALL	GO:0072507~divalent inorganic cation homeostasis	3	42.857142857142854	0.009289548552832561	3708, 3710, 3709	7	433	16792	16.620257340811612	0.9943708445271876	0.06425066152101555	12.74799478346994
GOTERM_MF_ALL	GO:0022838~substrate-specific channel activity	3	42.857142857142854	0.009693944353170137	3708, 3710, 3709	7	445	16881	16.257784911717494	0.6333499252965458	0.04892976757652323	10.302105818307528
GOTERM_MF_ALL	GO:0038023~signaling receptor activity	4	57.14285714285714	0.009726150558837462	2915, 3708, 3710, 3709	7	1417	16881	6.80754108277044	0.6345760623094864	0.04680707713669363	10.334658557032139
GOTERM_BP_ALL	GO:0032844~regulation of homeostatic process	3	42.857142857142854	0.010049787649335227	3708, 3710, 3709	7	451	16792	15.956921127652835	0.9963236995998026	0.06850094720784816	13.721212897278178
GOTERM_CC_ALL	GO:0030659~cytoplasmic vesicle membrane	3	42.857142857142854	0.01011233339475197	3708, 3710, 3709	7	491	18224	15.90689554844341	0.724950422737227	0.06568071123282992	11.118868131774839
GOTERM_BP_ALL	GO:0042044~fluid transport	2	28.57142857142857	0.010673208907863068	10768, 3708	7	30	16792	159.92380952380952	0.9974083739198323	0.07173996203700395	14.511727506531225
GOTERM_BP_ALL	GO:0006811~ion transport	4	57.14285714285714	0.010691386383407879	10768, 3708, 3710, 3709	7	1458	16792	6.581226729374877	0.9974346675561346	0.07100341145814071	14.534675466101666
GOTERM_CC_ALL	GO:0012506~vesicle membrane	3	42.857142857142854	0.010757313923352317	3708, 3710, 3709	7	507	18224	15.404902789518173	0.7468011682307092	0.06637368342397021	11.788165814228114
GOTERM_BP_ALL	GO:0009306~protein secretion	3	42.857142857142854	0.010837543211855066	3708, 3710, 3709	7	469	16792	15.344501979896435	0.9976366305002407	0.07109800014197276	14.718981134517817
GOTERM_BP_ALL	GO:0010817~regulation of hormone levels	3	42.857142857142854	0.01110619808308546	3708, 3710, 3709	7	475	16792	15.150676691729322	0.997967369416401	0.07195941461539701	15.056793017803649
GOTERM_MF_ALL	GO:0015267~channel activity	3	42.857142857142854	0.011127918119958415	3708, 3710, 3709	7	478	16881	15.135385534967124	0.6841855903621157	0.05104218560698803	11.741130832175028
GOTERM_MF_ALL	GO:0022803~passive transmembrane transporter activity	3	42.857142857142854	0.011172790016292278	3708, 3710, 3709	7	479	16881	15.103787652848196	0.685658237826412	0.049071384026460274	11.785819711165225
GOTERM_BP_ALL	GO:0006875~cellular metal ion homeostasis	3	42.857142857142854	0.011837343545576844	3708, 3710, 3709	7	491	16792	14.656968286296188	0.9986517115745193	0.07566212722144039	15.969847706227625
GOTERM_BP_ALL	GO:0007267~cell-cell signaling	4	57.14285714285714	0.011942974987563209	2915, 3708, 3710, 3709	7	1517	16792	6.325266032583106	0.9987293798976996	0.07545171629138425	16.10100185513046
GOTERM_BP_ALL	GO:0023051~regulation of signaling	5	71.42857142857143	0.012214527089080801	10768, 2915, 3708, 3710, 3709	7	3070	16792	3.9069334574220567	0.9989091568047733	0.07624803359512766	16.43729175139682
GOTERM_CC_ALL	GO:0005783~endoplasmic reticulum	4	57.14285714285714	0.012221798265748094	10768, 3708, 3710, 3709	7	1660	18224	6.273321858864027	0.7902274694604876	0.07167015021671375	13.290798284243477
GOTERM_MF_ALL	GO:0022890~inorganic cation transmembrane transporter activity	3	42.857142857142854	0.012987031097629928	3708, 3710, 3709	7	518	16881	13.966629895201324	0.7398316327953933	0.05455644900503265	13.575500008973973
GOTERM_CC_ALL	GO:0098588~bounding membrane of organelle	4	57.14285714285714	0.013973828017627737	3708, 3710, 3709, 2776	7	1742	18224	5.978021978021978	0.8325704150840536	0.07802393754611114	15.057721005044977
GOTERM_BP_ALL	GO:0050896~response to stimulus	7	100.0	0.014878128320841637	7431, 10768, 2915, 3708, 3710, 3709, 2776	7	8329	16792	2.0160883659502944	0.9997562590112974	0.09119555334424945	19.66998257852197
GOTERM_BP_ALL	GO:0007610~behavior	3	42.857142857142854	0.015076320895974016	2915, 3710, 2776	7	557	16792	12.920235957937932	0.999782012709014	0.09136123021552578	19.90580156513492
GOTERM_BP_ALL	GO:1901699~cellular response to nitrogen compound	3	42.857142857142854	0.015128116336270992	10768, 3709, 2776	7	558	16792	12.897081413210445	0.9997882832066677	0.09068081970405673	19.967323873531473
GOTERM_BP_ALL	GO:0055065~metal ion homeostasis	3	42.857142857142854	0.015128116336270992	3708, 3710, 3709	7	558	16792	12.897081413210445	0.9997882832066677	0.09068081970405673	19.967323873531473
GOTERM_CC_ALL	GO:0044433~cytoplasmic vesicle part	3	42.857142857142854	0.015582505612943156	3708, 3710, 3709	7	615	18224	12.69965156794425	0.8639263509703414	0.08306615908956905	16.651035425800853
GOTERM_MF_ALL	GO:0060089~molecular transducer activity	4	57.14285714285714	0.01562165174524999	2915, 3708, 3710, 3709	7	1680	16881	5.7418367346938775	0.8024434534439513	0.06280997607471095	16.11563889004414
GOTERM_MF_ALL	GO:0004872~receptor activity	4	57.14285714285714	0.01562165174524999	2915, 3708, 3710, 3709	7	1680	16881	5.7418367346938775	0.8024434534439513	0.06280997607471095	16.11563889004414
GOTERM_BP_ALL	GO:0030003~cellular cation homeostasis	3	42.857142857142854	0.015914648213467913	3708, 3710, 3709	7	573	16792	12.559461480927448	0.9998641105091003	0.09419357143459028	20.896168348033196
GOTERM_BP_ALL	GO:0006873~cellular ion homeostasis	3	42.857142857142854	0.016719079865118745	3708, 3710, 3709	7	588	16792	12.239067055393585	0.9999136873007705	0.0977196897582111	21.835756214829814
GOTERM_BP_ALL	GO:0044765~single-organism transport	5	71.42857142857143	0.01799851907348705	10768, 3708, 3710, 3709, 2776	7	3415	16792	3.512235933905041	0.9999580975692309	0.10377791101983314	23.30876813570154
GOTERM_MF_ALL	GO:0008324~cation transmembrane transporter activity	3	42.857142857142854	0.018085389822240894	3708, 3710, 3709	7	616	16881	11.744666048237475	0.8473863524061411	0.0697498577689345	18.42932864337041
GOTERM_BP_ALL	GO:1903530~regulation of secretion by cell	3	42.857142857142854	0.019065477068023938	3708, 3710, 3709	7	630	16792	11.42312925170068	0.9999770802050796	0.10852371873830324	24.517333934311747
GOTERM_BP_ALL	GO:0098662~inorganic cation transmembrane transport	3	42.857142857142854	0.0193539320922109	3708, 3710, 3709	7	635	16792	11.33318335208099	0.9999805319854186	0.10898215778272813	24.84101284387441
GOTERM_CC_ALL	GO:0016020~membrane	7	100.0	0.01957511427165173	7431, 10768, 2915, 3708, 3710, 3709, 2776	7	9462	18224	1.926019868949482	0.9187881446099146	0.09932631039546236	20.488227129118307
GOTERM_BP_ALL	GO:0055080~cation homeostasis	3	42.857142857142854	0.01981945645302903	3708, 3710, 3709	7	643	16792	11.192179515663186	0.9999850420163586	0.11037047047100812	25.360657540281608
GOTERM_MF_ALL	GO:0008289~lipid binding	3	42.857142857142854	0.020381208525745997	3708, 3710, 3709	7	656	16881	11.028527874564459	0.8800826402655214	0.07554767154256226	20.53287511073969
GOTERM_BP_ALL	GO:0065008~regulation of biological quality	5	71.42857142857143	0.020658734206499732	2915, 3708, 3710, 3709, 2776	7	3548	16792	3.3805765823804155	0.9999907017714651	0.11368621860402084	26.289060221431136
GOTERM_BP_ALL	GO:0098771~inorganic ion homeostasis	3	42.857142857142854	0.02070550333908888	3708, 3710, 3709	7	658	16792	10.93703864524533	0.9999909449840505	0.1128252614207762	26.34047809406458
GOTERM_CC_ALL	GO:0012505~endomembrane system	5	71.42857142857143	0.021194685224781136	10768, 3708, 3710, 3709, 2776	7	3878	18224	3.356663965225079	0.9341686906292059	0.10311388681267186	21.9981931225948
GOTERM_BP_ALL	GO:1902578~single-organism localization	5	71.42857142857143	0.02207374297156979	10768, 3708, 3710, 3709, 2776	7	3614	16792	3.3188394339473475	0.9999958323679988	0.11874638428708129	27.83001330937559
GOTERM_BP_ALL	GO:0051046~regulation of secretion	3	42.857142857142854	0.02222013810759158	3708, 3710, 3709	7	683	16792	10.536707801715123	0.9999961646583021	0.1183606816288918	27.9877137078253
GOTERM_BP_ALL	GO:0050801~ion homeostasis	3	42.857142857142854	0.023214102547577626	3708, 3710, 3709	7	699	16792	10.295524218270998	0.9999978189966876	0.12221821748955586	29.049977069470888
GOTERM_BP_ALL	GO:0098655~cation transmembrane transport	3	42.857142857142854	0.02346556829862088	3708, 3710, 3709	7	703	16792	10.236943710627921	0.9999981094150461	0.12232720749217807	29.31639857300151
GOTERM_BP_ALL	GO:0044707~single-multicellular organism process	6	85.71428571428571	0.02347065339026613	7431, 2915, 3708, 3710, 3709, 2776	7	5943	16792	2.421864859017812	0.999998114871043	0.12122864327042238	29.32177647079188
GOTERM_BP_ALL	GO:0055082~cellular chemical homeostasis	3	42.857142857142854	0.024099409091598325	3708, 3710, 3709	7	713	16792	10.093368062512521	0.9999986814474688	0.12317370091004165	29.983807266150574
GOTERM_MF_ALL	GO:0005509~calcium ion binding	3	42.857142857142854	0.024113558390210014	3708, 3710, 3709	7	717	16881	10.090257023311416	0.91906688168809	0.0858772661878916	23.847463351580632
GOTERM_BP_ALL	GO:0098660~inorganic ion transmembrane transport	3	42.857142857142854	0.024869731687451775	3708, 3710, 3709	7	725	16792	9.926305418719211	0.9999991493249727	0.12575663869960307	30.787022579969136
GOTERM_BP_ALL	GO:0071705~nitrogen compound transport	3	42.857142857142854	0.024869731687451775	3708, 3710, 3709	7	725	16792	9.926305418719211	0.9999991493249727	0.12575663869960307	30.787022579969136
GOTERM_BP_ALL	GO:0007215~glutamate receptor signaling pathway	2	28.57142857142857	0.025106263447689365	2915, 2776	7	71	16792	67.57344064386318	0.9999992564837029	0.12575866196607433	31.03192641586666
GOTERM_MF_ALL	GO:0015075~ion transmembrane transporter activity	3	42.857142857142854	0.030814244730565665	3708, 3710, 3709	7	817	16881	8.855219443958733	0.9601963124325454	0.10520923450175546	29.484035944167765
GOTERM_BP_ALL	GO:0019725~cellular homeostasis	3	42.857142857142854	0.03226791851561559	3708, 3710, 3709	7	833	16792	8.63934145086606	0.9999999875805614	0.15779841141290063	38.07590674631866
GOTERM_BP_ALL	GO:0009791~post-embryonic development	2	28.57142857142857	0.0331257315232681	3708, 2776	7	94	16792	51.03951367781155	0.9999999924080845	0.16031685949626706	38.87312466099182
GOTERM_CC_ALL	GO:0043005~neuron projection	3	42.857142857142854	0.036508250089683905	7431, 2915, 2776	7	966	18224	8.085181898846495	0.9911142102122622	0.16611973901959587	35.034271883045776
GOTERM_BP_ALL	GO:1901698~response to nitrogen compound	3	42.857142857142854	0.03688043995897598	10768, 3709, 2776	7	895	16792	8.040861931364724	0.9999999991239826	0.1756068456082318	42.25139362285114
GOTERM_BP_ALL	GO:1901701~cellular response to oxygen-containing compound	3	42.857142857142854	0.03819004883038972	10768, 3709, 2776	7	912	16792	7.890977443609022	0.9999999995883362	0.17984698262069965	43.38819940433291
GOTERM_BP_ALL	GO:0007200~phospholipase C-activating G-protein coupled receptor signaling pathway	2	28.57142857142857	0.03936342268051008	2915, 2776	7	112	16792	42.83673469387755	0.9999999997909207	0.1834123131147034	44.38900517610733
GOTERM_BP_ALL	GO:0048523~negative regulation of cellular process	5	71.42857142857143	0.040863854017707466	7431, 3708, 3710, 3709, 2776	7	4300	16792	2.7893687707641197	0.9999999999121901	0.18828926324256479	45.6447601747795
GOTERM_MF_ALL	GO:0022891~substrate-specific transmembrane transporter activity	3	42.857142857142854	0.04110340694325266	3708, 3710, 3709	7	954	16881	7.583557951482479	0.9867415460137692	0.13420229650503024	37.403074273797586
GOTERM_BP_ALL	GO:0051592~response to calcium ion	2	28.57142857142857	0.04143518569482678	10768, 3710	7	118	16792	40.658595641646485	0.9999999999369154	0.18917358849233457	46.115941099185065
GOTERM_BP_ALL	GO:0032940~secretion by cell	3	42.857142857142854	0.04247477960842375	3708, 3710, 3709	7	966	16792	7.449866903283052	0.999999999965456	0.19198535806304184	46.963554475727186
GOTERM_CC_ALL	GO:0005737~cytoplasm	7	100.0	0.04269669341697833	7431, 10768, 2915, 3708, 3710, 3709, 2776	7	10775	18224	1.691322505800464	0.9960799284641922	0.18555316402941135	39.71203532159224
GOTERM_CC_ALL	GO:0031090~organelle membrane	4	57.14285714285714	0.04341961112135762	3708, 3710, 3709, 2776	7	2646	18224	3.935644098909405	0.996438548164161	0.18236756783021035	40.23790821696925
GOTERM_MF_ALL	GO:0022857~transmembrane transporter activity	3	42.857142857142854	0.04750003215936961	3708, 3710, 3709	7	1032	16881	7.010382059800664	0.9933458608653168	0.1492985807750148	41.90886531475987
GOTERM_BP_ALL	GO:0009628~response to abiotic stimulus	3	42.857142857142854	0.047707179255101144	3708, 3709, 2776	7	1029	16792	6.993752603082049	0.9999999999983494	0.2117828044702207	51.044330277739846
GOTERM_BP_ALL	GO:0048167~regulation of synaptic plasticity	2	28.57142857142857	0.048999823594955694	2915, 3710	7	140	16792	34.269387755102045	0.9999999999992233	0.2153108164382742	52.00638957528958
GOTERM_BP_ALL	GO:0048878~chemical homeostasis	3	42.857142857142854	0.04941940304805125	3708, 3710, 3709	7	1049	16792	6.8604112760452125	0.999999999999392	0.21532739880086238	52.31485854354321
GOTERM_CC_ALL	GO:0031967~organelle envelope	3	42.857142857142854	0.05026211071273743	3708, 3710, 2776	7	1149	18224	6.797463632972771	0.9985688733613222	0.20215241778578585	45.011795545151934
GOTERM_CC_ALL	GO:0031975~envelope	3	42.857142857142854	0.05066265140861844	3708, 3710, 2776	7	1154	18224	6.768011884129735	0.9986435242835104	0.19755784768641171	45.28013839881889
GOTERM_CC_ALL	GO:0070062~extracellular exosome	4	57.14285714285714	0.050903985164181056	7431, 10768, 2915, 2776	7	2811	18224	3.704629770798394	0.9986866241401157	0.1926816807026862	45.44124207801807
GOTERM_CC_ALL	GO:1903561~extracellular vesicle	4	57.14285714285714	0.0515697043097843	7431, 10768, 2915, 2776	7	2825	18224	3.6862705436156764	0.9987985986659733	0.18952382367303056	45.88340242147332
GOTERM_CC_ALL	GO:0043230~extracellular organelle	4	57.14285714285714	0.051617439426099324	7431, 10768, 2915, 2776	7	2826	18224	3.6849661308260035	0.9988062537159075	0.18450448525202234	45.91498118304636
GOTERM_BP_ALL	GO:0048519~negative regulation of biological process	5	71.42857142857143	0.052537456866868754	7431, 3708, 3710, 3709, 2776	7	4623	16792	2.5944810110936003	0.9999999999999019	0.2258591606057182	54.55000566639725
GOTERM_CC_ALL	GO:0016023~cytoplasmic, membrane-bounded vesicle	3	42.857142857142854	0.053010694026637196	3708, 3710, 3709	7	1183	18224	6.602101195507789	0.9990095684053109	0.18409067509745192	46.82929221599337
GOTERM_BP_ALL	GO:0046903~secretion	3	42.857142857142854	0.053715710408735746	3708, 3710, 3709	7	1098	16792	6.5542544886807175	0.9999999999999508	0.22870524521935265	55.36891636159748
GOTERM_BP_ALL	GO:0006810~transport	5	71.42857142857143	0.0541186014373999	10768, 3708, 3710, 3709, 2776	7	4663	16792	2.572225115652094	0.9999999999999611	0.22855397264537725	55.64576566701831
GOTERM_MF_ALL	GO:0022892~substrate-specific transporter activity	3	42.857142857142854	0.05668921010326354	3708, 3710, 3709	7	1137	16881	6.36298529966076	0.9975484282224097	0.17125648284111106	47.866153722506446
GOTERM_CC_ALL	GO:0099572~postsynaptic specialization	2	28.57142857142857	0.059078673610712916	2915, 3708	7	184	18224	28.29813664596273	0.999562205159717	0.19825491916078963	50.64897162869353
GOTERM_CC_ALL	GO:0014069~postsynaptic density	2	28.57142857142857	0.059078673610712916	2915, 3708	7	184	18224	28.29813664596273	0.999562205159717	0.19825491916078963	50.64897162869353
GOTERM_BP_ALL	GO:0051234~establishment of localization	5	71.42857142857143	0.05934224443229412	10768, 3708, 3710, 3709, 2776	7	4790	16792	2.5040262451535935	0.9999999999999982	0.246433926979314	59.09338723988202
GOTERM_BP_ALL	GO:0050794~regulation of cellular process	7	100.0	0.05936859472253008	7431, 10768, 2915, 3708, 3710, 3709, 2776	7	10489	16792	1.600915244541901	0.9999999999999982	0.24476682073893674	59.11012751259589
GOTERM_CC_ALL	GO:0031410~cytoplasmic vesicle	3	42.857142857142854	0.06151146420804414	3708, 3710, 3709	7	1284	18224	6.082777036048063	0.9996848774944059	0.20065265009689226	52.108640413560295
GOTERM_CC_ALL	GO:0097708~intracellular vesicle	3	42.857142857142854	0.06168473547480582	3708, 3710, 3709	7	1286	18224	6.0733170406576305	0.9996921811229971	0.1963090817673211	52.211082353445825
GOTERM_CC_ALL	GO:0060076~excitatory synapse	2	28.57142857142857	0.06314019840620202	2915, 3708	7	197	18224	26.43074691805656	0.9997472595167392	0.19585651511248103	53.063713307812186
GOTERM_CC_ALL	GO:0044444~cytoplasmic part	6	85.71428571428571	0.06514045975600646	7431, 10768, 3708, 3710, 3709, 2776	7	8090	18224	1.930849373123786	0.9998073414554496	0.19695818317587543	54.212822899122905
GOTERM_CC_ALL	GO:0044446~intracellular organelle part	6	85.71428571428571	0.0703682923290919	7431, 10768, 3708, 3710, 3709, 2776	7	8233	18224	1.8973122104422966	0.9999054878003326	0.20679179710610118	57.095783875500004
GOTERM_MF_ALL	GO:0005215~transporter activity	3	42.857142857142854	0.07487747482851431	3708, 3710, 3709	7	1327	16881	5.451932393153191	0.9996699928811544	0.2156666055129569	58.04858789907401
GOTERM_BP_ALL	GO:0010646~regulation of cell communication	4	57.14285714285714	0.07566470745999065	2915, 3708, 3710, 3709	7	3020	16792	3.1772942289498576	1.0	0.3008789242922717	68.32515258028653
GOTERM_BP_ALL	GO:0050789~regulation of biological process	7	100.0	0.07568153299937905	7431, 10768, 2915, 3708, 3710, 3709, 2776	7	10922	16792	1.5374473539644755	1.0	0.2988990990303323	68.33357618991317
GOTERM_BP_ALL	GO:0007611~learning or memory	2	28.57142857142857	0.07608962713864047	2915, 3710	7	220	16792	21.807792207792208	1.0	0.29827680896331443	68.53724816542871
GOTERM_CC_ALL	GO:0044422~organelle part	6	85.71428571428571	0.07745195119123988	7431, 10768, 3708, 3710, 3709, 2776	7	8415	18224	1.8562770562770563	0.9999642231317719	0.2209752132451498	60.7377382405185
GOTERM_BP_ALL	GO:0050803~regulation of synapse structure or activity	2	28.57142857142857	0.08176254853760653	2915, 3710	7	237	16792	20.24352019288728	1.0	0.3152686550329856	71.24502633602118
GOTERM_CC_ALL	GO:0043229~intracellular organelle	7	100.0	0.08559602794937442	7431, 10768, 2915, 3708, 3710, 3709, 2776	7	12099	18224	1.5062401851392677	0.999988397830752	0.2370623830526859	64.57447395760737
GOTERM_BP_ALL	GO:0050890~cognition	2	28.57142857142857	0.08707522332900551	2915, 3710	7	253	16792	18.963297571993223	1.0	0.33053855815160516	73.58250698941289
GOTERM_BP_ALL	GO:1901700~response to oxygen-containing compound	3	42.857142857142854	0.09017591935778879	10768, 3709, 2776	7	1466	16792	4.9089846033911515	1.0	0.3383310950718763	74.8636638943867
GOTERM_CC_ALL	GO:0043227~membrane-bounded organelle	7	100.0	0.09037372149898984	7431, 10768, 2915, 3708, 3710, 3709, 2776	7	12209	18224	1.4926693422884756	0.99999403513266	0.2440338596357574	66.66259623873385
GOTERM_BP_ALL	GO:0050804~modulation of synaptic transmission	2	28.57142857142857	0.09598227399029606	2915, 3710	7	280	16792	17.134693877551022	1.0	0.3543666171424169	77.10847778872854
GOTERM_BP_ALL	GO:0001666~response to hypoxia	2	28.57142857142857	0.09795175118971235	3708, 3709	7	286	16792	16.775224775224775	1.0	0.3582233906658421	77.82646830026405
