Category	Term	Count	%	PValue	Genes	List Total	Pop Hits	Pop Total	Fold Enrichment	Bonferroni	Benjamini	FDR
GOTERM_BP_ALL	GO:0045333~cellular respiration	18	51.42857142857142	1.6366932545788692E-25	1351, 9377, 3420, 1350, 1340, 4728, 1329, 10891, 1327, 54205, 6392, 6390, 3419, 6391, 1349, 1337, 1345, 3421	35	174	16792	49.63152709359605	2.276640317119207E-22	2.276640317119207E-22	2.6946060280486026E-22
GOTERM_BP_ALL	GO:0006091~generation of precursor metabolites and energy	20	57.14285714285714	4.462473455594077E-23	1351, 9377, 3420, 1350, 1340, 4728, 1329, 10891, 1327, 4899, 5465, 54205, 6392, 3419, 6390, 6391, 1349, 1337, 1345, 3421	35	379	16792	25.317753486618923	6.207300576731362E-20	3.103650288365681E-20	7.346891569211412E-20
GOTERM_BP_ALL	GO:0022904~respiratory electron transport chain	15	42.857142857142854	1.2320506635389673E-22	9377, 1351, 1350, 1340, 4728, 1329, 10891, 1327, 54205, 6392, 6390, 6391, 1349, 1337, 1345	35	109	16792	66.02359108781127	1.7137824729827034E-19	5.712608243275679E-20	2.028413776097348E-19
GOTERM_BP_ALL	GO:0022900~electron transport chain	15	42.857142857142854	1.6116076543296936E-22	9377, 1351, 1350, 1340, 4728, 1329, 10891, 1327, 54205, 6392, 6390, 6391, 1349, 1337, 1345	35	111	16792	64.83397683397683	2.241746247172604E-19	5.60436561793151E-20	2.653305796951824E-19
GOTERM_BP_ALL	GO:0015980~energy derivation by oxidation of organic compounds	18	51.42857142857142	3.715966736120435E-22	1351, 9377, 3420, 1350, 1340, 4728, 1329, 10891, 1327, 54205, 6392, 6390, 3419, 6391, 1349, 1337, 1345, 3421	35	271	16792	31.86673695308381	5.168909729943525E-19	1.033781945988705E-19	6.117863771458285E-19
GOTERM_MF_ALL	GO:0009055~electron carrier activity	15	42.857142857142854	4.1721096951905666E-22	1351, 3420, 9377, 1350, 54205, 1340, 1329, 6392, 6390, 6391, 1349, 1327, 1337, 1347, 1345	35	119	16881	60.795918367346935	8.928314747707813E-20	8.928314747707813E-20	5.287203491951051E-19
GOTERM_BP_ALL	GO:0006123~mitochondrial electron transport, cytochrome c to oxygen	10	28.57142857142857	2.9690025803821656E-20	1351, 9377, 54205, 1350, 1340, 1329, 1349, 1327, 1337, 1345	35	20	16792	239.88571428571427	4.1298825893115927E-17	6.883137648852654E-18	4.88808286342462E-17
GOTERM_CC_ALL	GO:0044429~mitochondrial part	23	65.71428571428571	3.368364820374642E-20	1351, 9377, 3420, 1350, 1340, 4728, 1329, 51106, 1327, 54205, 23408, 6392, 3419, 6390, 6391, 7019, 1349, 1337, 1347, 64216, 1345, 3421, 5442	35	990	18224	12.096738816738815	5.35570006439568E-18	5.35570006439568E-18	4.062903828330263E-17
GOTERM_CC_ALL	GO:0070469~respiratory chain	13	37.142857142857146	1.1084098835689342E-19	1351, 9377, 54205, 1350, 4728, 1329, 6392, 6390, 6391, 1349, 1327, 1337, 1347	35	96	18224	70.50952380952381	1.7623717148746055E-17	8.811858574373028E-18	1.336958138284571E-16
GOTERM_BP_ALL	GO:0042775~mitochondrial ATP synthesis coupled electron transport	13	37.142857142857146	1.4919761193566386E-19	1351, 9377, 54205, 1350, 1340, 4728, 1329, 6392, 6391, 1349, 1327, 1337, 1345	35	91	16792	68.53877551020409	2.0753387820250843E-16	2.964769688607263E-17	2.456347781525747E-16
GOTERM_BP_ALL	GO:0042773~ATP synthesis coupled electron transport	13	37.142857142857146	1.713512373507002E-19	1351, 9377, 54205, 1350, 1340, 4728, 1329, 6392, 6391, 1349, 1327, 1337, 1345	35	92	16792	67.79378881987579	2.38349571154824E-16	2.9793696394353E-17	2.8210788783240143E-16
GOTERM_CC_ALL	GO:0005739~mitochondrion	26	74.28571428571429	3.292679993400697E-19	1351, 3420, 1350, 823, 10891, 51106, 6392, 23408, 3419, 6390, 6391, 7019, 1349, 1347, 64216, 1345, 5442, 9377, 1340, 4728, 1329, 1327, 835, 54205, 1337, 3421	35	1700	18224	7.9634285714285715	5.235361189507108E-17	1.7451203965023694E-17	3.9716131903925497E-16
GOTERM_BP_ALL	GO:0006119~oxidative phosphorylation	13	37.142857142857146	1.2894770704628117E-18	1351, 9377, 54205, 1350, 1340, 4728, 1329, 6392, 6391, 1349, 1327, 1337, 1345	35	108	16792	57.75026455026455	1.793662605013771E-15	1.992958450015301E-16	2.1229590073636547E-15
GOTERM_MF_ALL	GO:0015002~heme-copper terminal oxidase activity	10	28.57142857142857	2.3762001098552098E-18	1351, 9377, 1350, 1340, 1329, 1349, 1327, 1337, 1347, 1345	35	30	16881	160.77142857142857	5.085068235090149E-16	2.5425341175450743E-16	3.0112951087751983E-15
GOTERM_MF_ALL	GO:0016676~oxidoreductase activity, acting on a heme group of donors, oxygen as acceptor	10	28.57142857142857	2.3762001098552098E-18	1351, 9377, 1350, 1340, 1329, 1349, 1327, 1337, 1347, 1345	35	30	16881	160.77142857142857	5.085068235090149E-16	2.5425341175450743E-16	3.0112951087751983E-15
GOTERM_MF_ALL	GO:0004129~cytochrome-c oxidase activity	10	28.57142857142857	2.3762001098552098E-18	1351, 9377, 1350, 1340, 1329, 1349, 1327, 1337, 1347, 1345	35	30	16881	160.77142857142857	5.085068235090149E-16	2.5425341175450743E-16	3.0112951087751983E-15
GOTERM_MF_ALL	GO:0016675~oxidoreductase activity, acting on a heme group of donors	10	28.57142857142857	3.3433144902904207E-18	1351, 9377, 1350, 1340, 1329, 1349, 1327, 1337, 1347, 1345	35	31	16881	155.58525345622118	7.1546930092215E-16	2.3848976697405E-16	4.236893403864984E-15
GOTERM_CC_ALL	GO:0005746~mitochondrial respiratory chain	12	34.285714285714285	4.516340548049346E-18	1351, 9377, 1350, 4728, 1329, 6392, 6390, 6391, 1349, 1327, 1337, 1347	35	88	18224	71.0025974025974	7.18098147139846E-16	1.795245367849615E-16	5.4475860784794664E-15
GOTERM_BP_ALL	GO:0046034~ATP metabolic process	15	42.857142857142854	1.2819398237152712E-17	9377, 1351, 1350, 1340, 4728, 1329, 10891, 1327, 5465, 54205, 6392, 6391, 1349, 1337, 1345	35	243	16792	29.615520282186946	1.7831782947879423E-14	1.783178294787942E-15	2.110549894987837E-14
GOTERM_BP_ALL	GO:0009205~purine ribonucleoside triphosphate metabolic process	15	42.857142857142854	4.820389292618503E-17	9377, 1351, 1350, 1340, 4728, 1329, 10891, 1327, 5465, 54205, 6392, 6391, 1349, 1337, 1345	35	267	16792	26.95345104333868	6.705161506032338E-14	6.095601369120307E-15	7.936154199384734E-14
GOTERM_BP_ALL	GO:0009199~ribonucleoside triphosphate metabolic process	15	42.857142857142854	6.58280852311013E-17	9377, 1351, 1350, 1340, 4728, 1329, 10891, 1327, 5465, 54205, 6392, 6391, 1349, 1337, 1345	35	273	16792	26.361067503924648	1.5443202272535927E-13	1.2878587085651816E-14	1.7763568394002505E-13
GOTERM_BP_ALL	GO:0009144~purine nucleoside triphosphate metabolic process	15	42.857142857142854	6.928868305895806E-17	9377, 1351, 1350, 1340, 4728, 1329, 10891, 1327, 5465, 54205, 6392, 6391, 1349, 1337, 1345	35	274	16792	26.26485922836288	1.5443202272535927E-13	1.1879386363489175E-14	1.7763568394002505E-13
GOTERM_BP_ALL	GO:0009167~purine ribonucleoside monophosphate metabolic process	15	42.857142857142854	1.2021150375783616E-16	9377, 1351, 1350, 1340, 4728, 1329, 10891, 1327, 5465, 54205, 6392, 6391, 1349, 1337, 1345	35	285	16792	25.251127819548874	1.5443202272535927E-13	1.099120794378905E-14	1.7763568394002505E-13
GOTERM_BP_ALL	GO:0009126~purine nucleoside monophosphate metabolic process	15	42.857142857142854	1.2624571479095015E-16	9377, 1351, 1350, 1340, 4728, 1329, 10891, 1327, 5465, 54205, 6392, 6391, 1349, 1337, 1345	35	286	16792	25.162837162837164	1.5443202272535927E-13	1.0325074129013956E-14	1.7763568394002505E-13
GOTERM_BP_ALL	GO:0009141~nucleoside triphosphate metabolic process	15	42.857142857142854	2.1388012781753696E-16	9377, 1351, 1350, 1340, 4728, 1329, 10891, 1327, 5465, 54205, 6392, 6391, 1349, 1337, 1345	35	297	16792	24.23088023088023	3.0886404545071855E-13	1.9317880628477724E-14	3.6637359812630166E-13
GOTERM_BP_ALL	GO:0009161~ribonucleoside monophosphate metabolic process	15	42.857142857142854	2.1388012781753696E-16	9377, 1351, 1350, 1340, 4728, 1329, 10891, 1327, 5465, 54205, 6392, 6391, 1349, 1337, 1345	35	297	16792	24.23088023088023	3.0886404545071855E-13	1.9317880628477724E-14	3.6637359812630166E-13
GOTERM_CC_ALL	GO:0098803~respiratory chain complex	11	31.428571428571427	2.2964231293748337E-16	1351, 9377, 1350, 4728, 1329, 6392, 6390, 6391, 1349, 1327, 1337	35	82	18224	69.84808362369338	3.530509218307998E-14	7.105427357601002E-15	2.6645352591003757E-13
GOTERM_BP_ALL	GO:0009123~nucleoside monophosphate metabolic process	15	42.857142857142854	4.064618824560335E-16	9377, 1351, 1350, 1340, 4728, 1329, 10891, 1327, 5465, 54205, 6392, 6391, 1349, 1337, 1345	35	311	16792	23.14010105649977	6.177280909014371E-13	3.630429290524262E-14	7.327471962526033E-13
GOTERM_BP_ALL	GO:0046128~purine ribonucleoside metabolic process	15	42.857142857142854	2.7621114791045198E-15	9377, 1351, 1350, 1340, 4728, 1329, 10891, 1327, 5465, 54205, 6392, 6391, 1349, 1337, 1345	35	356	16792	20.215088282504013	3.860800568133982E-12	2.1449508835758024E-13	4.574118861455645E-12
GOTERM_BP_ALL	GO:0042278~purine nucleoside metabolic process	15	42.857142857142854	3.0882490101580935E-15	9377, 1351, 1350, 1340, 4728, 1329, 10891, 1327, 5465, 54205, 6392, 6391, 1349, 1337, 1345	35	359	16792	20.04615996816554	4.32409663631006E-12	2.275957200481571E-13	5.118128143521972E-12
GOTERM_CC_ALL	GO:0005743~mitochondrial inner membrane	16	45.714285714285715	3.4088988484294687E-15	9377, 1351, 1350, 1340, 4728, 1329, 1327, 54205, 6392, 23408, 6390, 6391, 1349, 1337, 1347, 1345	35	499	18224	16.69533352419124	5.472289288377397E-13	9.126033262418787E-14	4.1522341120980855E-12
GOTERM_BP_ALL	GO:0009119~ribonucleoside metabolic process	15	42.857142857142854	8.034684924388776E-15	9377, 1351, 1350, 1340, 4728, 1329, 10891, 1327, 5465, 54205, 6392, 6391, 1349, 1337, 1345	35	385	16792	18.692393320964747	1.1119105636225868E-11	5.559996907322784E-13	1.3156142841808105E-11
GOTERM_CC_ALL	GO:0019866~organelle inner membrane	16	45.714285714285715	1.715494548496321E-14	9377, 1351, 1350, 1340, 4728, 1329, 1327, 54205, 6392, 23408, 6390, 6391, 1349, 1337, 1347, 1345	35	557	18224	14.956860733521415	2.7361446441886983E-12	3.909095269705176E-13	2.0761170560490427E-11
GOTERM_BP_ALL	GO:0009116~nucleoside metabolic process	15	42.857142857142854	2.1174191224559117E-14	9377, 1351, 1350, 1340, 4728, 1329, 10891, 1327, 5465, 54205, 6392, 6391, 1349, 1337, 1345	35	413	16792	17.425112417848492	2.949651634054362E-11	1.4045431484532855E-12	3.491651412446117E-11
GOTERM_BP_ALL	GO:1901657~glycosyl compound metabolic process	15	42.857142857142854	4.320102577010181E-14	9377, 1351, 1350, 1340, 4728, 1329, 10891, 1327, 5465, 54205, 6392, 6391, 1349, 1337, 1345	35	435	16792	16.54384236453202	6.007405684016476E-11	2.7305935290655725E-12	7.109868249699502E-11
GOTERM_BP_ALL	GO:0055114~oxidation-reduction process	19	54.285714285714285	5.056836191556839E-14	1351, 9377, 3420, 1350, 1340, 4728, 1329, 10891, 1327, 5465, 54205, 6392, 3419, 6390, 6391, 1349, 1337, 1345, 3421	35	983	16792	9.273303298939107	7.026657034003847E-11	3.0551117191635058E-12	8.316680677467048E-11
GOTERM_CC_ALL	GO:0044455~mitochondrial membrane part	12	34.285714285714285	5.4062904739094485E-14	1351, 9377, 1350, 4728, 1329, 6392, 6390, 6391, 1349, 1327, 1337, 1347	35	202	18224	30.931824611032532	8.596789946579975E-12	1.074584865534689E-12	6.52145004664817E-11
GOTERM_MF_ALL	GO:0016491~oxidoreductase activity	17	48.57142857142857	2.367092583226911E-13	1351, 9377, 3420, 1350, 1340, 4728, 1329, 1327, 6392, 6390, 3419, 6391, 1349, 1337, 1347, 1345, 3421	35	757	16881	10.831364408378938	5.065370345391784E-11	1.266342586347946E-11	2.999600567932248E-10
GOTERM_CC_ALL	GO:0045277~respiratory chain complex IV	7	20.0	3.2269817763260836E-13	1351, 9377, 1350, 1329, 1349, 1327, 1337	35	17	18224	214.4	5.131595148810675E-11	5.7017723875674164E-12	3.892886013545649E-10
GOTERM_CC_ALL	GO:0031966~mitochondrial membrane	16	45.714285714285715	3.936538601853758E-13	9377, 1351, 1350, 1340, 4728, 1329, 1327, 54205, 6392, 23408, 6390, 6391, 1349, 1337, 1347, 1345	35	691	18224	12.05639859416994	6.25959284406008E-11	6.259548435139095E-12	4.74864592092672E-10
GOTERM_BP_ALL	GO:0009150~purine ribonucleotide metabolic process	15	42.857142857142854	4.944436900544504E-13	9377, 1351, 1350, 1340, 4728, 1329, 10891, 1327, 5465, 54205, 6392, 6391, 1349, 1337, 1345	35	520	16792	13.83956043956044	6.878402292187502E-10	2.8659963291488566E-11	8.14115441727381E-10
GOTERM_BP_ALL	GO:0009259~ribonucleotide metabolic process	15	42.857142857142854	7.273634801234735E-13	9377, 1351, 1350, 1340, 4728, 1329, 10891, 1327, 5465, 54205, 6392, 6391, 1349, 1337, 1345	35	535	16792	13.451535380507343	1.011838612896554E-9	4.047351342961747E-11	1.1975975766631564E-9
GOTERM_BP_ALL	GO:0009117~nucleotide metabolic process	16	45.714285714285715	7.617086552163758E-13	1351, 9377, 3420, 1350, 1340, 4728, 1329, 10891, 1327, 5465, 54205, 6392, 6391, 1349, 1337, 1345	35	667	16792	11.508759905761405	1.05955810791869E-9	4.0752290431100846E-11	1.2540857241560843E-9
GOTERM_MF_ALL	GO:0015078~hydrogen ion transmembrane transporter activity	10	28.57142857142857	8.900803269724832E-13	1351, 9377, 1350, 1340, 1329, 1349, 1327, 1337, 1347, 1345	35	113	16881	42.6826801517067	1.9047408095218543E-10	3.809486059935807E-11	1.1279532863284203E-9
GOTERM_CC_ALL	GO:0005740~mitochondrial envelope	16	45.714285714285715	9.042904412276337E-13	9377, 1351, 1350, 1340, 4728, 1329, 1327, 54205, 6392, 23408, 6390, 6391, 1349, 1337, 1347, 1345	35	732	18224	11.381108508977361	1.437799879155932E-10	1.3070877713516893E-11	1.090738610542985E-9
GOTERM_BP_ALL	GO:0006753~nucleoside phosphate metabolic process	16	45.714285714285715	9.045537687613048E-13	1351, 9377, 3420, 1350, 1340, 4728, 1329, 10891, 1327, 5465, 54205, 6392, 6391, 1349, 1337, 1345	35	675	16792	11.372359788359788	1.258157689143502E-9	4.659839181186953E-11	1.4891421429297225E-9
GOTERM_BP_ALL	GO:1902600~hydrogen ion transmembrane transport	10	28.57142857142857	9.328099519103568E-13	1351, 9377, 1350, 1340, 1329, 1349, 1327, 1337, 1347, 1345	35	113	16792	42.45764854614412	1.2975378549384686E-9	4.634059802555157E-11	1.5357493055034865E-9
GOTERM_BP_ALL	GO:0006163~purine nucleotide metabolic process	15	42.857142857142854	9.82473081397546E-13	9377, 1351, 1350, 1340, 4728, 1329, 10891, 1327, 5465, 54205, 6392, 6391, 1349, 1337, 1345	35	547	16792	13.156437712196395	1.3665689690967042E-9	4.712308321330738E-11	1.6174506178856518E-9
GOTERM_BP_ALL	GO:0019693~ribose phosphate metabolic process	15	42.857142857142854	1.0322365406605677E-12	9377, 1351, 1350, 1340, 4728, 1329, 10891, 1327, 5465, 54205, 6392, 6391, 1349, 1337, 1345	35	549	16792	13.108508977361435	1.4359089473003905E-9	4.786360197073236E-11	1.6995294060961896E-9
GOTERM_BP_ALL	GO:0072521~purine-containing compound metabolic process	15	42.857142857142854	1.9296298797623583E-12	9377, 1351, 1350, 1340, 4728, 1329, 10891, 1327, 5465, 54205, 6392, 6391, 1349, 1337, 1345	35	575	16792	12.515776397515527	2.6841829869894696E-9	8.658651573512088E-11	3.176969798346363E-9
GOTERM_CC_ALL	GO:0098800~inner mitochondrial membrane protein complex	10	28.57142857142857	2.0074330498487017E-12	1351, 9377, 1350, 4728, 1329, 6392, 6390, 6391, 1327, 1337	35	133	18224	39.149301825993554	3.1917568588113454E-10	2.6597946067852263E-11	2.4213075988654964E-9
GOTERM_BP_ALL	GO:0055086~nucleobase-containing small molecule metabolic process	16	45.714285714285715	2.6823063119560435E-12	1351, 9377, 3420, 1350, 1340, 4728, 1329, 10891, 1327, 5465, 54205, 6392, 6391, 1349, 1337, 1345	35	728	16792	10.54442700156986	3.73107766904468E-9	1.1659617715764625E-10	4.416056409439761E-9
GOTERM_BP_ALL	GO:0044281~small molecule metabolic process	22	62.857142857142854	4.347299228888316E-12	1351, 3420, 9377, 1350, 1340, 4728, 1329, 10891, 5629, 1327, 2648, 5465, 54205, 23408, 6392, 3419, 6390, 6391, 1349, 1337, 1345, 3421	35	1951	16792	5.410031485684997	6.047094713856893E-9	1.8324530781654857E-10	7.157274772850997E-9
GOTERM_BP_ALL	GO:0015992~proton transport	10	28.57142857142857	1.4747364583686284E-11	1351, 9377, 1350, 1340, 1329, 1349, 1327, 1337, 1347, 1345	35	153	16792	31.357609710550886	2.0513514220610318E-8	6.033387123238754E-10	2.4279567245599765E-8
GOTERM_BP_ALL	GO:0006818~hydrogen transport	10	28.57142857142857	1.6583368226702138E-11	1351, 9377, 1350, 1340, 1329, 1349, 1327, 1337, 1347, 1345	35	155	16792	30.952995391705066	2.306751101244231E-8	6.590717971377558E-10	2.7302449190358402E-8
GOTERM_CC_ALL	GO:0098798~mitochondrial protein complex	10	28.57142857142857	1.668508158519184E-11	1351, 9377, 1350, 4728, 1329, 6392, 6390, 6391, 1327, 1337	35	168	18224	30.993197278911563	2.6529305419131788E-9	2.0407153744628204E-10	2.0125479061050555E-8
GOTERM_CC_ALL	GO:0005751~mitochondrial respiratory chain complex IV	6	17.142857142857142	2.1164694292620302E-11	1351, 9377, 1350, 1329, 1327, 1337	35	13	18224	240.31648351648354	3.365193124160726E-9	2.403709453702163E-10	2.552879019290799E-8
GOTERM_CC_ALL	GO:0070069~cytochrome complex	7	20.0	2.8276665307667918E-11	1351, 9377, 1350, 1329, 1349, 1327, 1337	35	33	18224	110.44848484848485	4.495997574238686E-9	2.997331272069914E-10	3.410722815289091E-8
GOTERM_CC_ALL	GO:0031967~organelle envelope	16	45.714285714285715	5.381292947987282E-10	9377, 1351, 1350, 1340, 4728, 1329, 1327, 54205, 6392, 23408, 6390, 6391, 1349, 1337, 1347, 1345	35	1149	18224	7.250627875170956	8.556255803870982E-8	5.347660092525075E-9	6.490887383137078E-7
GOTERM_CC_ALL	GO:0031975~envelope	16	45.714285714285715	5.716110467701146E-10	9377, 1351, 1350, 1340, 4728, 1329, 1327, 54205, 6392, 23408, 6390, 6391, 1349, 1337, 1347, 1345	35	1154	18224	7.219212676405051	9.088615948726897E-8	5.346244891235585E-9	6.89474277670854E-7
GOTERM_BP_ALL	GO:0019637~organophosphate metabolic process	16	45.714285714285715	1.0057580532323454E-9	1351, 9377, 3420, 1350, 1340, 4728, 1329, 10891, 1327, 5465, 54205, 6392, 6391, 1349, 1337, 1345	35	1108	16792	6.928107271789583	1.3990084452020213E-6	3.886137212028018E-8	1.6558519000398064E-6
GOTERM_BP_ALL	GO:0009060~aerobic respiration	7	20.0	2.4528657853968785E-9	3420, 6392, 6390, 3419, 6391, 1337, 3421	35	62	16792	54.167741935483875	3.4119305104551856E-6	9.221449115415226E-8	4.038329615152492E-6
GOTERM_BP_ALL	GO:0006099~tricarboxylic acid cycle	6	17.142857142857142	2.8708243281519737E-9	3420, 6392, 6390, 3419, 6391, 3421	35	29	16792	99.26305418719213	3.993308711702781E-6	1.0508727565916587E-7	4.726444868818902E-6
GOTERM_BP_ALL	GO:1901135~carbohydrate derivative metabolic process	16	45.714285714285715	5.1147009920125865E-9	1351, 9377, 1350, 1340, 4728, 1329, 10891, 1327, 5465, 54205, 6392, 23408, 6391, 1349, 1337, 1345	35	1247	16792	6.1558483216863324	7.114523795426209E-6	1.8242431931714265E-7	8.420700425837424E-6
GOTERM_MF_ALL	GO:0015077~monovalent inorganic cation transmembrane transporter activity	10	28.57142857142857	2.283904268191348E-8	1351, 9377, 1350, 1340, 1329, 1349, 1327, 1337, 1347, 1345	35	353	16881	13.663294212869284	4.887543240350567E-6	8.145921989166638E-7	2.8943306584761075E-5
GOTERM_CC_ALL	GO:0043231~intracellular membrane-bounded organelle	35	100.0	3.833978216717441E-8	824, 3420, 1351, 1350, 823, 10891, 51106, 4899, 155061, 2648, 5465, 23408, 6392, 3419, 6390, 6391, 7019, 1349, 2101, 1347, 64216, 1345, 5442, 9377, 2551, 7528, 1340, 4728, 1329, 5629, 1327, 835, 54205, 1337, 3421	35	11035	18224	1.6514725872224738	6.09600689427392E-6	3.386680246242335E-7	4.624523258778268E-5
GOTERM_BP_ALL	GO:0006139~nucleobase-containing compound metabolic process	28	80.0	1.0320125181091842E-7	1351, 3420, 1350, 10891, 51106, 4899, 155061, 2648, 5465, 6392, 23408, 6391, 7019, 1349, 2101, 64216, 1345, 5442, 9377, 2551, 7528, 1340, 4728, 1329, 5629, 1327, 54205, 1337	35	5794	16792	2.318536416983086	1.4354264538318784E-4	3.588817275579359E-6	1.6990752080836558E-4
GOTERM_BP_ALL	GO:0046483~heterocycle metabolic process	28	80.0	1.705469381472551E-7	1351, 3420, 1350, 10891, 51106, 4899, 155061, 2648, 5465, 6392, 23408, 6391, 7019, 1349, 2101, 64216, 1345, 5442, 9377, 2551, 7528, 1340, 4728, 1329, 5629, 1327, 54205, 1337	35	5919	16792	2.269572562932928	2.372026741609412E-4	5.786100605975619E-6	2.8078334182168874E-4
GOTERM_CC_ALL	GO:0044446~intracellular organelle part	31	88.57142857142857	2.0268750702740703E-7	824, 1351, 3420, 1350, 10891, 51106, 4899, 2648, 5465, 23408, 6392, 3419, 6390, 6391, 7019, 1349, 2101, 1347, 64216, 1345, 5442, 9377, 2551, 7528, 1340, 4728, 1329, 1327, 54205, 1337, 3421	35	8233	18224	1.9605559507903731	3.222679758474456E-5	1.696173134058121E-6	2.4448032468482594E-4
GOTERM_BP_ALL	GO:0006725~cellular aromatic compound metabolic process	28	80.0	2.0450554199165434E-7	1351, 3420, 1350, 10891, 51106, 4899, 155061, 2648, 5465, 6392, 23408, 6391, 7019, 1349, 2101, 64216, 1345, 5442, 9377, 2551, 7528, 1340, 4728, 1329, 5629, 1327, 54205, 1337	35	5965	16792	2.252070410729254	2.844267809650747E-4	6.773006537730275E-6	3.3669167586181104E-4
GOTERM_BP_ALL	GO:0015672~monovalent inorganic cation transport	10	28.57142857142857	3.643721290049022E-7	1351, 9377, 1350, 1340, 1329, 1349, 1327, 1337, 1347, 1345	35	486	16792	9.871840094062316	5.067133012439662E-4	1.178694736625463E-5	5.998903988113646E-4
GOTERM_CC_ALL	GO:0044422~organelle part	31	88.57142857142857	3.6496058338786057E-7	824, 1351, 3420, 1350, 10891, 51106, 4899, 2648, 5465, 23408, 6392, 3419, 6390, 6391, 7019, 1349, 2101, 1347, 64216, 1345, 5442, 9377, 2551, 7528, 1340, 4728, 1329, 1327, 54205, 1337, 3421	35	8415	18224	1.9181529581529582	5.8027059718135376E-5	2.9014329584464704E-6	4.4021263654325793E-4
GOTERM_BP_ALL	GO:0007005~mitochondrion organization	11	31.428571428571427	4.154162591363588E-7	54205, 2551, 4728, 10891, 7019, 51106, 2101, 4899, 64216, 5442, 2648	35	653	16792	8.081907678844892	5.776772167576105E-4	1.3132735049659061E-5	6.839275212944251E-4
GOTERM_BP_ALL	GO:1901360~organic cyclic compound metabolic process	28	80.0	4.1569351881735936E-7	1351, 3420, 1350, 10891, 51106, 4899, 155061, 2648, 5465, 6392, 23408, 6391, 7019, 1349, 2101, 64216, 1345, 5442, 9377, 2551, 7528, 1340, 4728, 1329, 5629, 1327, 54205, 1337	35	6149	16792	2.1846804358432266	5.780626622383656E-4	1.2849468664311026E-5	6.843839909120852E-4
GOTERM_MF_ALL	GO:0022890~inorganic cation transmembrane transporter activity	10	28.57142857142857	5.952688091847323E-7	1351, 9377, 1350, 1340, 1329, 1349, 1327, 1337, 1347, 1345	35	518	16881	9.311086596800882	1.2737944961849212E-4	1.8198057708973536E-5	7.543656859176906E-4
GOTERM_CC_ALL	GO:0005759~mitochondrial matrix	9	25.71428571428571	8.737227778210567E-7	3420, 4728, 23408, 3419, 7019, 51106, 64216, 3421, 5442	35	425	18224	11.026285714285713	1.3891233314722307E-4	6.615310611968184E-6	0.0010538746998522974
GOTERM_CC_ALL	GO:0043229~intracellular organelle	35	100.0	8.806792667773246E-7	824, 3420, 1351, 1350, 823, 10891, 51106, 4899, 155061, 2648, 5465, 23408, 6392, 3419, 6390, 6391, 7019, 1349, 2101, 1347, 64216, 1345, 5442, 9377, 2551, 7528, 1340, 4728, 1329, 5629, 1327, 835, 54205, 1337, 3421	35	12099	18224	1.5062401851392677	1.400182615988177E-4	6.364891792620675E-6	0.0010622654985859015
GOTERM_BP_ALL	GO:0044237~cellular metabolic process	34	97.14285714285714	9.88079763025199E-7	824, 3420, 1351, 1350, 823, 10891, 51106, 4899, 155061, 2648, 5465, 23408, 6392, 3419, 6390, 6391, 7019, 1349, 2101, 64216, 1345, 5442, 9377, 2551, 7528, 1340, 4728, 1329, 5629, 1327, 835, 54205, 1337, 3421	35	10202	16792	1.5989245806144454	0.0013734755472762927	2.987824123135141E-5	0.0016267344767673109
GOTERM_BP_ALL	GO:0044238~primary metabolic process	34	97.14285714285714	1.1216242717842969E-6	824, 3420, 1351, 1350, 823, 10891, 51106, 4899, 155061, 2648, 5465, 23408, 6392, 3419, 6390, 6391, 7019, 1349, 2101, 64216, 1345, 5442, 9377, 2551, 7528, 1340, 4728, 1329, 5629, 1327, 835, 54205, 1337, 3421	35	10243	16792	1.592524511513089	0.0015589637885558005	3.3194773233491404E-5	0.001846594837029425
GOTERM_CC_ALL	GO:0043227~membrane-bounded organelle	35	100.0	1.1985068345946432E-6	824, 3420, 1351, 1350, 823, 10891, 51106, 4899, 155061, 2648, 5465, 23408, 6392, 3419, 6390, 6391, 7019, 1349, 2101, 1347, 64216, 1345, 5442, 9377, 2551, 7528, 1340, 4728, 1329, 5629, 1327, 835, 54205, 1337, 3421	35	12209	18224	1.4926693422884756	1.9054454497136053E-4	8.285300498012127E-6	0.001445623021034681
GOTERM_BP_ALL	GO:0034641~cellular nitrogen compound metabolic process	28	80.0	1.5246168031834259E-6	1351, 3420, 1350, 10891, 51106, 4899, 155061, 2648, 5465, 6392, 23408, 6391, 7019, 1349, 2101, 64216, 1345, 5442, 9377, 2551, 7528, 1340, 4728, 1329, 5629, 1327, 54205, 1337	35	6505	16792	2.065119139123751	0.0021184964019911323	4.418118210425259E-5	0.00251005690199424
GOTERM_MF_ALL	GO:0008324~cation transmembrane transporter activity	10	28.57142857142857	2.5047145866974644E-6	1351, 9377, 1350, 1340, 1329, 1349, 1327, 1337, 1347, 1345	35	616	16881	7.82977736549165	5.358659653588171E-4	6.699895457451532E-5	0.003174111681525371
GOTERM_BP_ALL	GO:0098662~inorganic cation transmembrane transport	10	28.57142857142857	3.3548424868278928E-6	1351, 9377, 1350, 1340, 1329, 1349, 1327, 1337, 1347, 1345	35	635	16792	7.555455568053993	0.00465572209623466	9.523207181194593E-5	0.005523175632971
GOTERM_BP_ALL	GO:0044710~single-organism metabolic process	22	62.857142857142854	3.4623129065900778E-6	1351, 3420, 9377, 1350, 1340, 4728, 1329, 10891, 5629, 1327, 2648, 5465, 54205, 23408, 6392, 3419, 6390, 6391, 1349, 1337, 1345, 3421	35	4063	16792	2.5978270806230443	0.004804506845807355	9.631707302248937E-5	0.005700102602301804
GOTERM_MF_ALL	GO:0000982~transcription factor activity, RNA polymerase II core promoter proximal region sequence-specific binding	8	22.857142857142858	4.511690831212927E-6	5465, 2551, 7528, 5629, 7019, 2101, 4899, 155061	35	343	16881	11.249312786339026	9.650380668886349E-4	1.0727246988828654E-4	0.005717395069582132
GOTERM_BP_ALL	GO:0071704~organic substance metabolic process	34	97.14285714285714	4.531298340828425E-6	824, 3420, 1351, 1350, 823, 10891, 51106, 4899, 155061, 2648, 5465, 23408, 6392, 3419, 6390, 6391, 7019, 1349, 2101, 64216, 1345, 5442, 9377, 2551, 7528, 1340, 4728, 1329, 5629, 1327, 835, 54205, 1337, 3421	35	10707	16792	1.5235106539113263	0.006283227720688345	1.2358158419978338E-4	0.007459941571441586
GOTERM_BP_ALL	GO:0006807~nitrogen compound metabolic process	28	80.0	6.795301239508383E-6	1351, 3420, 1350, 10891, 51106, 4899, 155061, 2648, 5465, 6392, 23408, 6391, 7019, 1349, 2101, 64216, 1345, 5442, 9377, 2551, 7528, 1340, 4728, 1329, 5629, 1327, 54205, 1337	35	6948	16792	1.9334484743811169	0.009407763610602027	1.817584057036692E-4	0.011187006248547515
GOTERM_MF_ALL	GO:0003824~catalytic activity	26	74.28571428571429	7.55640991424645E-6	824, 1351, 3420, 1350, 823, 51106, 2648, 6392, 23408, 3419, 6390, 6391, 1349, 1347, 64216, 1345, 5442, 9377, 1340, 4728, 1329, 1327, 835, 54205, 1337, 3421	35	6018	16881	2.0837772397094434	0.0016157710654244317	1.616947091316323E-4	0.009575614707357794
GOTERM_BP_ALL	GO:0098655~cation transmembrane transport	10	28.57142857142857	7.67433092978271E-6	1351, 9377, 1350, 1340, 1329, 1349, 1327, 1337, 1347, 1345	35	703	16792	6.8246291404186135	0.010618259304156386	2.0139547730568808E-4	0.012634054260052263
GOTERM_BP_ALL	GO:1901564~organonitrogen compound metabolic process	16	45.714285714285715	9.829571739891644E-6	1351, 9377, 3420, 1350, 1340, 4728, 1329, 10891, 1327, 5465, 54205, 6392, 6391, 1349, 1337, 1345	35	2221	16792	3.4562552260886346	0.013579950583146094	2.5317167794025597E-4	0.016181902297829343
GOTERM_BP_ALL	GO:0098660~inorganic ion transmembrane transport	10	28.57142857142857	9.839768303729934E-6	1351, 9377, 1350, 1340, 1329, 1349, 1327, 1337, 1347, 1345	35	725	16792	6.617536945812807	0.013593941431643275	2.4882694743766365E-4	0.016198687082646934
GOTERM_BP_ALL	GO:0016310~phosphorylation	16	45.714285714285715	1.0277195794935398E-5	1351, 9377, 1350, 1340, 4728, 1329, 10891, 5629, 1327, 5465, 54205, 6392, 6391, 1349, 1337, 1345	35	2229	16792	3.44385054156252	0.0141939551540895	2.552469334303753E-4	0.01691874346995137
GOTERM_MF_ALL	GO:0004449~isocitrate dehydrogenase (NAD+) activity	3	8.571428571428571	1.1797615787826989E-5	3420, 3419, 3421	35	3	16881	482.3142857142857	0.0025215202849793172	2.2949226910840004E-4	0.014949774859063236
GOTERM_BP_ALL	GO:0006391~transcription initiation from mitochondrial promoter	3	8.571428571428571	1.1922929062970732E-5	7019, 64216, 5442	35	3	16792	479.7714285714286	0.016448121016999995	2.909207129039304E-4	0.01962776768169583
GOTERM_BP_ALL	GO:0008152~metabolic process	34	97.14285714285714	1.307064923599197E-5	824, 3420, 1351, 1350, 823, 10891, 51106, 4899, 155061, 2648, 5465, 23408, 6392, 3419, 6390, 6391, 7019, 1349, 2101, 64216, 1345, 5442, 9377, 2551, 7528, 1340, 4728, 1329, 5629, 1327, 835, 54205, 1337, 3421	35	11075	16792	1.4728874556594647	0.01801710754900998	3.134231469890114E-4	0.021516976973978696
GOTERM_BP_ALL	GO:0034220~ion transmembrane transport	11	31.428571428571427	1.3615908226632027E-5	1351, 9377, 1350, 1340, 1329, 10891, 1349, 1327, 1337, 1347, 1345	35	963	16792	5.48025515502151	0.01876162519215907	3.2096301060779986E-4	0.022414490925659614
GOTERM_CC_ALL	GO:0043226~organelle	35	100.0	1.5167708731169691E-5	824, 3420, 1351, 1350, 823, 10891, 51106, 4899, 155061, 2648, 5465, 23408, 6392, 3419, 6390, 6391, 7019, 1349, 2101, 1347, 64216, 1345, 5442, 9377, 2551, 7528, 1340, 4728, 1329, 5629, 1327, 835, 54205, 1337, 3421	35	13154	18224	1.3854340884901932	0.0024087782047705897	1.0048178379118422E-4	0.018293675290059763
GOTERM_CC_ALL	GO:0098796~membrane protein complex	11	31.428571428571427	1.7312299689819808E-5	1351, 9377, 1350, 4728, 1329, 6392, 6390, 6391, 1349, 1327, 1337	35	1074	18224	5.33290768821495	0.0027488943300973956	1.1010111756126761E-4	0.020880004890444503
GOTERM_CC_ALL	GO:0045281~succinate dehydrogenase complex	3	8.571428571428571	2.0223815111401802E-5	6392, 6390, 6391	35	4	18224	390.51428571428573	0.003210454552941333	1.236700106512778E-4	0.02439113035898055
GOTERM_CC_ALL	GO:0005749~mitochondrial respiratory chain complex II, succinate dehydrogenase complex (ubiquinone)	3	8.571428571428571	2.0223815111401802E-5	6392, 6390, 6391	35	4	18224	390.51428571428573	0.003210454552941333	1.236700106512778E-4	0.02439113035898055
GOTERM_CC_ALL	GO:0045257~succinate dehydrogenase complex (ubiquinone)	3	8.571428571428571	2.0223815111401802E-5	6392, 6390, 6391	35	4	18224	390.51428571428573	0.003210454552941333	1.236700106512778E-4	0.02439113035898055
GOTERM_CC_ALL	GO:0045273~respiratory chain complex II	3	8.571428571428571	2.0223815111401802E-5	6392, 6390, 6391	35	4	18224	390.51428571428573	0.003210454552941333	1.236700106512778E-4	0.02439113035898055
GOTERM_CC_ALL	GO:0045283~fumarate reductase complex	3	8.571428571428571	2.0223815111401802E-5	6392, 6390, 6391	35	4	18224	390.51428571428573	0.003210454552941333	1.236700106512778E-4	0.02439113035898055
GOTERM_MF_ALL	GO:0000104~succinate dehydrogenase activity	3	8.571428571428571	2.3565413003804718E-5	6392, 6390, 6391	35	4	16881	361.73571428571427	0.005030362937202715	4.2016652230758567E-4	0.02985971321365355
GOTERM_MF_ALL	GO:0015075~ion transmembrane transporter activity	10	28.57142857142857	2.449342333548778E-5	1351, 9377, 1350, 1340, 1329, 1349, 1327, 1337, 1347, 1345	35	817	16881	5.9034796293058225	0.005227943275137981	4.03123092281521E-4	0.031035426164416346
GOTERM_CC_ALL	GO:0031090~organelle membrane	16	45.714285714285715	3.084634180744701E-5	9377, 1351, 1350, 1340, 4728, 1329, 1327, 54205, 6392, 23408, 6390, 6391, 1349, 1337, 1347, 1345	35	2646	18224	3.148515279127524	0.0048926358664782565	1.8163698322548605E-4	0.03720034712834108
GOTERM_MF_ALL	GO:0001078~transcriptional repressor activity, RNA polymerase II core promoter proximal region sequence-specific binding	5	14.285714285714285	7.052290861764662E-5	5465, 7528, 5629, 2101, 155061	35	111	16881	21.725868725868725	0.01497911464783619	0.0010774501783985535	0.0893350277137328
GOTERM_CC_ALL	GO:0042645~mitochondrial nucleoid	4	11.428571428571429	7.979873433456326E-5	7019, 51106, 64216, 5442	35	45	18224	46.2831746031746	0.01260834534303068	4.5305823201224893E-4	0.09621034001040529
GOTERM_MF_ALL	GO:0004448~isocitrate dehydrogenase activity	3	8.571428571428571	8.21667122555162E-5	3420, 3419, 3421	35	7	16881	206.70612244897958	0.01743069556240162	0.0011716063899347429	0.10407776555246828
GOTERM_MF_ALL	GO:0022891~substrate-specific transmembrane transporter activity	10	28.57142857142857	8.233636385394351E-5	1351, 9377, 1350, 1340, 1329, 1349, 1327, 1337, 1347, 1345	35	954	16881	5.055705300988319	0.017466370462074	0.0011006880035409061	0.10429255417833128
GOTERM_BP_ALL	GO:0006811~ion transport	12	34.285714285714285	8.909510645302261E-5	5465, 1351, 9377, 1350, 1340, 1329, 10891, 1349, 1327, 1337, 1347, 1345	35	1458	16792	3.9487360376249265	0.11656434032718688	0.002063481659109634	0.14658269027910675
GOTERM_CC_ALL	GO:0044424~intracellular part	35	100.0	8.99183592492394E-5	824, 3420, 1351, 1350, 823, 10891, 51106, 4899, 155061, 2648, 5465, 23408, 6392, 3419, 6390, 6391, 7019, 1349, 2101, 1347, 64216, 1345, 5442, 9377, 2551, 7528, 1340, 4728, 1329, 5629, 1327, 835, 54205, 1337, 3421	35	13860	18224	1.3148629148629147	0.014195935765497936	4.929013097834112E-4	0.10840512494284527
GOTERM_CC_ALL	GO:0009295~nucleoid	4	11.428571428571429	9.095435925621418E-5	7019, 51106, 64216, 5442	35	47	18224	44.31367781155015	0.014358322666075729	4.8196384612397836E-4	0.1096534931193327
GOTERM_BP_ALL	GO:0006352~DNA-templated transcription, initiation	6	17.142857142857142	9.47964019732153E-5	5465, 10891, 7019, 2101, 64216, 5442	35	231	16792	12.461595547309834	0.12354336019824586	0.0021594362939484357	0.15595580686336152
GOTERM_BP_ALL	GO:0006812~cation transport	10	28.57142857142857	1.0139204836421282E-4	1351, 9377, 1350, 1340, 1329, 1349, 1327, 1337, 1347, 1345	35	975	16792	4.920732600732601	0.13154845785509095	0.002272309383217319	0.1667982345496033
GOTERM_BP_ALL	GO:0006796~phosphate-containing compound metabolic process	17	48.57142857142857	1.2179488325908293E-4	1351, 9377, 3420, 1350, 1340, 4728, 1329, 10891, 5629, 1327, 5465, 54205, 6392, 6391, 1349, 1337, 1345	35	3083	16792	2.6455122561512443	0.15585162535413877	0.0026857044934683882	0.20033097281598744
GOTERM_BP_ALL	GO:0006793~phosphorus metabolic process	17	48.57142857142857	1.2475192331623495E-4	1351, 9377, 3420, 1350, 1340, 4728, 1329, 10891, 5629, 1327, 5465, 54205, 6392, 6391, 1349, 1337, 1345	35	3089	16792	2.6403736761781436	0.1593171076406561	0.0027079012271238323	0.20519008874476663
GOTERM_CC_ALL	GO:0044444~cytoplasmic part	27	77.14285714285715	1.432002250781264E-4	824, 1351, 3420, 1350, 823, 10891, 51106, 6392, 23408, 3419, 6390, 6391, 7019, 1349, 1347, 64216, 1345, 5442, 9377, 1340, 4728, 1329, 1327, 835, 54205, 1337, 3421	35	8090	18224	1.7377644358114075	0.022513175703743893	7.342614655779789E-4	0.17259061327685732
GOTERM_MF_ALL	GO:0022857~transmembrane transporter activity	10	28.57142857142857	1.5033320818658464E-4	1351, 9377, 1350, 1340, 1329, 1349, 1327, 1337, 1347, 1345	35	1032	16881	4.673588039867109	0.03166165711478175	0.0018907822737296298	0.19034620365805388
GOTERM_MF_ALL	GO:0051287~NAD binding	4	11.428571428571429	1.6323885216913342E-4	3420, 23408, 3419, 3421	35	53	16881	36.4010781671159	0.034332750084375196	0.00193900469099606	0.20667127597809865
GOTERM_BP_ALL	GO:0045944~positive regulation of transcription from RNA polymerase II promoter	10	28.57142857142857	1.6713272485189423E-4	5465, 2551, 7528, 10891, 5629, 7019, 2101, 4899, 155061, 2648	35	1041	16792	4.608755317689035	0.20745108289127412	0.003570549605529161	0.2748073550533303
GOTERM_BP_ALL	GO:0055085~transmembrane transport	11	31.428571428571427	2.0079189258903661E-4	1351, 9377, 1350, 1340, 1329, 10891, 1349, 1327, 1337, 1347, 1345	35	1322	16792	3.992046682515669	0.24370938635533312	0.004223322750936065	0.33006543534238597
GOTERM_MF_ALL	GO:0048037~cofactor binding	6	17.142857142857142	2.020934804902795E-4	3420, 6392, 23408, 6390, 3419, 3421	35	273	16881	10.600313971742544	0.04233033277962883	0.0022738516885761895	0.2558058252264739
GOTERM_CC_ALL	GO:0005622~intracellular	35	100.0	2.1319231999655355E-4	824, 3420, 1351, 1350, 823, 10891, 51106, 4899, 155061, 2648, 5465, 23408, 6392, 3419, 6390, 6391, 7019, 1349, 2101, 1347, 64216, 1345, 5442, 9377, 2551, 7528, 1340, 4728, 1329, 5629, 1327, 835, 54205, 1337, 3421	35	14216	18224	1.2819358469330333	0.033332986366778505	0.0010588512942136807	0.25684844236535387
GOTERM_BP_ALL	GO:0045893~positive regulation of transcription, DNA-templated	11	31.428571428571427	2.3697881350777896E-4	5465, 2551, 7528, 10891, 5629, 7019, 2101, 4899, 64216, 155061, 2648	35	1349	16792	3.9121465635920787	0.2808437249460597	0.004908460127912573	0.38944123451486456
GOTERM_BP_ALL	GO:1903508~positive regulation of nucleic acid-templated transcription	11	31.428571428571427	2.3697881350777896E-4	5465, 2551, 7528, 10891, 5629, 7019, 2101, 4899, 64216, 155061, 2648	35	1349	16792	3.9121465635920787	0.2808437249460597	0.004908460127912573	0.38944123451486456
GOTERM_BP_ALL	GO:0045722~positive regulation of gluconeogenesis	3	8.571428571428571	2.5932178960356165E-4	5465, 10891, 2648	35	12	16792	119.94285714285715	0.3028560686107318	0.005291295462864221	0.4260851835678481
GOTERM_BP_ALL	GO:0006390~transcription from mitochondrial promoter	3	8.571428571428571	2.5932178960356165E-4	7019, 64216, 5442	35	12	16792	119.94285714285715	0.3028560686107318	0.005291295462864221	0.4260851835678481
GOTERM_BP_ALL	GO:1902680~positive regulation of RNA biosynthetic process	11	31.428571428571427	2.6722125940282175E-4	5465, 2551, 7528, 10891, 5629, 7019, 2101, 4899, 64216, 155061, 2648	35	1369	16792	3.8549932171553793	0.3104764618874173	0.005373257700325262	0.4390378032503306
GOTERM_MF_ALL	GO:0000981~RNA polymerase II transcription factor activity, sequence-specific DNA binding	8	22.857142857142858	2.946917723953696E-4	5465, 2551, 7528, 5629, 7019, 2101, 4899, 155061	35	662	16881	5.828571428571428	0.061125379652218426	0.0031486990839486584	0.3728133906658271
GOTERM_MF_ALL	GO:0022892~substrate-specific transporter activity	10	28.57142857142857	3.1171312379063446E-4	1351, 9377, 1350, 1340, 1329, 1349, 1327, 1337, 1347, 1345	35	1137	16881	4.2419901997738405	0.06454010781105901	0.003171959022898019	0.39430787628688124
GOTERM_CC_ALL	GO:0031974~membrane-enclosed lumen	19	54.285714285714285	3.2517032497515985E-4	3420, 2551, 7528, 1340, 4728, 10891, 51106, 4899, 2648, 5465, 54205, 23408, 3419, 6390, 7019, 2101, 64216, 3421, 5442	35	4457	18224	2.219660886566877	0.0503962526795817	0.0015657574506147132	0.3915140859599986
GOTERM_BP_ALL	GO:0051254~positive regulation of RNA metabolic process	11	31.428571428571427	3.4938821282638467E-4	5465, 2551, 7528, 10891, 5629, 7019, 2101, 4899, 64216, 155061, 2648	35	1415	16792	3.7296718828874305	0.3849698112512604	0.006920001824058608	0.573671683157928
GOTERM_BP_ALL	GO:0006082~organic acid metabolic process	9	25.71428571428571	3.6295105760556575E-4	5465, 3420, 6392, 10891, 6390, 3419, 5629, 6391, 3421	35	907	16792	4.760686722318475	0.3964682100950696	0.007086833401559245	0.5958785037305514
GOTERM_MF_ALL	GO:0000976~transcription regulatory region sequence-specific DNA binding	8	22.857142857142858	3.8557552138322493E-4	5465, 2551, 7528, 5629, 7019, 2101, 4899, 155061	35	692	16881	5.57588769611891	0.07921533268348957	0.0037442940923934076	0.487531502740457
GOTERM_MF_ALL	GO:0001227~transcriptional repressor activity, RNA polymerase II transcription regulatory region sequence-specific binding	5	14.285714285714285	4.1476824941923004E-4	5465, 7528, 5629, 2101, 155061	35	176	16881	13.70211038961039	0.08495205664149064	0.003852508581383862	0.5243542300237714
GOTERM_MF_ALL	GO:1990837~sequence-specific double-stranded DNA binding	8	22.857142857142858	5.103458772568733E-4	5465, 2551, 7528, 5629, 7019, 2101, 4899, 155061	35	725	16881	5.322088669950739	0.10348647148269896	0.0045414021586962505	0.6448248496673692
GOTERM_MF_ALL	GO:0000978~RNA polymerase II core promoter proximal region sequence-specific DNA binding	6	17.142857142857142	6.822878366061553E-4	5465, 2551, 7019, 2101, 4899, 155061	35	356	16881	8.128892455858747	0.13589365217124738	0.0058253437020323595	0.8612104579223567
GOTERM_MF_ALL	GO:0000987~core promoter proximal region sequence-specific DNA binding	6	17.142857142857142	8.726397200088396E-4	5465, 2551, 7019, 2101, 4899, 155061	35	376	16881	7.696504559270516	0.17041228293088317	0.007159876919940356	1.100258260804965
GOTERM_MF_ALL	GO:0001159~core promoter proximal region DNA binding	6	17.142857142857142	8.93652556262546E-4	5465, 2551, 7019, 2101, 4899, 155061	35	378	16881	7.65578231292517	0.17413763673651506	0.007061142882474392	1.126614047366159
GOTERM_BP_ALL	GO:0010557~positive regulation of macromolecule biosynthetic process	11	31.428571428571427	9.13769507287747E-4	5465, 2551, 7528, 10891, 5629, 7019, 2101, 4899, 64216, 155061, 2648	35	1597	16792	3.3046247428213613	0.7196270123609005	0.017506538056840437	1.4938224320321436
GOTERM_MF_ALL	GO:0003690~double-stranded DNA binding	8	22.857142857142858	9.497977370049186E-4	5465, 2551, 7528, 5629, 7019, 2101, 4899, 155061	35	805	16881	4.793185448092281	0.18401010140486962	0.007236308893376564	1.19700357434811
GOTERM_MF_ALL	GO:0005215~transporter activity	10	28.57142857142857	9.645717757264706E-4	1351, 9377, 1350, 1340, 1329, 1349, 1327, 1337, 1347, 1345	35	1327	16881	3.634621595435461	0.1865883611566731	0.007096013101195231	1.215518196813059
GOTERM_CC_ALL	GO:0005737~cytoplasm	30	85.71428571428571	9.790769970580448E-4	824, 3420, 1351, 1350, 823, 10891, 51106, 155061, 23408, 6392, 3419, 6390, 6391, 7019, 1349, 1347, 64216, 1345, 5442, 9377, 7528, 1340, 4728, 1329, 5629, 1327, 835, 54205, 1337, 3421	35	10775	18224	1.449705004971826	0.1442264655114036	0.004570391486054093	1.174583269883911
GOTERM_CC_ALL	GO:1990204~oxidoreductase complex	4	11.428571428571429	0.0010596210456117908	4728, 6392, 6390, 6391	35	108	18224	19.28465608465608	0.15512709540519265	0.00480467961270159	1.2706451965068921
GOTERM_MF_ALL	GO:0043565~sequence-specific DNA binding	9	25.71428571428571	0.0011134147607619776	5465, 2551, 7528, 10891, 5629, 7019, 2101, 4899, 155061	35	1080	16881	4.019285714285714	0.2121152880313496	0.0079152912731566	1.4018679894273411
GOTERM_MF_ALL	GO:0000989~transcription factor activity, transcription factor binding	7	20.0	0.001190351448300915	5465, 2551, 7528, 10891, 5629, 64216, 2648	35	606	16881	5.571287128712872	0.22499588701968576	0.008188449936446185	1.4980648897329418
GOTERM_BP_ALL	GO:0045935~positive regulation of nucleobase-containing compound metabolic process	11	31.428571428571427	0.001222347129412701	5465, 2551, 7528, 10891, 5629, 7019, 2101, 4899, 64216, 155061, 2648	35	1658	16792	3.1830432534895743	0.8175583482948926	0.02303633712871289	1.9935301882401446
GOTERM_BP_ALL	GO:0031667~response to nutrient levels	6	17.142857142857142	0.001231121923626427	5465, 23408, 10891, 5629, 1327, 2648	35	404	16792	7.125318246110325	0.819774350362656	0.02288997846441787	2.0077051322934802
GOTERM_MF_ALL	GO:0001077~transcriptional activator activity, RNA polymerase II core promoter proximal region sequence-specific binding	5	14.285714285714285	0.0012422982916724533	5465, 2551, 7019, 2101, 4899	35	236	16881	10.218523002421307	0.2335739822889048	0.008278576806960314	1.5629671288876934
GOTERM_MF_ALL	GO:0000988~transcription factor activity, protein binding	7	20.0	0.0012522873602046653	5465, 2551, 7528, 10891, 5629, 64216, 2648	35	612	16881	5.516666666666667	0.23521263285318705	0.008093056334154802	1.5754429265454784
GOTERM_MF_ALL	GO:0044212~transcription regulatory region DNA binding	8	22.857142857142858	0.0013319315941394058	5465, 2551, 7528, 5629, 7019, 2101, 4899, 155061	35	853	16881	4.523463406464579	0.24815369106604912	0.008353833308025194	1.67486211199378
GOTERM_MF_ALL	GO:0000975~regulatory region DNA binding	8	22.857142857142858	0.0013593310747330796	5465, 2551, 7528, 5629, 7019, 2101, 4899, 155061	35	856	16881	4.507610146862484	0.25255513969086507	0.008282502128160396	1.709043248325104
GOTERM_MF_ALL	GO:0001067~regulatory region nucleic acid binding	8	22.857142857142858	0.0013685624572553484	5465, 2551, 7528, 5629, 7019, 2101, 4899, 155061	35	857	16881	4.502350391731955	0.2540322840708892	0.008107867930716717	1.7205570286168093
GOTERM_BP_ALL	GO:0010628~positive regulation of gene expression	11	31.428571428571427	0.0014288629144358364	5465, 2551, 7528, 10891, 5629, 7019, 2101, 4899, 64216, 155061, 2648	35	1692	16792	3.1190813914218167	0.8631636557990561	0.026171038661004564	2.3266289319976208
GOTERM_BP_ALL	GO:0031328~positive regulation of cellular biosynthetic process	11	31.428571428571427	0.001685528992105898	5465, 2551, 7528, 10891, 5629, 7019, 2101, 4899, 64216, 155061, 2648	35	1729	16792	3.05233413203338	0.9043011475963099	0.03040385968284609	2.7391353833730703
GOTERM_BP_ALL	GO:0009991~response to extracellular stimulus	6	17.142857142857142	0.0017067468107648226	5465, 23408, 10891, 5629, 1327, 2648	35	435	16792	6.617536945812808	0.9070889878762585	0.030387344753988077	2.773162732032408
GOTERM_BP_ALL	GO:0009891~positive regulation of biosynthetic process	11	31.428571428571427	0.0019287659180633797	5465, 2551, 7528, 10891, 5629, 7019, 2101, 4899, 64216, 155061, 2648	35	1760	16792	2.9985714285714287	0.9318131862593566	0.033843586832201344	3.12854824849903
GOTERM_BP_ALL	GO:0051173~positive regulation of nitrogen compound metabolic process	11	31.428571428571427	0.0019874979507360996	5465, 2551, 7528, 10891, 5629, 7019, 2101, 4899, 64216, 155061, 2648	35	1767	16792	2.9866925377961033	0.9371723881577008	0.03442343686161731	3.2223562101223013
GOTERM_BP_ALL	GO:0000959~mitochondrial RNA metabolic process	3	8.571428571428571	0.002143576610935421	7019, 64216, 5442	35	34	16792	42.332773109243696	0.9494562210029589	0.03662394771334365	3.4712336398558086
GOTERM_BP_ALL	GO:0010907~positive regulation of glucose metabolic process	3	8.571428571428571	0.002270612327601852	5465, 10891, 2648	35	35	16792	41.123265306122455	0.9576595743663224	0.03828506447181168	3.673356337967193
GOTERM_CC_ALL	GO:0070013~intracellular organelle lumen	17	48.57142857142857	0.002478780231687335	3420, 2551, 7528, 4728, 10891, 51106, 4899, 2648, 5465, 23408, 6390, 3419, 7019, 2101, 64216, 3421, 5442	35	4328	18224	2.045207288090837	0.3260607741501226	0.010901678528454584	2.9492388756322985
GOTERM_BP_ALL	GO:0006111~regulation of gluconeogenesis	3	8.571428571428571	0.002813483595621878	5465, 10891, 2648	35	39	16792	36.9054945054945	0.98014047209644	0.04666942153196507	4.532631774753093
GOTERM_CC_ALL	GO:0043233~organelle lumen	17	48.57142857142857	0.0029688050045580164	3420, 2551, 7528, 4728, 10891, 51106, 4899, 2648, 5465, 23408, 6390, 3419, 7019, 2101, 64216, 3421, 5442	35	4400	18224	2.0117402597402596	0.3767091922521676	0.012695536099697535	3.5227377901631107
GOTERM_CC_ALL	GO:0032991~macromolecular complex	18	51.42857142857142	0.003136377101269062	824, 1351, 9377, 2551, 1350, 7528, 4728, 1329, 10891, 1327, 4899, 2648, 54205, 6392, 6390, 6391, 1349, 1337	35	4868	18224	1.9252963962906442	0.39314635474107673	0.01305788132671748	3.718140988788754
GOTERM_CC_ALL	GO:1902494~catalytic complex	8	22.857142857142858	0.0034434495748457148	54205, 7528, 4728, 6392, 10891, 6390, 6391, 2648	35	1088	18224	3.8285714285714287	0.42215713719415504	0.013964484654922171	4.075271725179331
GOTERM_MF_ALL	GO:0046872~metal ion binding	17	48.57142857142857	0.0037594750137382995	824, 3420, 9377, 7528, 823, 4728, 1329, 155061, 5465, 54205, 23408, 6392, 3419, 6390, 6391, 2101, 3421	35	4166	16881	1.968157190864824	0.5533784801465531	0.021549387757398453	4.661131716499578
GOTERM_BP_ALL	GO:0010565~regulation of cellular ketone metabolic process	4	11.428571428571429	0.003949087145858652	5465, 23408, 10891, 5629	35	158	16792	12.146112115732368	0.9959297684300168	0.06416296006274602	6.306876153563012
GOTERM_MF_ALL	GO:0001228~transcriptional activator activity, RNA polymerase II transcription regulatory region sequence-specific binding	5	14.285714285714285	0.004009744502071074	5465, 2551, 7019, 2101, 4899	35	326	16881	7.397458369851007	0.5767576309520517	0.02237252509435761	4.964204788528637
GOTERM_MF_ALL	GO:0043169~cation binding	17	48.57142857142857	0.004239119309557024	824, 3420, 9377, 7528, 823, 4728, 1329, 155061, 5465, 54205, 23408, 6392, 3419, 6390, 6391, 2101, 3421	35	4213	16881	1.9462005357566714	0.5971132555839378	0.02304066582978792	5.241195047534431
GOTERM_CC_ALL	GO:0043234~protein complex	16	45.714285714285715	0.004326344672804931	1351, 9377, 1350, 7528, 4728, 1329, 10891, 4899, 1327, 2648, 54205, 6392, 6390, 6391, 1349, 1337	35	4118	18224	2.023062513009089	0.4981134248702779	0.01708686331597553	5.095337462375705
GOTERM_MF_ALL	GO:0003712~transcription cofactor activity	6	17.142857142857142	0.004661147123575045	2551, 7528, 10891, 5629, 64216, 2648	35	552	16881	5.242546583850932	0.6320533951948368	0.02468563681723257	5.748888916077433
GOTERM_BP_ALL	GO:0010676~positive regulation of cellular carbohydrate metabolic process	3	8.571428571428571	0.005331207842841531	5465, 10891, 2648	35	54	16792	26.653968253968255	0.9994100943760946	0.0847137567647851	8.42449061101359
GOTERM_MF_ALL	GO:0008177~succinate dehydrogenase (ubiquinone) activity	2	5.714285714285714	0.006030490991988362	6392, 6390	35	3	16881	321.5428571428571	0.7259465277384174	0.031078336622685	7.3789890773958255
GOTERM_MF_ALL	GO:0050662~coenzyme binding	4	11.428571428571429	0.006037047468560172	3420, 23408, 3419, 3421	35	185	16881	10.428416988416988	0.7263331096030179	0.03038231079449316	7.386731209117503
GOTERM_MF_ALL	GO:0043167~ion binding	17	48.57142857142857	0.006475546577625934	824, 3420, 9377, 7528, 823, 4728, 1329, 155061, 5465, 54205, 23408, 6392, 3419, 6390, 6391, 2101, 3421	35	4386	16881	1.869435215946844	0.7509927411907046	0.03181484639120724	7.903176281769975
GOTERM_MF_ALL	GO:0016627~oxidoreductase activity, acting on the CH-CH group of donors	3	8.571428571428571	0.006478038035698673	6392, 6390, 6391	35	60	16881	24.115714285714287	0.7511263345348036	0.031114963419041408	7.906103018281129
GOTERM_MF_ALL	GO:0000977~RNA polymerase II regulatory region sequence-specific DNA binding	6	17.142857142857142	0.006656484852218108	5465, 2551, 7019, 2101, 4899, 155061	35	601	16881	4.815117661041122	0.760511515252873	0.03126202360946784	8.115503310914551
GOTERM_MF_ALL	GO:0001012~RNA polymerase II regulatory region DNA binding	6	17.142857142857142	0.006795506720645987	5465, 2551, 7019, 2101, 4899, 155061	35	604	16881	4.79120151371807	0.7675783457058327	0.031223926775850952	8.278335964147065
GOTERM_BP_ALL	GO:0031325~positive regulation of cellular metabolic process	13	37.142857142857146	0.007500734643451042	5465, 54205, 2551, 7528, 10891, 5629, 7019, 2101, 4899, 64216, 155061, 2648, 835	35	2839	16792	2.1969103809188346	0.9999717056438583	0.11592199461940855	11.658081297578192
GOTERM_BP_ALL	GO:0010604~positive regulation of macromolecule metabolic process	13	37.142857142857146	0.00787135824305316	5465, 54205, 2551, 7528, 10891, 5629, 7019, 2101, 4899, 64216, 155061, 2648, 835	35	2856	16792	2.1838335334133654	0.9999831705254612	0.11998678784787242	12.199638344418906
GOTERM_MF_ALL	GO:0016635~oxidoreductase activity, acting on the CH-CH group of donors, quinone or related compound as acceptor	2	5.714285714285714	0.008032799518469443	6392, 6390	35	4	16881	241.15714285714284	0.8219980124543875	0.03605647023101588	9.715879263288363
GOTERM_BP_ALL	GO:0006121~mitochondrial electron transport, succinate to ubiquinone	2	5.714285714285714	0.00807524893502601	6392, 6391	35	4	16792	239.8857142857143	0.9999873552724587	0.12158426043628867	12.496233299644487
GOTERM_BP_ALL	GO:0006366~transcription from RNA polymerase II promoter	10	28.57142857142857	0.008592626751013473	5465, 2551, 7528, 10891, 5629, 7019, 2101, 4899, 155061, 2648	35	1820	16792	2.6361067503924644	0.9999938802596826	0.127514276188764	13.244632359629149
GOTERM_CC_ALL	GO:0005758~mitochondrial intermembrane space	3	8.571428571428571	0.00883229886500396	54205, 1340, 23408	35	76	18224	20.553383458646614	0.7559968236230068	0.033819147879386	10.148150051377502
GOTERM_BP_ALL	GO:0006357~regulation of transcription from RNA polymerase II promoter	10	28.57142857142857	0.0090559350861018	5465, 2551, 7528, 10891, 5629, 7019, 2101, 4899, 155061, 2648	35	1835	16792	2.6145581938497466	0.9999968058525437	0.13253656157880134	13.909712194090318
GOTERM_BP_ALL	GO:0006094~gluconeogenesis	3	8.571428571428571	0.009558611817744542	5465, 10891, 2648	35	73	16792	19.71663405088063	0.9999984229943917	0.13795193684479934	14.62588734131115
GOTERM_MF_ALL	GO:0000179~rRNA (adenine-N6,N6-)-dimethyltransferase activity	2	5.714285714285714	0.010031192883014201	51106, 64216	35	5	16881	192.92571428571426	0.8843879029989583	0.043953017783175174	11.993941532527908
GOTERM_BP_ALL	GO:0045913~positive regulation of carbohydrate metabolic process	3	8.571428571428571	0.010067864354981363	5465, 10891, 2648	35	75	16792	19.190857142857144	0.9999992288425638	0.14330595551027914	15.345722297398046
GOTERM_BP_ALL	GO:0006102~isocitrate metabolic process	2	5.714285714285714	0.010084150623094016	3420, 3421	35	5	16792	191.9085714285714	0.9999992462899358	0.14207786518528387	15.368648799913498
GOTERM_MF_ALL	GO:0003700~transcription factor activity, sequence-specific DNA binding	8	22.857142857142858	0.010155614810673388	5465, 2551, 7528, 5629, 7019, 2101, 4899, 155061	35	1231	16881	3.1344551468028317	0.8874561623928141	0.04360076783505851	12.134009797847146
GOTERM_MF_ALL	GO:0001071~nucleic acid binding transcription factor activity	8	22.857142857142858	0.010198905420526944	5465, 2551, 7528, 5629, 7019, 2101, 4899, 155061	35	1232	16881	3.13191094619666	0.8885045961073481	0.04292683518813456	12.182696128391457
GOTERM_BP_ALL	GO:0019319~hexose biosynthetic process	3	8.571428571428571	0.01032694298309191	5465, 10891, 2648	35	76	16792	18.938345864661656	0.9999994641783346	0.14381008022139152	15.709741647325249
GOTERM_BP_ALL	GO:0006996~organelle organization	15	42.857142857142854	0.010692537002758889	824, 2551, 7528, 4728, 10891, 5629, 51106, 4899, 2648, 54205, 23408, 7019, 2101, 64216, 5442	35	3753	16792	1.9175516729473563	0.999999679507556	0.1470708539176544	16.220920293658526
GOTERM_CC_ALL	GO:0031970~organelle envelope lumen	3	8.571428571428571	0.010703363770937125	54205, 1340, 23408	35	84	18224	18.59591836734694	0.8193164342093505	0.03991963693704781	12.172831590009558
GOTERM_BP_ALL	GO:0042180~cellular ketone metabolic process	4	11.428571428571429	0.010971883565022534	5465, 23408, 10891, 5629	35	229	16792	8.38028696194635	0.9999997836207937	0.14916690588884918	16.609542590682537
GOTERM_CC_ALL	GO:0000785~chromatin	5	14.285714285714285	0.011143378242635327	824, 2551, 7528, 10891, 2648	35	472	18224	5.515738498789346	0.831655532910059	0.040589152764248126	12.642854067062071
GOTERM_BP_ALL	GO:0046364~monosaccharide biosynthetic process	3	8.571428571428571	0.01139265291767176	5465, 10891, 2648	35	80	16792	17.99142857142857	0.9999998802838661	0.15297266926986164	17.191715250069638
GOTERM_MF_ALL	GO:0048039~ubiquinone binding	2	5.714285714285714	0.012025678510072564	6392, 6390	35	6	16881	160.77142857142854	0.9249119910624816	0.049499467555218946	14.214653437363678
GOTERM_BP_ALL	GO:0043255~regulation of carbohydrate biosynthetic process	3	8.571428571428571	0.012790015490906746	5465, 10891, 2648	35	85	16792	16.933109243697476	0.999999983263336	0.16855861421695673	19.097821844142114
GOTERM_MF_ALL	GO:0004197~cysteine-type endopeptidase activity	3	8.571428571428571	0.013235813043334271	824, 823, 835	35	87	16881	16.63152709359606	0.9422352202602292	0.05335786876490245	15.536768289376713
GOTERM_BP_ALL	GO:0009893~positive regulation of metabolic process	13	37.142857142857146	0.013308544177667903	5465, 54205, 2551, 7528, 10891, 5629, 7019, 2101, 4899, 64216, 155061, 2648, 835	35	3052	16792	2.0435873431941585	0.9999999919409813	0.17317986819788778	19.794590499791596
GOTERM_BP_ALL	GO:1901214~regulation of neuron death	4	11.428571428571429	0.014946873468523537	5465, 10891, 155061, 835	35	257	16792	7.467259588660367	0.9999999992013097	0.19070877309577938	21.95922601289626
GOTERM_MF_ALL	GO:0016433~rRNA (adenine) methyltransferase activity	2	5.714285714285714	0.01600295617864916	51106, 64216	35	8	16881	120.57857142857142	0.9683282652060846	0.06306213722167353	18.4897521525619
GOTERM_BP_ALL	GO:0000122~negative regulation of transcription from RNA polymerase II promoter	6	17.142857142857142	0.016487346609078024	5465, 2551, 7528, 5629, 2101, 155061	35	748	16792	3.8484339190221544	0.9999999999094449	0.2064594424176387	23.9444094244342
GOTERM_BP_ALL	GO:0042752~regulation of circadian rhythm	3	8.571428571428571	0.017731833011689124	5465, 10891, 5629	35	101	16792	14.25063649222065	0.9999999999844393	0.2183895317257496	25.513418861444983
GOTERM_BP_ALL	GO:0022037~metencephalon development	3	8.571428571428571	0.018063757102671777	10891, 5629, 2648	35	102	16792	14.110924369747899	0.9999999999902758	0.2201019987304691	25.926733138451464
GOTERM_BP_ALL	GO:0045934~negative regulation of nucleobase-containing compound metabolic process	8	22.857142857142858	0.018135135345910595	5465, 2551, 7528, 23408, 10891, 5629, 2101, 155061	35	1371	16792	2.799541523392727	0.9999999999912109	0.21898454528313072	26.015331965973477
GOTERM_BP_ALL	GO:0070997~neuron death	4	11.428571428571429	0.018225677299771835	5465, 10891, 155061, 835	35	277	16792	6.928107271789583	0.9999999999922691	0.21809124121451973	26.12757470014645
GOTERM_BP_ALL	GO:0010906~regulation of glucose metabolic process	3	8.571428571428571	0.018398324866757645	5465, 10891, 2648	35	103	16792	13.973925104022191	0.9999999999939467	0.2180809292927156	26.341158711176682
GOTERM_BP_ALL	GO:0005975~carbohydrate metabolic process	6	17.142857142857142	0.019229389779278398	5465, 23408, 10891, 3419, 3421, 2648	35	778	16792	3.7000367242012486	0.9999999999981366	0.22492704806173014	27.361186217296986
GOTERM_BP_ALL	GO:0006351~transcription, DNA-templated	14	40.0	0.01931286624183013	5465, 2551, 7528, 23408, 10891, 5629, 7019, 51106, 4899, 2101, 64216, 155061, 5442, 2648	35	3605	16792	1.8631900138696256	0.9999999999983447	0.22393837595444943	27.462906496345763
GOTERM_CC_ALL	GO:0000790~nuclear chromatin	4	11.428571428571429	0.020783891664664156	2551, 7528, 10891, 2648	35	316	18224	6.590958408679928	0.9645440351671324	0.07308823754951999	22.379302350304854
GOTERM_MF_ALL	GO:0001223~transcription coactivator binding	2	5.714285714285714	0.021939749461763965	5465, 7019	35	11	16881	87.69350649350649	0.9913255821774974	0.08416072172026123	24.50713113686357
GOTERM_BP_ALL	GO:0051198~negative regulation of coenzyme metabolic process	2	5.714285714285714	0.022054892389777432	5465, 10891	35	11	16792	87.23116883116883	0.9999999999999664	0.24966696309618286	30.730782904363473
GOTERM_BP_ALL	GO:0045820~negative regulation of glycolytic process	2	5.714285714285714	0.022054892389777432	5465, 10891	35	11	16792	87.23116883116883	0.9999999999999664	0.24966696309618286	30.730782904363473
GOTERM_BP_ALL	GO:0051195~negative regulation of cofactor metabolic process	2	5.714285714285714	0.022054892389777432	5465, 10891	35	11	16792	87.23116883116883	0.9999999999999664	0.24966696309618286	30.730782904363473
GOTERM_BP_ALL	GO:0010566~regulation of ketone biosynthetic process	2	5.714285714285714	0.022054892389777432	23408, 10891	35	11	16792	87.23116883116883	0.9999999999999664	0.24966696309618286	30.730782904363473
GOTERM_MF_ALL	GO:0003713~transcription coactivator activity	4	11.428571428571429	0.0227306560547414	2551, 7528, 10891, 2648	35	303	16881	6.367185289957567	0.9927045015476774	0.08557844673643167	25.2771248910846
GOTERM_MF_ALL	GO:0016616~oxidoreductase activity, acting on the CH-OH group of donors, NAD or NADP as acceptor	3	8.571428571428571	0.02312552234630348	3420, 3419, 3421	35	117	16881	12.367032967032968	0.9933089340242762	0.0855297967724733	25.6588368647629
GOTERM_BP_ALL	GO:0019752~carboxylic acid metabolic process	6	17.142857142857142	0.024222664799218915	5465, 3420, 10891, 6390, 5629, 3421	35	826	16792	3.485022483569699	0.9999999999999984	0.26869315865270893	33.21586041101779
GOTERM_BP_ALL	GO:0045892~negative regulation of transcription, DNA-templated	7	20.0	0.024315781487791188	5465, 2551, 7528, 23408, 5629, 2101, 155061	35	1130	16792	2.9720353982300884	0.9999999999999987	0.26749432859869837	33.32070782103151
GOTERM_BP_ALL	GO:0043436~oxoacid metabolic process	6	17.142857142857142	0.024787160633659728	5465, 3420, 10891, 6390, 5629, 3421	35	831	16792	3.4640536358947913	0.9999999999999993	0.2698721436928434	33.84910258572342
GOTERM_BP_ALL	GO:0048511~rhythmic process	4	11.428571428571429	0.02485943971924757	5465, 10891, 5629, 835	35	312	16792	6.15091575091575	0.9999999999999993	0.26849248992478314	33.929775566953545
GOTERM_BP_ALL	GO:0019362~pyridine nucleotide metabolic process	3	8.571428571428571	0.025627539537066032	5465, 3420, 10891	35	123	16792	11.701742160278746	0.9999999999999998	0.2735466162886946	34.78138652676627
GOTERM_BP_ALL	GO:0046496~nicotinamide nucleotide metabolic process	3	8.571428571428571	0.025627539537066032	5465, 3420, 10891	35	123	16792	11.701742160278746	0.9999999999999998	0.2735466162886946	34.78138652676627
GOTERM_MF_ALL	GO:0003677~DNA binding	11	31.428571428571427	0.02570820790958019	5465, 2551, 7528, 10891, 5629, 7019, 51106, 2101, 4899, 155061, 5442	35	2562	16881	2.0708263633322184	0.996202870706155	0.09315240617798237	28.11152588665058
GOTERM_MF_ALL	GO:1901363~heterocyclic compound binding	19	54.285714285714285	0.026711791366309166	3420, 2551, 7528, 10891, 5629, 51106, 4899, 155061, 5465, 54205, 23408, 6392, 3419, 6391, 7019, 2101, 64216, 3421, 5442	35	5971	16881	1.5347465129076248	0.9969544000626208	0.09506986840656118	29.0443179400795
GOTERM_BP_ALL	GO:0097659~nucleic acid-templated transcription	14	40.0	0.027528924143304708	5465, 2551, 7528, 23408, 10891, 5629, 7019, 51106, 4899, 2101, 64216, 155061, 5442, 2648	35	3771	16792	1.7811721028904801	1.0	0.2886646598326751	36.84536026845826
GOTERM_BP_ALL	GO:0046321~positive regulation of fatty acid oxidation	2	5.714285714285714	0.027987456234117015	5465, 10891	35	14	16792	68.53877551020408	1.0	0.29061300629847786	37.33383680700022
GOTERM_BP_ALL	GO:0072350~tricarboxylic acid metabolic process	2	5.714285714285714	0.027987456234117015	3420, 3421	35	14	16792	68.53877551020408	1.0	0.29061300629847786	37.33383680700022
GOTERM_BP_ALL	GO:0051172~negative regulation of nitrogen compound metabolic process	8	22.857142857142858	0.02878761382219098	5465, 2551, 7528, 23408, 10891, 5629, 2101, 155061	35	1506	16792	2.548586605957124	1.0	0.29550176439494935	38.177759583945836
GOTERM_BP_ALL	GO:0072524~pyridine-containing compound metabolic process	3	8.571428571428571	0.028794174521218536	5465, 3420, 10891	35	131	16792	10.987131952017448	1.0	0.29344625514984746	38.18463479355897
GOTERM_BP_ALL	GO:1903507~negative regulation of nucleic acid-templated transcription	7	20.0	0.02901501017021808	5465, 2551, 7528, 23408, 5629, 2101, 155061	35	1177	16792	2.853355989804588	1.0	0.293260428910214	38.41563850775944
GOTERM_CC_ALL	GO:0044464~cell part	35	100.0	0.03057823901359631	824, 3420, 1351, 1350, 823, 10891, 51106, 4899, 155061, 2648, 5465, 23408, 6392, 3419, 6390, 6391, 7019, 1349, 2101, 1347, 64216, 1345, 5442, 9377, 2551, 7528, 1340, 4728, 1329, 5629, 1327, 835, 54205, 1337, 3421	35	16449	18224	1.1079092953978964	0.9928298288977033	0.10392347416464731	31.242880186905808
GOTERM_MF_ALL	GO:0097159~organic cyclic compound binding	19	54.285714285714285	0.030660987843384037	3420, 2551, 7528, 10891, 5629, 51106, 4899, 155061, 5465, 54205, 23408, 6392, 3419, 6391, 7019, 2101, 64216, 3421, 5442	35	6052	16881	1.5142054574638844	0.9987241546411644	0.10680613901194669	32.60773638488339
GOTERM_BP_ALL	GO:0010675~regulation of cellular carbohydrate metabolic process	3	8.571428571428571	0.030849269475227023	5465, 10891, 2648	35	136	16792	10.583193277310924	1.0	0.3066904260668645	40.30325949024602
GOTERM_BP_ALL	GO:1902679~negative regulation of RNA biosynthetic process	7	20.0	0.030855362937681808	5465, 2551, 7528, 23408, 5629, 2101, 155061	35	1194	16792	2.8127303182579566	1.0	0.30462167129087925	40.30943866251484
GOTERM_MF_ALL	GO:0020037~heme binding	3	8.571428571428571	0.030965902152445542	54205, 6392, 6391	35	137	16881	10.56162669447341	0.9988072247078029	0.10612667500150563	32.87589102227029
GOTERM_MF_ALL	GO:0016614~oxidoreductase activity, acting on CH-OH group of donors	3	8.571428571428571	0.030965902152445542	3420, 3419, 3421	35	137	16881	10.56162669447341	0.9988072247078029	0.10612667500150563	32.87589102227029
GOTERM_BP_ALL	GO:0006733~oxidoreduction coenzyme metabolic process	3	8.571428571428571	0.0321096999593047	5465, 3420, 10891	35	139	16792	10.354779033915726	1.0	0.3128379750871896	41.568708005958484
GOTERM_CC_ALL	GO:0005623~cell	35	100.0	0.03246747413724681	824, 3420, 1351, 1350, 823, 10891, 51106, 4899, 155061, 2648, 5465, 23408, 6392, 3419, 6390, 6391, 7019, 1349, 2101, 1347, 64216, 1345, 5442, 9377, 2551, 7528, 1340, 4728, 1329, 5629, 1327, 835, 54205, 1337, 3421	35	16478	18224	1.105959461099648	0.9947419316456825	0.10781946455531988	32.84182142593212
GOTERM_BP_ALL	GO:0007417~central nervous system development	6	17.142857142857142	0.03402357485676016	1340, 10891, 5629, 1349, 2648, 835	35	904	16792	3.1843236409608093	1.0	0.32610261919382044	43.442121495719334
GOTERM_BP_ALL	GO:0030902~hindbrain development	3	8.571428571428571	0.03469085561620155	10891, 5629, 2648	35	145	16792	9.926305418719213	1.0	0.3291994351161367	44.08192279331525
GOTERM_MF_ALL	GO:0046906~tetrapyrrole binding	3	8.571428571428571	0.03479231930982007	54205, 6392, 6391	35	146	16881	9.910567514677103	0.9994885012194362	0.11682527284940947	36.15849684252929
GOTERM_BP_ALL	GO:0032774~RNA biosynthetic process	14	40.0	0.03592830736630947	5465, 2551, 7528, 23408, 10891, 5629, 7019, 51106, 4899, 2101, 64216, 155061, 5442, 2648	35	3905	16792	1.7200512163892445	1.0	0.3366502377973801	45.25046061440096
GOTERM_BP_ALL	GO:0051253~negative regulation of RNA metabolic process	7	20.0	0.03622250073415399	5465, 2551, 7528, 23408, 5629, 2101, 155061	35	1240	16792	2.7083870967741936	1.0	0.33672498242708493	45.52487546553885
GOTERM_MF_ALL	GO:0048038~quinone binding	2	5.714285714285714	0.03760174067704782	6392, 6390	35	19	16881	50.76992481203008	0.9997258846414208	0.12391284588115137	38.4737877684748
GOTERM_MF_ALL	GO:0008649~rRNA methyltransferase activity	2	5.714285714285714	0.03760174067704782	51106, 64216	35	19	16881	50.76992481203008	0.9997258846414208	0.12391284588115137	38.4737877684748
GOTERM_BP_ALL	GO:0034654~nucleobase-containing compound biosynthetic process	15	42.857142857142854	0.03777145018468708	2551, 7528, 1329, 10891, 5629, 51106, 4899, 155061, 2648, 5465, 23408, 7019, 2101, 64216, 5442	35	4357	16792	1.6517262861077413	1.0	0.3462720379836447	46.9485092099195
GOTERM_BP_ALL	GO:0045978~negative regulation of nucleoside metabolic process	2	5.714285714285714	0.037797523930014156	5465, 10891	35	19	16792	50.50225563909775	1.0	0.34427501453488485	46.972171663231855
GOTERM_BP_ALL	GO:1903579~negative regulation of ATP metabolic process	2	5.714285714285714	0.037797523930014156	5465, 10891	35	19	16792	50.50225563909775	1.0	0.34427501453488485	46.972171663231855
GOTERM_MF_ALL	GO:0004198~calcium-dependent cysteine-type endopeptidase activity	2	5.714285714285714	0.04147904109933149	824, 823	35	21	16881	45.93469387755101	0.9998844565584686	0.13402791286243454	41.54224282750808
GOTERM_MF_ALL	GO:0016922~ligand-dependent nuclear receptor binding	2	5.714285714285714	0.04147904109933149	10891, 5629	35	21	16881	45.93469387755101	0.9998844565584686	0.13402791286243454	41.54224282750808
GOTERM_BP_ALL	GO:0018130~heterocycle biosynthetic process	15	42.857142857142854	0.04162813305112101	2551, 7528, 1329, 10891, 5629, 51106, 4899, 155061, 2648, 5465, 23408, 7019, 2101, 64216, 5442	35	4411	16792	1.631505651455776	1.0	0.37001946693221677	50.34284116689659
GOTERM_BP_ALL	GO:0019438~aromatic compound biosynthetic process	15	42.857142857142854	0.0425992071127487	2551, 7528, 1329, 10891, 5629, 51106, 4899, 155061, 2648, 5465, 23408, 7019, 2101, 64216, 5442	35	4424	16792	1.6267114440712993	1.0	0.3746325308829528	51.16476019902279
GOTERM_BP_ALL	GO:0006355~regulation of transcription, DNA-templated	13	37.142857142857146	0.04488121249846887	5465, 2551, 7528, 23408, 10891, 5629, 7019, 51106, 4899, 2101, 64216, 155061, 2648	35	3603	16792	1.7310653820229174	1.0	0.38819355153858914	53.046236531439675
GOTERM_MF_ALL	GO:0001221~transcription cofactor binding	2	5.714285714285714	0.045341178330136386	5465, 7019	35	23	16881	41.94037267080745	0.9999513018260954	0.14371687457129523	44.45800432477146
GOTERM_BP_ALL	GO:1903506~regulation of nucleic acid-templated transcription	13	37.142857142857146	0.04679111300068378	5465, 2551, 7528, 23408, 10891, 5629, 7019, 51106, 4899, 2101, 64216, 155061, 2648	35	3625	16792	1.7205596059113302	1.0	0.39880911154811916	54.56836034586283
GOTERM_BP_ALL	GO:0007623~circadian rhythm	3	8.571428571428571	0.04724757233229811	5465, 10891, 5629	35	172	16792	8.368106312292358	1.0	0.3995256470314663	54.925216468646276
GOTERM_BP_ALL	GO:2000113~negative regulation of cellular macromolecule biosynthetic process	7	20.0	0.04753775506863782	5465, 2551, 7528, 23408, 5629, 2101, 155061	35	1324	16792	2.5365558912386708	1.0	0.3991358458045289	55.15070824728943
GOTERM_BP_ALL	GO:0006109~regulation of carbohydrate metabolic process	3	8.571428571428571	0.04774068285768213	5465, 10891, 2648	35	173	16792	8.319735755573905	1.0	0.3981800085538042	55.30776696660287
GOTERM_BP_ALL	GO:0007420~brain development	5	14.285714285714285	0.04812834784925748	1340, 10891, 5629, 2648, 835	35	684	16792	3.507101086048454	1.0	0.39844116327173595	55.606370484685264
GOTERM_BP_ALL	GO:0006367~transcription initiation from RNA polymerase II promoter	3	8.571428571428571	0.04823570529843856	5465, 10891, 2101	35	174	16792	8.27192118226601	1.0	0.396885109827237	55.688731889591324
GOTERM_BP_ALL	GO:2001141~regulation of RNA biosynthetic process	13	37.142857142857146	0.048487461168188084	5465, 2551, 7528, 23408, 10891, 5629, 7019, 51106, 4899, 2101, 64216, 155061, 2648	35	3644	16792	1.7115885212482358	1.0	0.39627879090917084	55.881308868292265
GOTERM_BP_ALL	GO:0043401~steroid hormone mediated signaling pathway	3	8.571428571428571	0.05124547413715894	5465, 10891, 2101	35	180	16792	7.996190476190477	1.0	0.411539200823125	57.94016670254436
GOTERM_BP_ALL	GO:0031167~rRNA methylation	2	5.714285714285714	0.051370333693626424	51106, 64216	35	26	16792	36.9054945054945	1.0	0.4100675993840721	58.03120447063266
GOTERM_BP_ALL	GO:1901362~organic cyclic compound biosynthetic process	15	42.857142857142854	0.05159336498175349	2551, 7528, 1329, 10891, 5629, 51106, 4899, 155061, 2648, 5465, 23408, 7019, 2101, 64216, 5442	35	4535	16792	1.5868955741061586	1.0	0.40922139922949285	58.19336094177934
GOTERM_BP_ALL	GO:0035066~positive regulation of histone acetylation	2	5.714285714285714	0.05521402509953221	10891, 2648	35	28	16792	34.26938775510204	1.0	0.4289709013938886	60.74485262694651
GOTERM_BP_ALL	GO:0046320~regulation of fatty acid oxidation	2	5.714285714285714	0.05521402509953221	5465, 10891	35	28	16792	34.26938775510204	1.0	0.4289709013938886	60.74485262694651
GOTERM_BP_ALL	GO:0060322~head development	5	14.285714285714285	0.05619018749851699	1340, 10891, 5629, 2648, 835	35	720	16792	3.331746031746032	1.0	0.4324892313278129	61.40729368470601
GOTERM_BP_ALL	GO:0006006~glucose metabolic process	3	8.571428571428571	0.056934753896783076	5465, 10891, 2648	35	191	16792	7.53567688855647	1.0	0.43459379968902234	61.905495298148196
GOTERM_BP_ALL	GO:2000758~positive regulation of peptidyl-lysine acetylation	2	5.714285714285714	0.05713019803817024	10891, 2648	35	29	16792	33.08768472906404	1.0	0.43348583360813675	62.035265645134885
GOTERM_BP_ALL	GO:0045923~positive regulation of fatty acid metabolic process	2	5.714285714285714	0.059042598757592206	5465, 10891	35	30	16792	31.984761904761903	1.0	0.44223158553118425	63.283332907186406
GOTERM_BP_ALL	GO:0016051~carbohydrate biosynthetic process	3	8.571428571428571	0.05959148451446763	5465, 10891, 2648	35	196	16792	7.3434402332361515	1.0	0.44310130447024654	63.634363988160615
GOTERM_BP_ALL	GO:0051252~regulation of RNA metabolic process	13	37.142857142857146	0.06002844960177458	5465, 2551, 7528, 23408, 10891, 5629, 7019, 51106, 4899, 2101, 64216, 155061, 2648	35	3762	16792	1.6579023315865422	1.0	0.4433327774891702	63.91156179220341
GOTERM_MF_ALL	GO:0008234~cysteine-type peptidase activity	3	8.571428571428571	0.061177503134063	824, 823, 835	35	200	16881	7.234714285714286	0.9999986421042499	0.18766267856777175	55.06778320295442
GOTERM_BP_ALL	GO:0010558~negative regulation of macromolecule biosynthetic process	7	20.0	0.06261866903673233	5465, 2551, 7528, 23408, 5629, 2101, 155061	35	1418	16792	2.3684062059238364	1.0	0.45543318955669176	65.51439818972187
GOTERM_MF_ALL	GO:0000287~magnesium ion binding	3	8.571428571428571	0.06334185719720986	3420, 3419, 3421	35	204	16881	7.0928571428571425	0.9999991713747154	0.19117621907646942	56.36298706029832
GOTERM_CC_ALL	GO:0005634~nucleus	19	54.285714285714285	0.0640936105498801	824, 3420, 2551, 7528, 10891, 5629, 1327, 4899, 155061, 2648, 835, 5465, 54205, 23408, 3419, 6390, 7019, 2101, 3421	35	7048	18224	1.4036646667747688	0.999973334265947	0.2007551203974154	55.02130218248904
GOTERM_BP_ALL	GO:0006110~regulation of glycolytic process	2	5.714285714285714	0.06475723955180572	5465, 10891	35	33	16792	29.077056277056272	1.0	0.4647431080769574	66.78710680561908
GOTERM_CC_ALL	GO:0044427~chromosomal part	5	14.285714285714285	0.06649692369801216	824, 2551, 7528, 10891, 2648	35	827	18224	3.148039385040594	0.9999822824036557	0.20382518912204162	56.394848545226296
GOTERM_BP_ALL	GO:1901985~positive regulation of protein acetylation	2	5.714285714285714	0.06665462327929486	10891, 2648	35	34	16792	28.221848739495794	1.0	0.4725357751062228	67.87921674641065
GOTERM_BP_ALL	GO:0000154~rRNA modification	2	5.714285714285714	0.06665462327929486	51106, 64216	35	34	16792	28.221848739495794	1.0	0.4725357751062228	67.87921674641065
GOTERM_BP_ALL	GO:0044765~single-organism transport	12	34.285714285714285	0.06847069169192889	5465, 1351, 9377, 1350, 1340, 1329, 10891, 1349, 1327, 1337, 1347, 1345	35	3415	16792	1.6858732482744196	1.0	0.4797155787076083	68.89285367403733
GOTERM_BP_ALL	GO:0044763~single-organism cellular process	30	85.71428571428571	0.07141520917165828	824, 1351, 3420, 1350, 823, 10891, 155061, 2648, 5465, 23408, 6392, 3419, 6390, 6391, 1349, 2101, 1347, 1345, 9377, 2551, 7528, 1340, 4728, 1329, 5629, 1327, 835, 54205, 1337, 3421	35	12256	16792	1.1743752331219695	1.0	0.49239605336600933	70.47273247788463
GOTERM_CC_ALL	GO:0044454~nuclear chromosome part	4	11.428571428571429	0.07170422990609765	2551, 7528, 10891, 2648	35	519	18224	4.012992017616295	0.9999927199715888	0.2145011149297359	59.239948618964334
GOTERM_BP_ALL	GO:0009755~hormone-mediated signaling pathway	3	8.571428571428571	0.07349372725335017	5465, 10891, 2101	35	221	16792	6.51273432449903	1.0	0.500423739569978	71.54223880957191
GOTERM_BP_ALL	GO:0031327~negative regulation of cellular biosynthetic process	7	20.0	0.07400168914105598	5465, 2551, 7528, 23408, 5629, 2101, 155061	35	1480	16792	2.2691891891891895	1.0	0.5006469973551526	71.79802167948466
GOTERM_BP_ALL	GO:2000677~regulation of transcription regulatory region DNA binding	2	5.714285714285714	0.07420686602048757	5465, 2648	35	38	16792	25.251127819548874	1.0	0.4994012554205365	71.90072439315057
GOTERM_BP_ALL	GO:0009987~cellular process	35	100.0	0.07443774414582639	824, 3420, 1351, 1350, 823, 10891, 51106, 4899, 155061, 2648, 5465, 23408, 6392, 3419, 6390, 6391, 7019, 1349, 2101, 1347, 64216, 1345, 5442, 9377, 2551, 7528, 1340, 4728, 1329, 5629, 1327, 835, 54205, 1337, 3421	35	15558	16792	1.0793161074688264	1.0	0.4982928925498298	72.01587195109329
GOTERM_BP_ALL	GO:0010629~negative regulation of gene expression	7	20.0	0.07496982844445393	5465, 2551, 7528, 23408, 5629, 2101, 155061	35	1485	16792	2.2615488215488218	1.0	0.49864474647411305	72.27955684524836
GOTERM_BP_ALL	GO:0044283~small molecule biosynthetic process	4	11.428571428571429	0.07519055278500722	5465, 10891, 5629, 2648	35	488	16792	3.9325526932084305	1.0	0.4975059184032944	72.38825481330902
GOTERM_BP_ALL	GO:0009890~negative regulation of biosynthetic process	7	20.0	0.0787170780930409	5465, 2551, 7528, 23408, 5629, 2101, 155061	35	1504	16792	2.2329787234042553	1.0	0.5119156124673139	74.07154475367392
GOTERM_BP_ALL	GO:0019318~hexose metabolic process	3	8.571428571428571	0.07932395308193706	5465, 10891, 2648	35	231	16792	6.230797773654917	1.0	0.5125232827270048	74.35131420654787
GOTERM_MF_ALL	GO:0003682~chromatin binding	4	11.428571428571429	0.08008998037841938	2551, 10891, 7019, 2648	35	504	16881	3.827891156462585	0.9999999825616765	0.23404798480518763	65.28201853959574
GOTERM_MF_ALL	GO:0051539~4 iron, 4 sulfur cluster binding	2	5.714285714285714	0.08128612761844498	4728, 6390	35	42	16881	22.967346938775506	0.9999999867998558	0.2341809647983749	65.84978661789198
GOTERM_MF_ALL	GO:0008134~transcription factor binding	4	11.428571428571429	0.08307771089765775	5465, 10891, 7019, 2648	35	512	16881	3.768080357142857	0.9999999913071655	0.23585416149213279	66.68420471198415
GOTERM_BP_ALL	GO:0043470~regulation of carbohydrate catabolic process	2	5.714285714285714	0.08356379475022152	5465, 10891	35	43	16792	22.314950166112954	1.0	0.5294857783317917	76.22821221187685
GOTERM_CC_ALL	GO:0000228~nuclear chromosome	4	11.428571428571429	0.08388391758196859	2551, 7528, 10891, 2648	35	555	18224	3.7526898326898324	0.999999108480899	0.24316255127806274	65.24246000500395
GOTERM_BP_ALL	GO:0010467~gene expression	16	45.714285714285715	0.08514134106224355	824, 2551, 7528, 10891, 5629, 51106, 4899, 155061, 2648, 835, 5465, 23408, 7019, 2101, 64216, 5442	35	5306	16792	1.4467287706639385	1.0	0.5342324291432204	76.89302438374538
GOTERM_BP_ALL	GO:0071383~cellular response to steroid hormone stimulus	3	8.571428571428571	0.08529611070845756	5465, 10891, 2101	35	241	16792	5.972258446947244	1.0	0.5327191501609054	76.95729832056834
GOTERM_BP_ALL	GO:0005996~monosaccharide metabolic process	3	8.571428571428571	0.08650689685983044	5465, 10891, 2648	35	243	16792	5.923104056437389	1.0	0.5357909268630128	77.45435864585339
GOTERM_BP_ALL	GO:2000112~regulation of cellular macromolecule biosynthetic process	13	37.142857142857146	0.08768994366549931	5465, 2551, 7528, 23408, 10891, 5629, 7019, 51106, 4899, 2101, 64216, 155061, 2648	35	3991	16792	1.5627733829688228	1.0	0.5386942399936383	77.93028950628698
GOTERM_MF_ALL	GO:0004879~RNA polymerase II transcription factor activity, ligand-activated sequence-specific DNA binding	2	5.714285714285714	0.09052481969598827	5465, 2101	35	47	16881	20.52401215805471	0.9999999984821032	0.25179992681015717	69.95532997846038
GOTERM_MF_ALL	GO:0098531~transcription factor activity, direct ligand regulated sequence-specific DNA binding	2	5.714285714285714	0.09052481969598827	5465, 2101	35	47	16881	20.52401215805471	0.9999999984821032	0.25179992681015717	69.95532997846038
GOTERM_BP_ALL	GO:0051146~striated muscle cell differentiation	3	8.571428571428571	0.09078607816749673	824, 5629, 2648	35	250	16792	5.757257142857142	1.0	0.549555130022152	79.13156674318394
GOTERM_BP_ALL	GO:0010677~negative regulation of cellular carbohydrate metabolic process	2	5.714285714285714	0.09098318836570346	5465, 10891	35	47	16792	20.41580547112462	1.0	0.5482154841125879	79.20592565596519
GOTERM_BP_ALL	GO:0006754~ATP biosynthetic process	2	5.714285714285714	0.09467098954462658	1329, 10891	35	49	16792	19.58250728862974	1.0	0.5610979756468488	80.55207574524928
GOTERM_CC_ALL	GO:0005694~chromosome	5	14.285714285714285	0.09513017475105437	824, 2551, 7528, 10891, 2648	35	937	18224	2.7784723280987955	0.9999998749191409	0.26776446508262897	70.05364923672886
GOTERM_BP_ALL	GO:1902578~single-organism localization	12	34.285714285714285	0.09560271757356167	5465, 1351, 9377, 1350, 1340, 1329, 10891, 1349, 1327, 1337, 1347, 1345	35	3614	16792	1.593042928294727	1.0	0.5626762666974541	80.87898825858072
GOTERM_BP_ALL	GO:0044271~cellular nitrogen compound biosynthetic process	15	42.857142857142854	0.09718696976448005	2551, 7528, 1329, 10891, 5629, 51106, 4899, 155061, 2648, 5465, 23408, 7019, 2101, 64216, 5442	35	4947	16792	1.4547344711080308	1.0	0.5668027606083845	81.42302930933096
GOTERM_BP_ALL	GO:0030522~intracellular receptor signaling pathway	3	8.571428571428571	0.09763586221147187	5465, 10891, 2101	35	261	16792	5.514614121510673	1.0	0.5664358730619521	81.57451742099062
GOTERM_BP_ALL	GO:1903578~regulation of ATP metabolic process	2	5.714285714285714	0.0983442679457369	5465, 10891	35	51	16792	18.81456582633053	1.0	0.5670825231344829	81.81122542045969
GOTERM_BP_ALL	GO:0009118~regulation of nucleoside metabolic process	2	5.714285714285714	0.0983442679457369	5465, 10891	35	51	16792	18.81456582633053	1.0	0.5670825231344829	81.81122542045969
GOTERM_BP_ALL	GO:0050810~regulation of steroid biosynthetic process	2	5.714285714285714	0.0983442679457369	10891, 5629	35	51	16792	18.81456582633053	1.0	0.5670825231344829	81.81122542045969
