Category	Term	Count	%	PValue	Genes	List Total	Pop Hits	Pop Total	Fold Enrichment	Bonferroni	Benjamini	FDR
GOTERM_CC_ALL	GO:0005764~lysosome	11	61.111111111111114	1.3596284113283233E-12	1186, 5476, 3482, 4864, 55823, 57617, 8722, 3916, 3920, 1509, 3073	16	544	18224	23.03125	2.406455035242061E-10	2.406455035242061E-10	1.6699530647201755E-9
GOTERM_CC_ALL	GO:0000323~lytic vacuole	11	61.111111111111114	1.3596284113283233E-12	1186, 5476, 3482, 4864, 55823, 57617, 8722, 3916, 3920, 1509, 3073	16	544	18224	23.03125	2.406455035242061E-10	2.406455035242061E-10	1.6699530647201755E-9
GOTERM_CC_ALL	GO:0044437~vacuolar part	11	61.111111111111114	2.1282015398730998E-11	1186, 5476, 3482, 4864, 55823, 57617, 8722, 3916, 3920, 1509, 3073	16	718	18224	17.449860724233982	3.76690978409755E-9	1.8834548365376236E-9	2.6140445363864728E-8
GOTERM_BP_ALL	GO:0006914~autophagy	9	50.0	7.619102442338245E-10	7942, 5476, 4864, 55823, 57617, 3916, 80317, 3920, 1509	16	418	16792	22.59688995215311	1.0758166263391544E-6	1.0758166263391544E-6	1.2566827689575177E-6
GOTERM_CC_ALL	GO:0098852~lytic vacuole membrane	8	44.44444444444444	1.3871395584739745E-9	1186, 5476, 3482, 4864, 55823, 57617, 3916, 3920	16	290	18224	31.420689655172414	2.455236640663827E-7	8.184122801679905E-8	1.7038102040345393E-6
GOTERM_CC_ALL	GO:0005765~lysosomal membrane	8	44.44444444444444	1.3871395584739745E-9	1186, 5476, 3482, 4864, 55823, 57617, 3916, 3920	16	290	18224	31.420689655172414	2.455236640663827E-7	8.184122801679905E-8	1.7038102040345393E-6
GOTERM_CC_ALL	GO:0005773~vacuole	11	61.111111111111114	3.6044450680641393E-9	1186, 5476, 3482, 4864, 55823, 57617, 8722, 3916, 3920, 1509, 3073	16	1212	18224	10.337458745874587	6.379865760131054E-7	1.594966821949484E-7	4.427305377863178E-6
GOTERM_CC_ALL	GO:0005774~vacuolar membrane	8	44.44444444444444	2.3167994053547055E-7	1186, 5476, 3482, 4864, 55823, 57617, 3916, 3920	16	610	18224	14.937704918032786	4.1006513440300374E-5	8.20143721413924E-6	2.845698870768132E-4
GOTERM_CC_ALL	GO:0043202~lysosomal lumen	5	27.77777777777778	6.652387087826913E-7	5476, 8722, 3920, 1509, 3073	16	88	18224	64.7159090909091	1.1774035867995192E-4	1.9624355876546318E-5	8.171032880643914E-4
GOTERM_CC_ALL	GO:0005770~late endosome	6	33.33333333333333	6.818304953786491E-7	3482, 4864, 55823, 57617, 3916, 3920	16	221	18224	30.923076923076923	1.2067675680260681E-4	1.724042835760109E-5	8.374826662826962E-4
GOTERM_CC_ALL	GO:0005775~vacuolar lumen	5	27.77777777777778	2.0151533251105503E-6	5476, 8722, 3920, 1509, 3073	16	116	18224	49.0948275862069	3.566188942873971E-4	4.4584318330653794E-5	0.0024751654506327547
GOTERM_CC_ALL	GO:0098805~whole membrane	9	50.0	3.834271629240064E-6	1186, 5476, 3482, 4864, 55823, 57617, 3916, 3920, 1509	16	1363	18224	7.520909757887014	6.784371368496744E-4	7.540464353439358E-5	0.0047094973628314385
GOTERM_BP_ALL	GO:0080171~lytic vacuole organization	4	22.22222222222222	1.3151767317387985E-5	7942, 55823, 57617, 80317	16	53	16792	79.20754716981132	0.018399049794971645	0.00924223434533289	0.02169010938021243
GOTERM_BP_ALL	GO:0007040~lysosome organization	4	22.22222222222222	1.3151767317387985E-5	7942, 55823, 57617, 80317	16	53	16792	79.20754716981132	0.018399049794971645	0.00924223434533289	0.02169010938021243
GOTERM_CC_ALL	GO:0031410~cytoplasmic vesicle	8	44.44444444444444	3.298114584020803E-5	1186, 3482, 55823, 57617, 3916, 3920, 1509, 3073	16	1284	18224	7.0965732087227416	0.005820752476260904	5.836055442205446E-4	0.04050288996464424
GOTERM_CC_ALL	GO:0097708~intracellular vesicle	8	44.44444444444444	3.331621316043149E-5	1186, 3482, 55823, 57617, 3916, 3920, 1509, 3073	16	1286	18224	7.085536547433903	0.005879714387131751	5.359534132610699E-4	0.04091429605228569
GOTERM_BP_ALL	GO:0031647~regulation of protein stability	5	27.77777777777778	4.0175938693297125E-5	5728, 5476, 55823, 3916, 3920	16	228	16792	23.015350877192983	0.05515044481474729	0.01873218536484267	0.06624494462249553
GOTERM_BP_ALL	GO:0007041~lysosomal transport	4	22.22222222222222	4.2141271062060684E-5	4864, 55823, 57617, 3916	16	78	16792	53.82051282051282	0.05776892180689652	0.014766078390849091	0.06948446654172491
GOTERM_CC_ALL	GO:0031902~late endosome membrane	4	22.22222222222222	1.0003572590258769E-4	4864, 55823, 57617, 3920	16	113	18224	40.31858407079646	0.017551357801305012	0.0014745126011792564	0.12280360785977829
GOTERM_CC_ALL	GO:0031982~vesicle	11	61.111111111111114	1.4609889828388643E-4	1186, 5476, 3482, 4864, 55823, 57617, 8722, 3916, 3920, 1509, 3073	16	3754	18224	3.3375066595631324	0.02552985253978035	0.001987360594204235	0.1793040498870191
GOTERM_CC_ALL	GO:0016023~cytoplasmic, membrane-bounded vesicle	7	38.88888888888889	2.22189809658858E-4	3482, 55823, 57617, 3916, 3920, 1509, 3073	16	1183	18224	6.739644970414202	0.038568506452704154	0.002805483402115616	0.2725717923162674
GOTERM_CC_ALL	GO:0098588~bounding membrane of organelle	8	44.44444444444444	2.3222731672978828E-4	1186, 5476, 3482, 4864, 55823, 57617, 3916, 3920	16	1742	18224	5.230769230769231	0.04027549394413399	0.002736848553519633	0.28486919710033476
GOTERM_CC_ALL	GO:0010008~endosome membrane	5	27.77777777777778	2.75217235575649E-4	4864, 55823, 57617, 3916, 3920	16	407	18224	13.992628992628994	0.04755237018817282	0.0030403783673144114	0.3375223378830783
GOTERM_CC_ALL	GO:0005768~endosome	6	33.33333333333333	3.5643525710464546E-4	3482, 4864, 55823, 57617, 3916, 3920	16	811	18224	8.426633785450061	0.06115068518734945	0.003704901428006613	0.43692675204924925
GOTERM_CC_ALL	GO:0044440~endosomal part	5	27.77777777777778	3.7354272588064653E-4	4864, 55823, 57617, 3916, 3920	16	441	18224	12.913832199546485	0.06399027661887469	0.0036671159983546753	0.4578533207003854
GOTERM_CC_ALL	GO:0043231~intracellular membrane-bounded organelle	16	88.88888888888889	5.374006283106259E-4	1186, 5728, 4864, 8722, 80317, 5465, 7942, 5476, 3482, 55823, 57617, 3916, 3920, 9971, 1509, 3073	16	11035	18224	1.6514725872224738	0.09075935068484864	0.004995139385593594	0.658086552468029
GOTERM_CC_ALL	GO:0031988~membrane-bounded vesicle	10	55.55555555555556	7.265095388147578E-4	5476, 3482, 4864, 55823, 57617, 8722, 3916, 3920, 1509, 3073	16	3611	18224	3.1542509000276935	0.12070859963105085	0.006411305448054461	0.8887164042143292
GOTERM_BP_ALL	GO:0007033~vacuole organization	4	22.22222222222222	8.29309104724413E-4	7942, 55823, 57617, 80317	16	214	16792	19.616822429906545	0.6900890492837977	0.20887085435009467	1.3590967061305914
GOTERM_CC_ALL	GO:0030139~endocytic vesicle	4	22.22222222222222	0.001137634481058969	3482, 55823, 3916, 3920	16	259	18224	17.590733590733592	0.18247674315106732	0.009548215336162347	1.3884124102452988
GOTERM_CC_ALL	GO:0044446~intracellular organelle part	14	77.77777777777779	0.001153754510801051	1186, 5728, 4864, 8722, 5465, 5476, 55823, 3482, 57617, 3916, 3920, 9971, 1509, 3073	16	8233	18224	1.9368395481598446	0.1848086808214674	0.009244839700168317	1.4079580403537961
GOTERM_BP_ALL	GO:0016192~vesicle-mediated transport	7	38.88888888888889	0.0012141041682230537	5728, 3482, 4864, 55823, 57617, 3916, 3920	16	1494	16792	4.917336010709504	0.8201004441989457	0.24865682023721425	1.9837995761687766
GOTERM_BP_ALL	GO:0010507~negative regulation of autophagy	3	16.666666666666664	0.0014095246952636016	5476, 4864, 80317	16	63	16792	49.976190476190474	0.8635303238278632	0.24762607243696044	2.299633923497557
GOTERM_CC_ALL	GO:0044422~organelle part	14	77.77777777777779	0.001485088764877618	1186, 5728, 4864, 8722, 5465, 5476, 55823, 3482, 57617, 3916, 3920, 9971, 1509, 3073	16	8415	18224	1.894949494949495	0.23130122066528547	0.011372064953281913	1.808915292089397
GOTERM_BP_ALL	GO:0010506~regulation of autophagy	4	22.22222222222222	0.0016037781856844849	7942, 5476, 4864, 80317	16	269	16792	15.605947955390333	0.8963103159852458	0.24670177539568383	2.612634487571641
GOTERM_MF_ALL	GO:0019904~protein domain specific binding	5	27.77777777777778	0.0017171570559443151	5465, 5728, 55823, 3916, 3920	16	614	16881	8.591714169381106	0.3065449391217603	0.3065449391217603	2.1528167553100497
GOTERM_BP_ALL	GO:0006810~transport	11	61.111111111111114	0.0019218435534254766	5465, 1186, 5728, 5476, 3482, 4864, 55823, 57617, 3916, 3920, 9971	16	4663	16792	2.4757666738151407	0.9338780187445709	0.2605184930579004	3.1231000406134357
GOTERM_BP_ALL	GO:0007034~vacuolar transport	4	22.22222222222222	0.0019690056077137728	4864, 55823, 57617, 3916	16	289	16792	14.525951557093427	0.9381458859905337	0.2429285669419633	3.1985764613553846
GOTERM_CC_ALL	GO:0043229~intracellular organelle	16	88.88888888888889	0.002139532904736836	1186, 5728, 4864, 8722, 80317, 5465, 7942, 5476, 3482, 55823, 57617, 3916, 3920, 9971, 1509, 3073	16	12099	18224	1.5062401851392677	0.31552490600230454	0.01567185732359988	2.596479543702823
GOTERM_MF_ALL	GO:0008289~lipid binding	5	27.77777777777778	0.002189534346450952	5465, 5728, 3482, 4864, 9971	16	656	16881	8.041634908536585	0.3730460147195558	0.20819574055171675	2.737508354091267
GOTERM_CC_ALL	GO:0005776~autophagosome	3	16.666666666666664	0.0022719338713190844	55823, 57617, 3920	16	87	18224	39.275862068965516	0.3314137010065724	0.01597462227504165	2.75510468056287
GOTERM_BP_ALL	GO:0051234~establishment of localization	11	61.111111111111114	0.002403203642081308	5465, 1186, 5728, 5476, 3482, 4864, 55823, 57617, 3916, 3920, 9971	16	4790	16792	2.4101252609603336	0.9665400979482193	0.2657129336447096	3.8908605248221595
GOTERM_CC_ALL	GO:0043227~membrane-bounded organelle	16	88.88888888888889	0.0024508244808823074	1186, 5728, 4864, 8722, 80317, 5465, 7942, 5476, 3482, 55823, 57617, 3916, 3920, 9971, 1509, 3073	16	12209	18224	1.4926693422884756	0.3523004723716088	0.016566183998806938	2.969050597498668
GOTERM_CC_ALL	GO:0030117~membrane coat	3	16.666666666666664	0.0025906644994704055	3482, 55823, 57617	16	93	18224	36.74193548387097	0.3681748697556855	0.016861508380883072	3.1359923960439184
GOTERM_CC_ALL	GO:0048475~coated membrane	3	16.666666666666664	0.0025906644994704055	3482, 55823, 57617	16	93	18224	36.74193548387097	0.3681748697556855	0.016861508380883072	3.1359923960439184
GOTERM_CC_ALL	GO:0031090~organelle membrane	8	44.44444444444444	0.0029681729068924	1186, 5476, 3482, 4864, 55823, 57617, 3916, 3920	16	2646	18224	3.4436885865457296	0.40912325714676057	0.018615544240710102	3.585347422960816
GOTERM_BP_ALL	GO:0009057~macromolecule catabolic process	6	33.33333333333333	0.0030395996380265444	5728, 5476, 55823, 8722, 1509, 3073	16	1201	16792	5.2431307243963365	0.9864104041246075	0.301069683750257	4.897129283809587
GOTERM_BP_ALL	GO:0051049~regulation of transport	7	38.88888888888889	0.003162911678331887	5465, 1186, 5728, 55823, 57617, 3916, 9971	16	1796	16792	4.090478841870824	0.9885882191493094	0.29113154914599015	5.090961955909035
GOTERM_BP_ALL	GO:1901575~organic substance catabolic process	7	38.88888888888889	0.0040902376637571985	5465, 5728, 5476, 55823, 8722, 1509, 3073	16	1889	16792	3.8890947591318157	0.9969336253138675	0.33858623333963556	6.536770015534643
GOTERM_CC_ALL	GO:0033263~CORVET complex	2	11.11111111111111	0.004109133187174874	55823, 57617	16	5	18224	455.59999999999997	0.517519609605156	0.02481838325670882	4.931839607775446
GOTERM_CC_ALL	GO:0070062~extracellular exosome	8	44.44444444444444	0.004222426436162669	5476, 3482, 4864, 8722, 3916, 3920, 1509, 3073	16	2811	18224	3.241551049448595	0.5271380488985882	0.02465600976273552	5.064594259569743
GOTERM_BP_ALL	GO:0030260~entry into host cell	3	16.666666666666664	0.004298448316733006	4864, 57617, 3916	16	111	16792	28.364864864864867	0.99771751620559	0.3333561962225271	6.858537656179841
GOTERM_BP_ALL	GO:0051828~entry into other organism involved in symbiotic interaction	3	16.666666666666664	0.004298448316733006	4864, 57617, 3916	16	111	16792	28.364864864864867	0.99771751620559	0.3333561962225271	6.858537656179841
GOTERM_BP_ALL	GO:0051806~entry into cell of other organism involved in symbiotic interaction	3	16.666666666666664	0.004298448316733006	4864, 57617, 3916	16	111	16792	28.364864864864867	0.99771751620559	0.3333561962225271	6.858537656179841
GOTERM_BP_ALL	GO:0046718~viral entry into host cell	3	16.666666666666664	0.004298448316733006	4864, 57617, 3916	16	111	16792	28.364864864864867	0.99771751620559	0.3333561962225271	6.858537656179841
GOTERM_BP_ALL	GO:0044409~entry into host	3	16.666666666666664	0.004298448316733006	4864, 57617, 3916	16	111	16792	28.364864864864867	0.99771751620559	0.3333561962225271	6.858537656179841
GOTERM_CC_ALL	GO:1903561~extracellular vesicle	8	44.44444444444444	0.004345485935547745	5476, 3482, 4864, 8722, 3916, 3920, 1509, 3073	16	2825	18224	3.225486725663717	0.5373697015049784	0.02455879094443625	5.208599843315875
GOTERM_CC_ALL	GO:0043230~extracellular organelle	8	44.44444444444444	0.0043543824889972094	5476, 3482, 4864, 8722, 3916, 3920, 1509, 3073	16	2826	18224	3.2243453644727533	0.5381008052621133	0.02384878278929181	5.219002906769954
GOTERM_BP_ALL	GO:0044765~single-organism transport	9	50.0	0.004707962248702641	5465, 1186, 5728, 4864, 55823, 57617, 3916, 3920, 9971	16	3415	16792	2.7658857979502196	0.9987231260433057	0.34062230530965354	7.488364596217723
GOTERM_BP_ALL	GO:0006629~lipid metabolic process	6	33.33333333333333	0.0047381476425816076	5465, 5728, 5476, 4864, 9971, 3073	16	1330	16792	4.734586466165414	0.9987766526475825	0.3259697323084916	7.534630655988128
GOTERM_BP_ALL	GO:0030163~protein catabolic process	5	27.77777777777778	0.004808294232473496	5728, 5476, 55823, 8722, 1509	16	811	16792	6.470406905055487	0.9988925403293736	0.3148336975324594	7.6420625110703355
GOTERM_BP_ALL	GO:0006887~exocytosis	4	22.22222222222222	0.005071202532925021	55823, 57617, 3916, 3920	16	404	16792	10.39108910891089	0.9992373839488329	0.314652490305656	8.043673011866249
GOTERM_BP_ALL	GO:0061684~chaperone-mediated autophagy	2	11.11111111111111	0.005348534603931229	5476, 3920	16	6	16792	349.8333333333333	0.999485543514033	0.31519419624591594	8.465538510107395
GOTERM_BP_ALL	GO:0009056~catabolic process	7	38.88888888888889	0.0056191363794325	5465, 5728, 5476, 55823, 8722, 1509, 3073	16	2012	16792	3.651341948310139	0.9996496563968793	0.3153760239508162	8.875413234093344
GOTERM_BP_ALL	GO:0045184~establishment of protein localization	7	38.88888888888889	0.005745891913432353	5476, 4864, 55823, 57617, 3916, 3920, 9971	16	2021	16792	3.6350816427511132	0.9997073689150993	0.3091588433769662	9.066813614611746
GOTERM_BP_ALL	GO:0033993~response to lipid	5	27.77777777777778	0.005924929005966416	5465, 5728, 3482, 4864, 9971	16	860	16792	6.101744186046512	0.9997730729746425	0.3056790486149513	9.336515615258046
GOTERM_BP_ALL	GO:0050821~protein stabilization	3	16.666666666666664	0.006380828715816691	5728, 3916, 3920	16	136	16792	23.150735294117645	0.9998812627850362	0.31381515967519824	10.019895354021058
GOTERM_BP_ALL	GO:1902578~single-organism localization	9	50.0	0.006781937234450141	5465, 1186, 5728, 4864, 55823, 57617, 3916, 3920, 9971	16	3614	16792	2.613586054233536	0.9999328589670318	0.31910597879085156	10.6171405178333
GOTERM_BP_ALL	GO:0060627~regulation of vesicle-mediated transport	4	22.22222222222222	0.006799959781885735	5728, 55823, 57617, 3916	16	449	16792	9.34966592427617	0.9999345573921055	0.3096464516092876	10.643888229738497
GOTERM_BP_ALL	GO:0033036~macromolecule localization	8	44.44444444444444	0.006827181221001547	5465, 5476, 4864, 55823, 57617, 3916, 3920, 9971	16	2817	16792	2.9804756833510826	0.9999370416634179	0.30110911010117836	10.684273991512882
GOTERM_BP_ALL	GO:0030534~adult behavior	3	16.666666666666664	0.006936978250895112	5465, 5728, 4864	16	142	16792	22.172535211267608	0.9999461412202504	0.2960450366508828	10.84699501490195
GOTERM_CC_ALL	GO:0030136~clathrin-coated vesicle	3	16.666666666666664	0.00710576716122325	3482, 55823, 57617	16	156	18224	21.903846153846153	0.7169723278804045	0.03752655826682916	8.38645281541478
GOTERM_CC_ALL	GO:0043226~organelle	16	88.88888888888889	0.007503206525029448	1186, 5728, 4864, 8722, 80317, 5465, 7942, 5476, 3482, 55823, 57617, 3916, 3920, 9971, 1509, 3073	16	13154	18224	1.3854340884901932	0.7363347574668915	0.03844939907356015	8.835868462030195
GOTERM_BP_ALL	GO:0035542~regulation of SNARE complex assembly	2	11.11111111111111	0.008012778189472075	55823, 57617	16	9	16792	233.22222222222223	0.9999883431301342	0.3241004829256654	12.426684025351985
GOTERM_BP_ALL	GO:0051701~interaction with host	3	16.666666666666664	0.008523992697460679	4864, 57617, 3916	16	158	16792	19.92721518987342	0.9999943703761778	0.3316314913000047	13.168092883474458
GOTERM_BP_ALL	GO:0032940~secretion by cell	5	27.77777777777778	0.008917031972638193	55823, 57617, 3916, 3920, 9971	16	966	16792	5.432194616977226	0.9999967838372751	0.335006568907917	13.734099792867383
GOTERM_CC_ALL	GO:0030123~AP-3 adaptor complex	2	11.11111111111111	0.009019289965896507	55823, 57617	16	11	18224	207.0909090909091	0.7988405031479333	0.04478494584425197	10.531689347326445
GOTERM_BP_ALL	GO:0044248~cellular catabolic process	6	33.33333333333333	0.01081820805614316	5465, 5728, 5476, 55823, 8722, 3073	16	1616	16792	3.8966584158415842	0.9999997862665803	0.38118830401567516	16.423350510161562
GOTERM_CC_ALL	GO:0030897~HOPS complex	2	11.11111111111111	0.011465886327622238	55823, 57617	16	14	18224	162.7142857142857	0.8701254607129931	0.055122152342284014	13.207329386186128
GOTERM_CC_ALL	GO:0005767~secondary lysosome	2	11.11111111111111	0.011465886327622238	3916, 3920	16	14	18224	162.7142857142857	0.8701254607129931	0.055122152342284014	13.207329386186128
GOTERM_BP_ALL	GO:2000188~regulation of cholesterol homeostasis	2	11.11111111111111	0.011554742851844995	4864, 9971	16	13	16792	161.46153846153845	0.9999999253375751	0.39181823210899414	17.443868444193022
GOTERM_BP_ALL	GO:0051179~localization	11	61.111111111111114	0.01232501016144547	5465, 1186, 5728, 5476, 3482, 4864, 55823, 57617, 3916, 3920, 9971	16	5872	16792	1.966025204359673	0.9999999751659298	0.40251784544982583	18.498595761864177
GOTERM_BP_ALL	GO:0046903~secretion	5	27.77777777777778	0.013873583880055792	55823, 57617, 3916, 3920, 9971	16	1098	16792	4.779143897996357	0.9999999972909256	0.430854304674539	20.5808685405375
GOTERM_BP_ALL	GO:0008104~protein localization	7	38.88888888888889	0.014645851483716716	5476, 4864, 55823, 57617, 3916, 3920, 9971	16	2448	16792	3.0010212418300655	0.9999999991038157	0.43936823152791826	21.60051449928565
GOTERM_BP_ALL	GO:0090344~negative regulation of cell aging	2	11.11111111111111	0.015084900975773762	5728, 80317	16	17	16792	123.4705882352941	0.9999999995223618	0.4401344334007137	22.174707298518083
GOTERM_CC_ALL	GO:0031974~membrane-enclosed lumen	9	50.0	0.015097307093425742	5465, 5728, 5476, 3482, 8722, 3920, 9971, 1509, 3073	16	4457	18224	2.299977563383442	0.9322953486609157	0.07018811146145398	17.043419795548374
GOTERM_BP_ALL	GO:0032879~regulation of localization	7	38.88888888888889	0.015370277722313114	5465, 1186, 5728, 55823, 57617, 3916, 9971	16	2473	16792	2.9706833805095028	0.9999999996827562	0.43761120011677446	22.54580464922148
GOTERM_CC_ALL	GO:0030135~coated vesicle	3	16.666666666666664	0.016198535985596764	3482, 55823, 57617	16	240	18224	14.237499999999999	0.944458037926037	0.07324760669808783	18.17555585906122
GOTERM_CC_ALL	GO:0044424~intracellular part	16	88.88888888888889	0.01644388779782	1186, 5728, 4864, 8722, 80317, 5465, 7942, 5476, 3482, 55823, 57617, 3916, 3920, 9971, 1509, 3073	16	13860	18224	1.3148629148629147	0.9468567556357477	0.07248876034052965	18.4258524967442
GOTERM_BP_ALL	GO:0051641~cellular localization	7	38.88888888888889	0.017472242902976644	5728, 5476, 4864, 55823, 57617, 3916, 9971	16	2541	16792	2.8911845730027546	0.9999999999844797	0.47174510659554436	25.22837905696046
GOTERM_CC_ALL	GO:0005576~extracellular region	9	50.0	0.018853049094004568	5728, 5476, 3482, 4864, 8722, 3916, 3920, 1509, 3073	16	4623	18224	2.217391304347826	0.965570686629409	0.08077207535283015	20.846480491312235
GOTERM_BP_ALL	GO:0071383~cellular response to steroid hormone stimulus	3	16.666666666666664	0.019045058624388114	5465, 4864, 9971	16	241	16792	13.064315352697095	0.9999999999983838	0.4927619902083582	27.178287418450132
GOTERM_CC_ALL	GO:0098857~membrane microdomain	3	16.666666666666664	0.021358988120798172	4864, 3920, 1509	16	278	18224	12.29136690647482	0.9781050537458404	0.0889953735043234	23.294189708526936
GOTERM_BP_ALL	GO:0071702~organic substance transport	7	38.88888888888889	0.02152525062899839	5465, 5476, 4864, 55823, 57617, 3920, 9971	16	2657	16792	2.7649604817463302	0.9999999999999547	0.5273515639345479	30.156345677258333
GOTERM_BP_ALL	GO:0044257~cellular protein catabolic process	4	22.22222222222222	0.02163974061313334	5728, 5476, 55823, 8722	16	689	16792	6.0928882438316405	0.9999999999999616	0.5207315694895522	30.291016364068756
GOTERM_CC_ALL	GO:0044444~cytoplasmic part	12	66.66666666666666	0.022703572943035464	1186, 5728, 5476, 3482, 4864, 55823, 57617, 8722, 3916, 3920, 1509, 3073	16	8090	18224	1.6894932014833126	0.9828344766141796	0.0922463058001054	24.578679751006906
GOTERM_BP_ALL	GO:0032102~negative regulation of response to external stimulus	3	16.666666666666664	0.02307539299267585	5465, 5728, 9971	16	267	16792	11.792134831460674	0.9999999999999952	0.5354150477161728	31.9591508350921
GOTERM_CC_ALL	GO:0005737~cytoplasm	14	77.77777777777779	0.02317667682460731	7942, 1186, 5476, 5728, 3482, 4864, 55823, 57617, 8722, 3916, 80317, 3920, 1509, 3073	16	10775	18224	1.479907192575406	0.9842443751517302	0.09201244010324161	25.025918782955248
GOTERM_BP_ALL	GO:0080134~regulation of response to stress	5	27.77777777777778	0.02354321479450914	5465, 5728, 3916, 80317, 9971	16	1285	16792	4.083657587548638	0.9999999999999976	0.5344608073829824	32.49457825432368
GOTERM_BP_ALL	GO:0008219~cell death	6	33.33333333333333	0.023602547124705338	5465, 5728, 3482, 4864, 3916, 9971	16	1958	16792	3.2160367722165475	0.9999999999999978	0.5273856040558675	32.562201262163285
GOTERM_BP_ALL	GO:0031331~positive regulation of cellular catabolic process	3	16.666666666666664	0.02388800369396207	5465, 5728, 55823	16	272	16792	11.575367647058822	0.9999999999999986	0.5239145422774648	32.88665689618055
GOTERM_CC_ALL	GO:0005622~intracellular	16	88.88888888888889	0.02406022703086033	1186, 5728, 4864, 8722, 80317, 5465, 7942, 5476, 3482, 55823, 57617, 3916, 3920, 9971, 1509, 3073	16	14216	18224	1.2819358469330333	0.9865762431416174	0.09332491106208451	25.854647814152663
GOTERM_BP_ALL	GO:0065008~regulation of biological quality	8	44.44444444444444	0.024109625034179342	5465, 5728, 5476, 4864, 55823, 3916, 3920, 9971	16	3548	16792	2.3664036076662907	0.9999999999999989	0.5196254177591613	33.13754435830371
GOTERM_CC_ALL	GO:0012505~endomembrane system	8	44.44444444444444	0.025028714085082893	5476, 3482, 4864, 55823, 57617, 3916, 3920, 3073	16	3878	18224	2.3496647756575553	0.9887396187810529	0.09489038203657207	26.75337097765942
GOTERM_CC_ALL	GO:0044421~extracellular region part	8	44.44444444444444	0.025028714085082893	5476, 3482, 4864, 8722, 3916, 3920, 1509, 3073	16	3878	18224	2.3496647756575553	0.9887396187810529	0.09489038203657207	26.75337097765942
GOTERM_MF_ALL	GO:0043168~anion binding	3	16.666666666666664	0.02546621039102053	1186, 3482, 9971	16	283	16881	11.184408127208481	0.9958909626445196	0.8398304225588566	27.867052650042567
GOTERM_BP_ALL	GO:0051649~establishment of localization in cell	6	33.33333333333333	0.025870593612465142	5728, 5476, 55823, 57617, 3916, 9971	16	2004	16792	3.1422155688622753	0.9999999999999999	0.5374700095602524	35.09997460876233
GOTERM_CC_ALL	GO:0005769~early endosome	3	16.666666666666664	0.026484291044285034	3482, 55823, 57617	16	312	18224	10.951923076923077	0.9913562022413848	0.09812623836102596	28.085289312940475
GOTERM_BP_ALL	GO:0005975~carbohydrate metabolic process	4	22.22222222222222	0.029709349107046888	5465, 5728, 4864, 3073	16	778	16792	5.395886889460154	1.0	0.5806667106450849	39.19194542148146
GOTERM_BP_ALL	GO:0006869~lipid transport	3	16.666666666666664	0.030806704453002418	5465, 4864, 9971	16	312	16792	10.091346153846153	1.0	0.5867339489208365	40.316362696966536
GOTERM_BP_ALL	GO:0006904~vesicle docking involved in exocytosis	2	11.11111111111111	0.030825484250599666	55823, 57617	16	35	16792	59.971428571428575	1.0	0.57973652265518	40.33543453154097
GOTERM_BP_ALL	GO:0090342~regulation of cell aging	2	11.11111111111111	0.030825484250599666	5728, 80317	16	35	16792	59.971428571428575	1.0	0.57973652265518	40.33543453154097
GOTERM_CC_ALL	GO:0098589~membrane region	3	16.666666666666664	0.03343744606692289	4864, 3920, 1509	16	354	18224	9.652542372881356	0.9975694533152643	0.12021474271534138	34.14616343149398
GOTERM_CC_ALL	GO:0030141~secretory granule	3	16.666666666666664	0.03413390924447916	3916, 3920, 3073	16	358	18224	9.544692737430168	0.997860586581283	0.1202057081914063	34.72664137593468
GOTERM_BP_ALL	GO:0009896~positive regulation of catabolic process	3	16.666666666666664	0.03472463374460333	5465, 5728, 55823	16	333	16792	9.454954954954955	1.0	0.6169798029172224	44.17359332877624
GOTERM_BP_ALL	GO:0060341~regulation of cellular localization	4	22.22222222222222	0.03551707654144509	5728, 55823, 3916, 9971	16	834	16792	5.03357314148681	1.0	0.6184223657424377	44.924728987310125
GOTERM_CC_ALL	GO:0030119~AP-type membrane coat adaptor complex	2	11.11111111111111	0.035623712966961464	55823, 57617	16	44	18224	51.77272727272727	0.9983720743272767	0.12280815986509286	35.952593823907804
GOTERM_MF_ALL	GO:0000982~transcription factor activity, RNA polymerase II core promoter proximal region sequence-specific binding	3	16.666666666666664	0.03630436687944454	5465, 80317, 9971	16	343	16881	9.227951895043732	0.9996205130990011	0.8604277121620183	37.3921623914977
GOTERM_BP_ALL	GO:0010876~lipid localization	3	16.666666666666664	0.03646137811818485	5465, 4864, 9971	16	342	16792	9.206140350877192	1.0	0.6213765123193241	45.80740989912474
GOTERM_MF_ALL	GO:0044212~transcription regulatory region DNA binding	4	22.22222222222222	0.03711331515110847	5465, 7942, 80317, 9971	16	853	16881	4.947538100820633	0.9996826682053663	0.8003346436623917	38.05441844480843
GOTERM_MF_ALL	GO:0000975~regulatory region DNA binding	4	22.22222222222222	0.03744636020454219	5465, 7942, 80317, 9971	16	856	16881	4.930198598130842	0.9997052102726385	0.7420203846355682	38.325190297534284
GOTERM_MF_ALL	GO:0001067~regulatory region nucleic acid binding	4	22.22222222222222	0.03755772914834555	5465, 7942, 80317, 9971	16	857	16881	4.924445740956826	0.9997123868182074	0.6880280547229773	38.41549183420001
GOTERM_BP_ALL	GO:0008206~bile acid metabolic process	2	11.11111111111111	0.037745658945813075	4864, 9971	16	43	16792	48.81395348837209	1.0	0.6276034735786553	46.98657329018262
GOTERM_BP_ALL	GO:0008333~endosome to lysosome transport	2	11.11111111111111	0.03860743070019994	55823, 57617	16	44	16792	47.70454545454546	1.0	0.6294430996928935	47.764250905333114
GOTERM_BP_ALL	GO:0044802~single-organism membrane organization	4	22.22222222222222	0.03908836503608471	5728, 4864, 55823, 57617	16	866	16792	4.847575057736721	1.0	0.627577691971445	48.1935821294551
GOTERM_BP_ALL	GO:0010941~regulation of cell death	5	27.77777777777778	0.03967595439219663	5465, 5728, 3482, 4864, 9971	16	1509	16792	3.477468522200133	1.0	0.6267803911898537	48.71362576006001
GOTERM_MF_ALL	GO:0004879~RNA polymerase II transcription factor activity, ligand-activated sequence-specific DNA binding	2	11.11111111111111	0.04097539835333459	5465, 9971	16	47	16881	44.89627659574468	0.9998651855758188	0.6717406953964105	41.128149856563375
GOTERM_MF_ALL	GO:0098531~transcription factor activity, direct ligand regulated sequence-specific DNA binding	2	11.11111111111111	0.04097539835333459	5465, 9971	16	47	16881	44.89627659574468	0.9998651855758188	0.6717406953964105	41.128149856563375
GOTERM_BP_ALL	GO:0060548~negative regulation of cell death	4	22.22222222222222	0.04272221855923225	5465, 5728, 4864, 9971	16	897	16792	4.680044593088071	1.0	0.6482800064461811	51.33201222317035
GOTERM_BP_ALL	GO:0031329~regulation of cellular catabolic process	3	16.666666666666664	0.043530906680652494	5465, 5728, 55823	16	377	16792	8.351458885941645	1.0	0.6491489231277789	52.00571515590588
GOTERM_BP_ALL	GO:0014070~response to organic cyclic compound	4	22.22222222222222	0.04380915569862677	5465, 5728, 4864, 9971	16	906	16792	4.63355408388521	1.0	0.6454684496900744	52.23548636522792
GOTERM_CC_ALL	GO:0070013~intracellular organelle lumen	8	44.44444444444444	0.04390143893566333	5465, 5728, 5476, 8722, 3920, 9971, 1509, 3073	16	4328	18224	2.1053604436229203	0.9996460257826462	0.14694028629430067	42.387583654897675
GOTERM_BP_ALL	GO:0048545~response to steroid hormone	3	16.666666666666664	0.04436984751262498	5465, 4864, 9971	16	381	16792	8.263779527559056	1.0	0.6442727782656137	52.695356420192205
GOTERM_MF_ALL	GO:0098811~transcriptional repressor activity, RNA polymerase II activating transcription factor binding	2	11.11111111111111	0.04694229011729714	5465, 9971	16	54	16881	39.07638888888889	0.9999643229132898	0.6795051593138535	45.601911462422926
GOTERM_MF_ALL	GO:0001190~transcriptional activator activity, RNA polymerase II transcription factor binding	2	11.11111111111111	0.04694229011729714	5465, 9971	16	54	16881	39.07638888888889	0.9999643229132898	0.6795051593138535	45.601911462422926
GOTERM_BP_ALL	GO:0051704~multi-organism process	6	33.33333333333333	0.04702150370961297	5728, 3482, 4864, 57617, 3916, 9971	16	2341	16792	2.689876121315677	1.0	0.6602215341104731	54.81441195985723
GOTERM_BP_ALL	GO:0044708~single-organism behavior	3	16.666666666666664	0.04735451424663099	5465, 5728, 4864	16	395	16792	7.970886075949367	1.0	0.6570963472313955	55.07414153317794
GOTERM_CC_ALL	GO:0043233~organelle lumen	8	44.44444444444444	0.04765524612323229	5465, 5728, 5476, 8722, 3920, 9971, 1509, 3073	16	4400	18224	2.070909090909091	0.9998235700559321	0.15588157806508895	45.10521270124518
GOTERM_BP_ALL	GO:0034613~cellular protein localization	5	27.77777777777778	0.04773493552669996	5476, 4864, 55823, 57617, 3916	16	1600	16792	3.2796875	1.0	0.6544147644611074	55.36913250997746
GOTERM_CC_ALL	GO:0030670~phagocytic vesicle membrane	2	11.11111111111111	0.048281464786461906	3916, 3920	16	60	18224	37.96666666666667	0.9998429603320361	0.15502018612380863	45.54693934603853
GOTERM_BP_ALL	GO:0070727~cellular macromolecule localization	5	27.77777777777778	0.048958792451640136	5476, 4864, 55823, 57617, 3916	16	1613	16792	3.2532548047117174	1.0	0.6583370465386407	56.30585581277453
GOTERM_BP_ALL	GO:0031667~response to nutrient levels	3	16.666666666666664	0.049312267821086546	5465, 5728, 9971	16	404	16792	7.7933168316831685	1.0	0.655525783390456	56.572944140087664
GOTERM_BP_ALL	GO:0048278~vesicle docking	2	11.11111111111111	0.04974511272566178	55823, 57617	16	57	16792	36.824561403508774	1.0	0.6533777465072027	56.897915829414615
GOTERM_CC_ALL	GO:0098552~side of membrane	3	16.666666666666664	0.05044325264441219	5728, 5476, 3916	16	444	18224	7.695945945945946	0.999894996549379	0.15874362314305834	47.04686738614796
GOTERM_MF_ALL	GO:0003707~steroid hormone receptor activity	2	11.11111111111111	0.051183121636663435	5465, 9971	16	59	16881	35.764830508474574	0.9999862008746478	0.6734233302829141	48.58880274156603
GOTERM_BP_ALL	GO:0044265~cellular macromolecule catabolic process	4	22.22222222222222	0.052749097693259146	5728, 5476, 55823, 8722	16	976	16792	4.301229508196721	1.0	0.6700973660901659	59.09109587796325
GOTERM_MF_ALL	GO:0033293~monocarboxylic acid binding	2	11.11111111111111	0.05456309886139827	3482, 9971	16	63	16881	33.49404761904762	0.9999935474263715	0.6625903163885751	50.86038733038303
GOTERM_CC_ALL	GO:0098796~membrane protein complex	4	22.22222222222222	0.05459226666001734	3482, 55823, 57617, 3920	16	1074	18224	4.242085661080075	0.9999516284913673	0.16807343341628456	49.81980403983047
GOTERM_MF_ALL	GO:0060089~molecular transducer activity	5	27.77777777777778	0.05465611412472749	5465, 3482, 4864, 3916, 9971	16	1680	16881	3.1400669642857144	0.9999936812438578	0.6312608080942443	50.921572394054515
GOTERM_MF_ALL	GO:0004872~receptor activity	5	27.77777777777778	0.05465611412472749	5465, 3482, 4864, 3916, 9971	16	1680	16881	3.1400669642857144	0.9999936812438578	0.6312608080942443	50.921572394054515
GOTERM_BP_ALL	GO:0031338~regulation of vesicle fusion	2	11.11111111111111	0.054844858738531045	55823, 57617	16	63	16792	33.317460317460316	1.0	0.6794745246883754	60.55863114516976
GOTERM_CC_ALL	GO:0099503~secretory vesicle	3	16.666666666666664	0.05520947116958332	3916, 3920, 3073	16	467	18224	7.316916488222698	0.9999569087606576	0.16703787519743973	50.22071183436631
GOTERM_BP_ALL	GO:0009991~response to extracellular stimulus	3	16.666666666666664	0.05628129651039559	5465, 5728, 9971	16	435	16792	7.237931034482759	1.0	0.6840008688415757	61.535759851962915
GOTERM_BP_ALL	GO:0002376~immune system process	6	33.33333333333333	0.05694232991089949	7942, 5728, 8722, 3916, 9971, 1509	16	2465	16792	2.5545638945233264	1.0	0.6832863191860344	61.97774208201846
GOTERM_BP_ALL	GO:0007032~endosome organization	2	11.11111111111111	0.05823048571115557	55823, 57617	16	67	16792	31.328358208955223	1.0	0.6866534928236454	62.82536038450874
GOTERM_BP_ALL	GO:0061024~membrane organization	4	22.22222222222222	0.05979704582665615	5728, 4864, 55823, 57617	16	1027	16792	4.08763388510224	1.0	0.691653234911169	63.83225384251985
GOTERM_MF_ALL	GO:0001618~virus receptor activity	2	11.11111111111111	0.060451032474703806	4864, 3916	16	70	16881	30.144642857142856	0.9999982945602433	0.6400061293838651	54.59799741429967
GOTERM_BP_ALL	GO:0022406~membrane docking	2	11.11111111111111	0.0607622740828824	55823, 57617	16	70	16792	29.985714285714288	1.0	0.692776843324101	64.43983058167224
GOTERM_BP_ALL	GO:0019058~viral life cycle	3	16.666666666666664	0.06095572746255651	4864, 57617, 3916	16	455	16792	6.91978021978022	1.0	0.6891607174141958	64.56044345249884
GOTERM_BP_ALL	GO:0044255~cellular lipid metabolic process	4	22.22222222222222	0.06209938118112438	5465, 5728, 5476, 3073	16	1043	16792	4.0249280920421855	1.0	0.691382029605522	65.2656655122881
GOTERM_BP_ALL	GO:0006687~glycosphingolipid metabolic process	2	11.11111111111111	0.06244660226027786	5476, 3073	16	72	16792	29.15277777777778	1.0	0.6887882302730288	65.47715315812384
GOTERM_BP_ALL	GO:0006820~anion transport	3	16.666666666666664	0.06406587042095394	5465, 1186, 9971	16	468	16792	6.727564102564102	1.0	0.6937649066731818	66.44755154755269
GOTERM_BP_ALL	GO:0048518~positive regulation of biological process	9	50.0	0.064969342975194	5465, 7942, 5728, 3482, 4864, 55823, 3916, 80317, 9971	16	5285	16792	1.7872280037842951	1.0	0.6944542413450254	66.97778976006038
GOTERM_MF_ALL	GO:0019899~enzyme binding	5	27.77777777777778	0.06625553204271369	5465, 5728, 3482, 3916, 3920	16	1789	16881	2.948749301285634	0.999999544411338	0.6475959247888772	58.024707243712555
GOTERM_MF_ALL	GO:0043167~ion binding	8	44.44444444444444	0.06806185576184748	5465, 1186, 5728, 3482, 55823, 57617, 80317, 9971	16	4386	16881	1.9244186046511629	0.9999996983872502	0.6324667403075237	59.04144553039261
GOTERM_CC_ALL	GO:0045335~phagocytic vesicle	2	11.11111111111111	0.07082929025568173	3916, 3920	16	89	18224	25.595505617977526	0.9999977462514497	0.20720842531765848	59.437920805332425
GOTERM_CC_ALL	GO:0005884~actin filament	2	11.11111111111111	0.07389991127111009	55823, 57617	16	93	18224	24.494623655913976	0.9999987455514074	0.2121127266770394	61.05403348693304
GOTERM_BP_ALL	GO:0009894~regulation of catabolic process	3	16.666666666666664	0.07422650819201031	5465, 5728, 55823	16	509	16792	6.185658153241651	1.0	0.7393202229434914	71.97572158215075
GOTERM_BP_ALL	GO:0071396~cellular response to lipid	3	16.666666666666664	0.07422650819201031	5465, 4864, 9971	16	509	16792	6.185658153241651	1.0	0.7393202229434914	71.97572158215075
GOTERM_MF_ALL	GO:0001191~transcriptional repressor activity, RNA polymerase II transcription factor binding	2	11.11111111111111	0.07460812372963725	5465, 9971	16	87	16881	24.254310344827587	0.9999999327998251	0.6437862739578566	62.539148870988015
GOTERM_MF_ALL	GO:0004197~cysteine-type endopeptidase activity	2	11.11111111111111	0.07460812372963725	8722, 1509	16	87	16881	24.254310344827587	0.9999999327998251	0.6437862739578566	62.539148870988015
GOTERM_BP_ALL	GO:0015031~protein transport	5	27.77777777777778	0.07567753393268911	5476, 55823, 57617, 3920, 9971	16	1860	16792	2.821236559139785	1.0	0.7420725916040212	72.69147149221871
GOTERM_MF_ALL	GO:0005496~steroid binding	2	11.11111111111111	0.0762605105375244	4864, 9971	16	89	16881	23.709269662921347	0.9999999540753756	0.6298688604665135	63.37742626186345
GOTERM_BP_ALL	GO:0071407~cellular response to organic cyclic compound	3	16.666666666666664	0.07703928126817502	5465, 4864, 9971	16	520	16792	6.054807692307692	1.0	0.7443209031223477	73.34753151404549
GOTERM_MF_ALL	GO:0019905~syntaxin binding	2	11.11111111111111	0.07791014320872607	55823, 57617	16	91	16881	23.188186813186814	0.9999999686165183	0.6170429558851369	64.19704171932472
GOTERM_BP_ALL	GO:0007569~cell aging	2	11.11111111111111	0.07830771690703218	5728, 80317	16	91	16792	23.065934065934066	1.0	0.746074272060942	73.9452914857204
GOTERM_CC_ALL	GO:0044425~membrane part	10	55.55555555555556	0.0784876122190013	1186, 5728, 5476, 3482, 4864, 55823, 57617, 3916, 3920, 1509	16	7057	18224	1.6140002834065468	0.9999994791550423	0.22076690854893355	63.358659325615754
GOTERM_BP_ALL	GO:0019886~antigen processing and presentation of exogenous peptide antigen via MHC class II	2	11.11111111111111	0.07913553466049689	8722, 1509	16	92	16792	22.815217391304348	1.0	0.7457695096701342	74.32859050066611
GOTERM_BP_ALL	GO:0002495~antigen processing and presentation of peptide antigen via MHC class II	2	11.11111111111111	0.08243987126939674	8722, 1509	16	96	16792	21.864583333333332	1.0	0.7564931512494781	75.8064365234847
GOTERM_CC_ALL	GO:0048770~pigment granule	2	11.11111111111111	0.08381414685882795	3916, 1509	16	106	18224	21.49056603773585	0.9999998133216594	0.23095678549418264	65.87694064012516
GOTERM_CC_ALL	GO:0042470~melanosome	2	11.11111111111111	0.08381414685882795	3916, 1509	16	106	18224	21.49056603773585	0.9999998133216594	0.23095678549418264	65.87694064012516
GOTERM_BP_ALL	GO:0002504~antigen processing and presentation of peptide or polysaccharide antigen via MHC class II	2	11.11111111111111	0.08491085772292324	8722, 1509	16	99	16792	21.2020202020202	1.0	0.7631052422936824	76.85893275147878
GOTERM_MF_ALL	GO:0004553~hydrolase activity, hydrolyzing O-glycosyl compounds	2	11.11111111111111	0.0852995218686957	5476, 3073	16	100	16881	21.10125	0.9999999943453335	0.6319420881548237	67.66524028949573
GOTERM_BP_ALL	GO:0007610~behavior	3	16.666666666666664	0.08675277610551148	5465, 5728, 4864	16	557	16792	5.652603231597846	1.0	0.7668570253973246	77.61533579821642
GOTERM_BP_ALL	GO:0032787~monocarboxylic acid metabolic process	3	16.666666666666664	0.08728850485061747	5465, 4864, 9971	16	559	16792	5.632379248658318	1.0	0.7652072870293047	77.8309396453427
GOTERM_BP_ALL	GO:0010256~endomembrane system organization	3	16.666666666666664	0.08728850485061747	5728, 55823, 57617	16	559	16792	5.632379248658318	1.0	0.7652072870293047	77.8309396453427
GOTERM_MF_ALL	GO:0001948~glycoprotein binding	2	11.11111111111111	0.08775034054877033	5476, 3482	16	103	16881	20.486650485436893	0.9999999968068435	0.6239799433093073	68.74535260994301
GOTERM_MF_ALL	GO:0003700~transcription factor activity, sequence-specific DNA binding	4	22.22222222222222	0.09114283073650295	5465, 7942, 80317, 9971	16	1231	16881	3.428310316815597	0.9999999985559881	0.6206612759277359	70.18569184837692
GOTERM_MF_ALL	GO:0001071~nucleic acid binding transcription factor activity	4	22.22222222222222	0.09131622404547597	5465, 7942, 80317, 9971	16	1232	16881	3.4255275974025974	0.9999999986134969	0.604305476555956	70.25763997384796
GOTERM_BP_ALL	GO:0050728~negative regulation of inflammatory response	2	11.11111111111111	0.09391810576374657	5465, 9971	16	110	16792	19.081818181818182	1.0	0.7871836859966658	80.34257379856538
GOTERM_BP_ALL	GO:0031325~positive regulation of cellular metabolic process	6	33.33333333333333	0.0942310978857423	5465, 7942, 5728, 55823, 80317, 9971	16	2839	16792	2.2180345191969004	1.0	0.7846914444769018	80.45427366916067
GOTERM_MF_ALL	GO:0001078~transcriptional repressor activity, RNA polymerase II core promoter proximal region sequence-specific binding	2	11.11111111111111	0.09425592697726114	5465, 80317	16	111	16881	19.010135135135133	0.9999999993047008	0.6002085050393939	71.45336394630665
GOTERM_BP_ALL	GO:0006906~vesicle fusion	2	11.11111111111111	0.09473282992510784	55823, 57617	16	111	16792	18.90990990990991	1.0	0.7829212086497129	80.63208745970147
GOTERM_BP_ALL	GO:1901135~carbohydrate derivative metabolic process	4	22.22222222222222	0.09509883303651966	5465, 5476, 4864, 3073	16	1247	16792	3.366479550922213	1.0	0.780677038858411	80.76083915718122
GOTERM_CC_ALL	GO:0048471~perinuclear region of cytoplasm	3	16.666666666666664	0.09539635194164561	3482, 4864, 3916	16	639	18224	5.347417840375587	0.9999999803607335	0.2560357140250834	70.81350903124518
GOTERM_BP_ALL	GO:0010604~positive regulation of macromolecule metabolic process	6	33.33333333333333	0.09619111566970953	5465, 7942, 5728, 55823, 80317, 9971	16	2856	16792	2.2048319327731094	1.0	0.7811157307476319	81.1403161467164
GOTERM_MF_ALL	GO:0000977~RNA polymerase II regulatory region sequence-specific DNA binding	3	16.666666666666664	0.09789485524618977	5465, 80317, 9971	16	601	16881	5.2665349417637275	0.999999999705032	0.5992188457265228	72.87214462207166
GOTERM_MF_ALL	GO:0001012~RNA polymerase II regulatory region DNA binding	3	16.666666666666664	0.09872546743557949	5465, 80317, 9971	16	604	16881	5.240376655629139	0.9999999997575835	0.5875393838312144	73.18675079449359
GOTERM_BP_ALL	GO:0090174~organelle membrane fusion	2	11.11111111111111	0.09879620466718014	55823, 57617	16	116	16792	18.094827586206897	1.0	0.7869275523540208	82.01717887511907
