Category	Term	Count	%	PValue	Genes	List Total	Pop Hits	Pop Total	Fold Enrichment	Bonferroni	Benjamini	FDR
GOTERM_BP_ALL	GO:0006914~autophagy	8	72.72727272727273	1.9436618840485605E-10	81671, 22863, 598, 5289, 8678, 9711, 9474, 8655	10	418	16792	32.1377990430622	1.7415209097038087E-7	1.7415209097038087E-7	3.027932571342262E-7
GOTERM_BP_ALL	GO:0016236~macroautophagy	6	54.54545454545454	2.9777647693910348E-8	22863, 5289, 8678, 9711, 9474, 8655	10	203	16792	49.631527093596056	2.6680416790769712E-5	1.3340297377095744E-5	4.638908084331206E-5
GOTERM_CC_ALL	GO:0005776~autophagosome	5	45.45454545454545	5.994159187283147E-8	81671, 22863, 5289, 8678, 9474	10	87	18224	104.73563218390804	9.59060900318498E-6	9.59060900318498E-6	7.237872671206347E-5
GOTERM_BP_ALL	GO:0010506~regulation of autophagy	6	54.54545454545454	1.2154509497213955E-7	81671, 22863, 598, 8678, 9711, 1612	10	269	16792	37.4542750929368	1.0889848185813289E-4	3.630081168570776E-5	1.8934878692755674E-4
GOTERM_CC_ALL	GO:0000407~pre-autophagosomal structure	4	36.36363636363637	3.717884861450114E-7	81671, 22863, 8678, 9474	10	31	18224	235.1483870967742	5.9484399568487945E-5	2.9742642096652894E-5	4.489291976272902E-4
GOTERM_BP_ALL	GO:0007033~vacuole organization	5	45.45454545454545	3.074003662091895E-6	22863, 5289, 8678, 9711, 9474	10	214	16792	39.23364485981309	0.002750521878709944	6.88340863304826E-4	0.004788727492766043
GOTERM_BP_ALL	GO:0000045~autophagosome assembly	4	36.36363636363637	3.9632149432932E-6	22863, 5289, 8678, 9474	10	62	16792	108.33548387096775	0.0035447501128573755	7.099573861125696E-4	0.006173913707396839
GOTERM_BP_ALL	GO:1905037~autophagosome organization	4	36.36363636363637	4.363689203011401E-6	22863, 5289, 8678, 9474	10	64	16792	104.95000000000002	0.0039022404510971054	6.514334011705758E-4	0.006797754430654113
GOTERM_CC_ALL	GO:0035032~phosphatidylinositol 3-kinase complex, class III	3	27.27272727272727	4.547073897758524E-6	22863, 5289, 8678	10	7	18224	781.0285714285714	7.272688894032209E-4	2.4248175578389652E-4	0.00549039875471502
GOTERM_CC_ALL	GO:0045335~phagocytic vesicle	4	36.36363636363637	9.259245976343153E-6	22863, 5289, 8678, 9474	10	89	18224	81.9056179775281	0.0014803893559803827	3.7030297466178475E-4	0.011179854834642011
GOTERM_BP_ALL	GO:0009267~cellular response to starvation	4	36.36363636363637	2.5507628637492774E-5	22863, 5289, 8678, 9474	10	115	16792	58.40695652173913	0.022595926779062414	0.003259693731896496	0.03972965674695628
GOTERM_BP_ALL	GO:0016192~vesicle-mediated transport	7	63.63636363636363	3.258451320488863E-5	81671, 598, 5289, 5587, 8678, 9711, 8655	10	1494	16792	7.867737617135207	0.028774108268211473	0.003642873516098155	0.0507497097340992
GOTERM_CC_ALL	GO:0005942~phosphatidylinositol 3-kinase complex	3	27.27272727272727	4.100342058407238E-5	22863, 5289, 8678	10	20	18224	273.35999999999996	0.006539207514384304	0.0013112758853957018	0.04949989665595789
GOTERM_BP_ALL	GO:0006996~organelle organization	9	81.81818181818183	4.4660688510020186E-5	81671, 22863, 598, 5289, 5587, 8678, 9711, 9474, 8655	10	3753	16792	4.026858513189449	0.039226769711255716	0.0044364487027717114	0.06955198236640037
GOTERM_BP_ALL	GO:0042594~response to starvation	4	36.36363636363637	5.9849394498662736E-5	22863, 5289, 8678, 9474	10	153	16792	43.90065359477124	0.052214115290530105	0.005348312799329458	0.09319567999747091
GOTERM_BP_ALL	GO:0031669~cellular response to nutrient levels	4	36.36363636363637	6.711196691452006E-5	22863, 5289, 8678, 9474	10	159	16792	42.244025157232706	0.05836197479609595	0.005451842673698248	0.1044992081102647
GOTERM_BP_ALL	GO:0042149~cellular response to glucose starvation	3	27.27272727272727	1.0290098284689253E-4	22863, 5289, 8678	10	29	16792	173.7103448275862	0.08808092341061846	0.007654224799416798	0.16018405203325203
GOTERM_BP_ALL	GO:0031668~cellular response to extracellular stimulus	4	36.36363636363637	1.1039902614619245E-4	22863, 5289, 8678, 9474	10	188	16792	35.727659574468085	0.0941875362586082	0.007580581968850142	0.17184672622185815
GOTERM_CC_ALL	GO:0005773~vacuole	6	54.54545454545454	1.2969097656300617E-4	81671, 22863, 5289, 8678, 9711, 9474	10	1212	18224	9.021782178217821	0.020538062972117355	0.0034526760829530767	0.15648787867674763
GOTERM_BP_ALL	GO:0033043~regulation of organelle organization	6	54.54545454545454	1.5032443690854175E-4	598, 5587, 8678, 9711, 9474, 8655	10	1152	16792	8.745833333333334	0.1260226509980683	0.009575348737030476	0.2339264037633182
GOTERM_CC_ALL	GO:0030139~endocytic vesicle	4	36.36363636363637	2.2372536524971012E-4	22863, 5289, 8678, 9474	10	259	18224	28.145173745173746	0.03516682021913409	0.005101239015376069	0.26981126270744227
GOTERM_CC_ALL	GO:0098805~whole membrane	6	54.54545454545454	2.2677762606096539E-4	81671, 22863, 598, 5289, 8678, 9474	10	1363	18224	8.022303741746148	0.03563799889129271	0.004525794466518462	0.2734876471825465
GOTERM_BP_ALL	GO:0006810~transport	9	81.81818181818183	2.3874090090385015E-4	81671, 22863, 598, 5289, 5587, 8678, 9711, 1612, 8655	10	4663	16792	3.2410036457216385	0.19260106210568673	0.01416126488081848	0.37127583609642967
GOTERM_BP_ALL	GO:0007005~mitochondrion organization	5	45.45454545454545	2.4419272082708927E-4	22863, 598, 8678, 9474, 8655	10	653	16792	12.857580398162328	0.19653639988232074	0.013583364370253093	0.37973910186843707
GOTERM_BP_ALL	GO:0071496~cellular response to external stimulus	4	36.36363636363637	2.7802306085270305E-4	22863, 5289, 8678, 9474	10	257	16792	26.135408560311287	0.22053173080042676	0.014548619156257603	0.4322414174000144
GOTERM_BP_ALL	GO:0051234~establishment of localization	9	81.81818181818183	2.934016885650628E-4	81671, 22863, 598, 5289, 5587, 8678, 9711, 1612, 8655	10	4790	16792	3.155073068893528	0.23120158761050402	0.014500861949116928	0.4560994074297442
GOTERM_BP_ALL	GO:0000422~mitophagy	3	27.27272727272727	3.873943919617509E-4	22863, 8678, 9474	10	56	16792	89.95714285714286	0.2933166741207056	0.018106318174063163	0.6018009325667317
GOTERM_BP_ALL	GO:0061726~mitochondrion disassembly	3	27.27272727272727	3.873943919617509E-4	22863, 8678, 9474	10	56	16792	89.95714285714286	0.2933166741207056	0.018106318174063163	0.6018009325667317
GOTERM_BP_ALL	GO:1902578~single-organism localization	8	72.72727272727273	5.05780846526055E-4	81671, 598, 5289, 5587, 8678, 9711, 1612, 8655	10	3614	16792	3.7171001660210297	0.3644689192121491	0.022409798955762006	0.785032122064544
GOTERM_BP_ALL	GO:0010941~regulation of cell death	6	54.54545454545454	5.387225473762323E-4	598, 5587, 8678, 1612, 9474, 8655	10	1509	16792	6.676739562624254	0.38296249361170487	0.022729394146441817	0.8359609956003267
GOTERM_CC_ALL	GO:0044441~ciliary part	4	36.36363636363637	5.413690293409062E-4	22863, 5289, 9474, 8655	10	350	18224	20.827428571428573	0.0829951333474962	0.009580753714007462	0.6517404944477057
GOTERM_BP_ALL	GO:0002376~immune system process	7	63.63636363636363	5.598203734984367E-4	5289, 5587, 8678, 9711, 1612, 9474, 8655	10	2465	16792	4.768519269776876	0.3945234891738568	0.02254824256951926	0.8685660248664795
GOTERM_CC_ALL	GO:0098588~bounding membrane of organelle	6	54.54545454545454	7.192431384739944E-4	81671, 22863, 598, 5289, 8678, 9474	10	1742	18224	6.276923076923077	0.10874108710976682	0.011446020806717416	0.8650268315536613
GOTERM_BP_ALL	GO:1903008~organelle disassembly	3	27.27272727272727	7.317624204678336E-4	22863, 8678, 9474	10	77	16792	65.42337662337663	0.4810247782189022	0.028114571981141534	1.1339151224255994
GOTERM_BP_ALL	GO:1902589~single-organism organelle organization	6	54.54545454545454	7.334626678680591E-4	22863, 598, 8678, 9711, 9474, 8655	10	1612	16792	6.2501240694789075	0.4818153731603354	0.027020876895734847	1.1365357026577816
GOTERM_BP_ALL	GO:0060548~negative regulation of cell death	5	45.45454545454545	8.209173038044443E-4	598, 5587, 8678, 1612, 9474	10	897	16792	9.360089186176141	0.5208990628720138	0.0290048049547017	1.271241335274953
GOTERM_CC_ALL	GO:0097014~ciliary plasm	3	27.27272727272727	9.851670245302393E-4	22863, 5289, 9474	10	97	18224	56.36288659793814	0.1458977991974597	0.014234483349733762	1.183109241548963
GOTERM_CC_ALL	GO:0005930~axoneme	3	27.27272727272727	9.851670245302393E-4	22863, 5289, 9474	10	97	18224	56.36288659793814	0.1458977991974597	0.014234483349733762	1.183109241548963
GOTERM_BP_ALL	GO:0031667~response to nutrient levels	4	36.36363636363637	0.0010423177954907833	22863, 5289, 8678, 9474	10	404	16792	16.625742574257426	0.6071800058746899	0.035300483288973394	1.6114952076764388
GOTERM_BP_ALL	GO:0006915~apoptotic process	6	54.54545454545454	0.0010657049002463074	598, 5587, 8678, 1612, 9474, 8655	10	1747	16792	5.767143674871208	0.6153343478847031	0.03476576113280816	1.6473729489156375
GOTERM_BP_ALL	GO:0033554~cellular response to stress	6	54.54545454545454	0.0011410868955967894	22863, 598, 5289, 5587, 8678, 9474	10	1773	16792	5.682571912013536	0.6404843730208938	0.03587625824201379	1.762931814751112
GOTERM_BP_ALL	GO:0009991~response to extracellular stimulus	4	36.36363636363637	0.00129092508043082	22863, 5289, 8678, 9474	10	435	16792	15.440919540229887	0.6857027552873232	0.03912495074917366	1.9922531186774117
GOTERM_BP_ALL	GO:0051179~localization	9	81.81818181818183	0.0013831212765026209	81671, 22863, 598, 5289, 5587, 8678, 9711, 1612, 8655	10	5872	16792	2.573705722070845	0.7106546986646556	0.04049506124094626	2.133106627206638
GOTERM_BP_ALL	GO:0012501~programmed cell death	6	54.54545454545454	0.0013953095186939916	598, 5587, 8678, 1612, 9474, 8655	10	1852	16792	5.440172786177106	0.7138016986458389	0.039553605157635396	2.1517131326008743
GOTERM_CC_ALL	GO:0005856~cytoskeleton	6	54.54545454545454	0.001542122585658122	22863, 598, 5289, 1612, 9474, 8655	10	2054	18224	5.32346640701071	0.21880467227422762	0.020367232978272254	1.8462753334192117
GOTERM_BP_ALL	GO:0048523~negative regulation of cellular process	8	72.72727272727273	0.0015624518901269598	22863, 598, 5587, 8678, 9711, 1612, 9474, 8655	10	4300	16792	3.1240930232558144	0.7536622498835174	0.04283823286811783	2.406538042115969
GOTERM_CC_ALL	GO:0005929~cilium	4	36.36363636363637	0.0016781999516507758	22863, 5289, 9474, 8655	10	517	18224	14.09980657640232	0.23565617097620228	0.020459915952380725	2.0076807155800958
GOTERM_CC_ALL	GO:0016023~cytoplasmic, membrane-bounded vesicle	5	45.45454545454545	0.0017091585941062229	22863, 598, 5289, 8678, 9474	10	1183	18224	7.702451394759088	0.23943928857175878	0.01936009176725273	2.044367667034097
GOTERM_BP_ALL	GO:0000910~cytokinesis	3	27.27272727272727	0.0017644036955452684	598, 5289, 8678	10	120	16792	41.98	0.7944985176805972	0.04681716951459902	2.7136048205109398
GOTERM_BP_ALL	GO:0008219~cell death	6	54.54545454545454	0.0018016225673507034	598, 5587, 8678, 1612, 9474, 8655	10	1958	16792	5.145658835546476	0.8012504336435305	0.04640943208074999	2.7700971795560525
GOTERM_BP_ALL	GO:0016043~cellular component organization	9	81.81818181818183	0.001863948304089407	81671, 22863, 598, 5289, 5587, 8678, 9711, 9474, 8655	10	6109	16792	2.473858241938124	0.812064433293752	0.0466389616051166	2.8646290473640867
GOTERM_CC_ALL	GO:0005829~cytosol	7	63.63636363636363	0.002095759991100653	22863, 598, 5289, 5587, 8678, 9474, 8655	10	3399	18224	3.7531038540747277	0.2851435081114382	0.02212969590257685	2.501442644054841
GOTERM_BP_ALL	GO:0071840~cellular component organization or biogenesis	9	81.81818181818183	0.002252981480712354	81671, 22863, 598, 5289, 5587, 8678, 9711, 9474, 8655	10	6265	16792	2.4122585794094173	0.8674703443920058	0.054590836410345345	3.4527495837624156
GOTERM_CC_ALL	GO:0031410~cytoplasmic vesicle	5	45.45454545454545	0.002318467075431625	22863, 598, 5289, 8678, 9474	10	1284	18224	7.0965732087227416	0.3102219646598935	0.02294427216421535	2.7638581697521203
GOTERM_CC_ALL	GO:0097708~intracellular vesicle	5	45.45454545454545	0.002331889501639262	22863, 598, 5289, 8678, 9474	10	1286	18224	7.085536547433903	0.31170517932455577	0.021733180299962296	2.7796530837699396
GOTERM_BP_ALL	GO:0009605~response to external stimulus	6	54.54545454545454	0.002337874643077875	22863, 598, 5289, 5587, 8678, 9474	10	2073	16792	4.860202604920405	0.8771987541530164	0.05510433023247363	3.5806430407006817
GOTERM_BP_ALL	GO:0048519~negative regulation of biological process	8	72.72727272727273	0.0024843462262099433	22863, 598, 5587, 8678, 9711, 1612, 9474, 8655	10	4623	16792	2.9058187324248324	0.892336413383321	0.05696431399276303	3.8009330935705576
GOTERM_BP_ALL	GO:0010256~endomembrane system organization	4	36.36363636363637	0.0026527010656596356	81671, 598, 5289, 5587	10	559	16792	12.015742397137746	0.9074474083554858	0.05920035861454653	4.053553258297948
GOTERM_BP_ALL	GO:0016310~phosphorylation	6	54.54545454545454	0.003248177453787536	22863, 5289, 5587, 9711, 1612, 8655	10	2229	16792	4.520053835800807	0.9458016033596143	0.07028537878230756	4.942106374070942
GOTERM_BP_ALL	GO:0044765~single-organism transport	7	63.63636363636363	0.0033459417698671586	81671, 5289, 5587, 8678, 9711, 1612, 8655	10	3415	16792	3.44199121522694	0.9503615998331034	0.07062565997836312	5.08724951495595
GOTERM_BP_ALL	GO:0051128~regulation of cellular component organization	6	54.54545454545454	0.003911940303618215	598, 5587, 8678, 9711, 9474, 8655	10	2323	16792	4.337150236762806	0.9701619935115331	0.08021781131128614	5.923476186775867
GOTERM_BP_ALL	GO:0070925~organelle assembly	4	36.36363636363637	0.004124682038930275	22863, 5289, 8678, 9474	10	653	16792	10.286064318529863	0.9753593547901547	0.08252009720981512	6.236001867325392
GOTERM_CC_ALL	GO:0012505~endomembrane system	7	63.63636363636363	0.004266506930468072	81671, 22863, 598, 5289, 5587, 8678, 9711	10	3878	18224	3.2895306859205773	0.4954566472364724	0.03729248829935561	5.031769987766143
GOTERM_BP_ALL	GO:0006897~endocytosis	4	36.36363636363637	0.004342380477923054	598, 5587, 8678, 9711	10	665	16792	10.10045112781955	0.9797428011827329	0.08480599212267859	6.554803145307197
GOTERM_CC_ALL	GO:0044430~cytoskeletal part	5	45.45454545454545	0.004600794753282562	22863, 598, 5289, 9474, 8655	10	1547	18224	5.8901098901098905	0.5218475945458625	0.0380886021667074	5.416035482448589
GOTERM_CC_ALL	GO:0031090~organelle membrane	6	54.54545454545454	0.004858068536609976	81671, 22863, 598, 5289, 8678, 9474	10	2646	18224	4.132426303854875	0.5412203132846147	0.03821010686587911	5.710801280039246
GOTERM_BP_ALL	GO:0006950~response to stress	7	63.63636363636363	0.004968629791363178	22863, 598, 5289, 5587, 8678, 1612, 9474	10	3677	16792	3.196736469948327	0.9884721446434288	0.09441807657179613	7.466246436626212
GOTERM_BP_ALL	GO:0032879~regulation of localization	6	54.54545454545454	0.005174841362881247	598, 5289, 5587, 9711, 1612, 8655	10	2473	16792	4.074080064698746	0.9904259253914558	0.096119951663454	7.764541436302674
GOTERM_CC_ALL	GO:0043228~non-membrane-bounded organelle	7	63.63636363636363	0.0052085998288255745	81671, 22863, 598, 5289, 1612, 9474, 8655	10	4026	18224	3.168604073522106	0.566365774885069	0.039007121865091254	6.111058890413412
GOTERM_CC_ALL	GO:0043232~intracellular non-membrane-bounded organelle	7	63.63636363636363	0.0052085998288255745	81671, 22863, 598, 5289, 1612, 9474, 8655	10	4026	18224	3.168604073522106	0.566365774885069	0.039007121865091254	6.111058890413412
GOTERM_BP_ALL	GO:0006952~defense response	5	45.45454545454545	0.005780652997305126	5289, 5587, 8678, 1612, 9474	10	1518	16792	5.5309617918313565	0.9944529741309266	0.1046325941588907	8.635680501459886
GOTERM_BP_ALL	GO:0051641~cellular localization	6	54.54545454545454	0.005837755710543873	22863, 598, 5289, 5587, 8678, 8655	10	2541	16792	3.9650531286894917	0.9947312195897031	0.10353027577734863	8.717394191311257
GOTERM_BP_ALL	GO:0010821~regulation of mitochondrion organization	3	27.27272727272727	0.006258345725330965	598, 8678, 8655	10	229	16792	21.99825327510917	0.9963937906204529	0.10845371083394761	9.317152708354893
GOTERM_CC_ALL	GO:0061695~transferase complex, transferring phosphorus-containing groups	3	27.27272727272727	0.006480504231400571	22863, 5289, 8678	10	253	18224	21.609486166007905	0.6466354438617322	0.04618382902598772	7.550345314646156
GOTERM_BP_ALL	GO:0043562~cellular response to nitrogen levels	2	18.181818181818183	0.0069477159329523995	8678, 9474	10	13	16792	258.33846153846156	0.9980635124033455	0.11744801843067787	10.292220730224845
GOTERM_BP_ALL	GO:0006995~cellular response to nitrogen starvation	2	18.181818181818183	0.0069477159329523995	8678, 9474	10	13	16792	258.33846153846156	0.9980635124033455	0.11744801843067787	10.292220730224845
GOTERM_CC_ALL	GO:0019898~extrinsic component of membrane	3	27.27272727272727	0.007037543896655489	22863, 5289, 8678	10	264	18224	20.709090909090907	0.676962826234474	0.04794255777158818	8.17429551113169
GOTERM_BP_ALL	GO:0016197~endosomal transport	3	27.27272727272727	0.007418015666478337	22863, 5289, 8678	10	250	16792	20.150399999999998	0.9987332702619396	0.12261565381527006	10.951788749990154
GOTERM_CC_ALL	GO:0034045~pre-autophagosomal structure membrane	2	18.181818181818183	0.007875698142368357	22863, 9474	10	16	18224	227.8	0.7177889379022624	0.05134729067971455	9.10585215117672
GOTERM_CC_ALL	GO:0044444~cytoplasmic part	9	81.81818181818183	0.008204385071606729	81671, 22863, 598, 5289, 5587, 8678, 9711, 9474, 8655	10	8090	18224	2.0273918417799752	0.7323609948348521	0.051358813309845375	9.46879522026559
GOTERM_BP_ALL	GO:0045087~innate immune response	4	36.36363636363637	0.008240186720755872	5289, 5587, 1612, 9474	10	836	16792	8.03444976076555	0.9993971215476087	0.1328757306301941	12.09394679692849
GOTERM_BP_ALL	GO:0098780~response to mitochondrial depolarisation	2	18.181818181818183	0.008544928453991173	22863, 8678	10	16	16792	209.90000000000003	0.999542234960276	0.13504551086789973	12.513799754028588
GOTERM_BP_ALL	GO:0098779~mitophagy in response to mitochondrial depolarization	2	18.181818181818183	0.008544928453991173	22863, 8678	10	16	16792	209.90000000000003	0.999542234960276	0.13504551086789973	12.513799754028588
GOTERM_CC_ALL	GO:0042995~cell projection	5	45.45454545454545	0.008704179215667757	22863, 5289, 8678, 9474, 8655	10	1846	18224	4.936078006500542	0.7530983242217354	0.05237711595793293	10.018131854762624
GOTERM_CC_ALL	GO:0005737~cytoplasm	10	90.9090909090909	0.008817973842673889	81671, 22863, 598, 5289, 5587, 8678, 9711, 1612, 9474, 8655	10	10775	18224	1.691322505800464	0.7575920333810416	0.0511327870800119	10.14277840131741
GOTERM_CC_ALL	GO:0044446~intracellular organelle part	9	81.81818181818183	0.009330735996871183	81671, 22863, 598, 5289, 5587, 8678, 9711, 9474, 8655	10	8233	18224	1.9921778209644116	0.7768534172021897	0.05215927273234544	10.702477515556541
GOTERM_CC_ALL	GO:0044463~cell projection part	4	36.36363636363637	0.0094155873041255	22863, 5289, 9474, 8655	10	952	18224	7.6571428571428575	0.7798907063590319	0.05085545092300059	10.79478695207129
GOTERM_BP_ALL	GO:0007034~vacuolar transport	3	27.27272727272727	0.00981112533863591	22863, 5289, 8678	10	289	16792	17.43114186851211	0.999854331362414	0.15091489318624196	14.238266679192446
GOTERM_BP_ALL	GO:0044804~nucleophagy	2	18.181818181818183	0.010139857068356333	8678, 9474	10	19	16792	176.7578947368421	0.9998918171359195	0.1529797555121598	14.680744945663882
GOTERM_BP_ALL	GO:0000423~macromitophagy	2	18.181818181818183	0.010139857068356333	22863, 8678	10	19	16792	176.7578947368421	0.9998918171359195	0.1529797555121598	14.680744945663882
GOTERM_BP_ALL	GO:0051049~regulation of transport	5	45.45454545454545	0.010559586544060025	5289, 5587, 9711, 1612, 8655	10	1796	16792	4.674832962138085	0.9999260186998079	0.1562101037883704	15.24260262670759
GOTERM_CC_ALL	GO:0044422~organelle part	9	81.81818181818183	0.010950267476855366	81671, 22863, 598, 5289, 5587, 8678, 9711, 9474, 8655	10	8415	18224	1.9490909090909092	0.8282484070867648	0.057032570118699666	12.449326093666258
GOTERM_BP_ALL	GO:0006796~phosphate-containing compound metabolic process	6	54.54545454545454	0.013582431371304441	22863, 5289, 5587, 9711, 1612, 8655	10	3083	16792	3.267985728186831	0.9999952304696885	0.1934339772692215	19.18793823029533
GOTERM_CC_ALL	GO:1902494~catalytic complex	4	36.36363636363637	0.013583272283820749	22863, 5289, 8678, 8655	10	1088	18224	6.7	0.8878837532084156	0.06815399681781809	15.222542389605298
GOTERM_BP_ALL	GO:0006793~phosphorus metabolic process	6	54.54545454545454	0.013696285378422707	22863, 5289, 5587, 9711, 1612, 8655	10	3089	16792	3.261638070573001	0.9999956991012704	0.19188129557248768	19.333123926773823
GOTERM_CC_ALL	GO:0000421~autophagosome membrane	2	18.181818181818183	0.013746239291744004	81671, 22863	10	28	18224	130.17142857142858	0.8908088202512492	0.06686740224449705	15.391510671461662
GOTERM_BP_ALL	GO:0050794~regulation of cellular process	10	90.9090909090909	0.014458565144200011	81671, 22863, 598, 5289, 5587, 8678, 9711, 1612, 9474, 8655	10	10489	16792	1.600915244541901	0.9999978487069109	0.19842519007982018	20.298906714700315
GOTERM_BP_ALL	GO:0044255~cellular lipid metabolic process	4	36.36363636363637	0.015125828828096653	22863, 5289, 5587, 9711	10	1043	16792	6.4398849472674975	0.9999988273991318	0.20356102727261194	21.135415105958298
GOTERM_BP_ALL	GO:0051649~establishment of localization in cell	5	45.45454545454545	0.015521829449822758	22863, 5289, 5587, 8678, 8655	10	2004	16792	4.189620758483033	0.9999991821808697	0.20529216240368742	21.62796496956696
GOTERM_BP_ALL	GO:0048584~positive regulation of response to stimulus	5	45.45454545454545	0.016234417315947616	598, 5289, 5587, 8678, 8655	10	2030	16792	4.135960591133005	0.9999995725398649	0.21064473514586157	22.507046190088086
GOTERM_BP_ALL	GO:2001233~regulation of apoptotic signaling pathway	3	27.27272727272727	0.01655130666619954	598, 1612, 8655	10	380	16792	13.256842105263157	0.9999996797198349	0.21129757653540715	22.895003799095058
GOTERM_BP_ALL	GO:0007154~cell communication	8	72.72727272727273	0.016631595891179043	22863, 598, 5289, 5587, 8678, 1612, 9474, 8655	10	6275	16792	2.140812749003984	0.9999997023128	0.2092712991978105	22.993010354102207
GOTERM_BP_ALL	GO:0006644~phospholipid metabolic process	3	27.27272727272727	0.01764059772095455	22863, 5289, 9711	10	393	16792	12.818320610687023	0.9999998813455734	0.21756094076758015	24.214770816329434
GOTERM_MF_ALL	GO:0005515~protein binding	10	90.9090909090909	0.018025206014232565	81671, 22863, 598, 5289, 5587, 8678, 9711, 1612, 9474, 8655	10	10806	16881	1.562187673514714	0.6878079999742299	0.6878079999742299	16.87204276986456
GOTERM_CC_ALL	GO:0031988~membrane-bounded vesicle	6	54.54545454545454	0.018799680592481917	22863, 598, 5289, 8678, 9474, 8655	10	3611	18224	3.0280808640265855	0.9520013585340514	0.08791095232044965	20.480253102133915
GOTERM_BP_ALL	GO:0042326~negative regulation of phosphorylation	3	27.27272727272727	0.02072362332325122	22863, 9711, 8655	10	428	16792	11.770093457943926	0.9999999929021123	0.24745537277360385	27.83644371425662
GOTERM_BP_ALL	GO:0050789~regulation of biological process	10	90.9090909090909	0.020811198989613644	81671, 22863, 598, 5289, 5587, 8678, 9711, 1612, 9474, 8655	10	10922	16792	1.5374473539644755	0.9999999934486882	0.245158714072911	27.936914198025264
GOTERM_CC_ALL	GO:0031982~vesicle	6	54.54545454545454	0.02213927599941217	22863, 598, 5289, 8678, 9474, 8655	10	3754	18224	2.9127330847096427	0.9721823479434327	0.09999541955379665	23.6874473621952
GOTERM_BP_ALL	GO:0043551~regulation of phosphatidylinositol 3-kinase activity	2	18.181818181818183	0.02229207205974747	22863, 9711	10	42	16792	79.96190476190476	0.9999999983119452	0.2569962964741065	29.61613774603161
GOTERM_BP_ALL	GO:0045806~negative regulation of endocytosis	2	18.181818181818183	0.02281740766186853	5587, 9711	10	43	16792	78.10232558139535	0.9999999989570902	0.25898045557802973	30.20298639681994
GOTERM_CC_ALL	GO:0030659~cytoplasmic vesicle membrane	3	27.27272727272727	0.023004343104649896	598, 5289, 9474	10	491	18224	11.134826883910387	0.9758553285591646	0.10092712692260553	24.498642266483373
GOTERM_CC_ALL	GO:0012506~vesicle membrane	3	27.27272727272727	0.024428897266847705	598, 5289, 9474	10	507	18224	10.783431952662722	0.9808826177396845	0.1040951231593984	25.81726444994442
GOTERM_CC_ALL	GO:0043229~intracellular organelle	10	90.9090909090909	0.0250332623447592	81671, 22863, 598, 5289, 5587, 8678, 9711, 1612, 9474, 8655	10	12099	18224	1.5062401851392677	0.9826871764544821	0.10383429162177116	26.37027932484034
GOTERM_CC_ALL	GO:0016020~membrane	9	81.81818181818183	0.025565980264677327	81671, 22863, 598, 5289, 5587, 8678, 1612, 9474, 8655	10	9462	18224	1.7334178820545338	0.9841368276120888	0.10331099770797436	26.85459650709836
GOTERM_BP_ALL	GO:0031324~negative regulation of cellular metabolic process	5	45.45454545454545	0.026645524254699675	22863, 8678, 9711, 1612, 8655	10	2345	16792	3.5803837953091686	0.999999999969037	0.292267422747878	34.3431091090377
GOTERM_BP_ALL	GO:0043550~regulation of lipid kinase activity	2	18.181818181818183	0.0270110681170878	22863, 9711	10	51	16792	65.85098039215687	0.9999999999778855	0.2921763842499141	34.7261858419113
GOTERM_BP_ALL	GO:0050790~regulation of catalytic activity	5	45.45454545454545	0.027110209197956186	22863, 5587, 8678, 9711, 1612	10	2357	16792	3.562155282138311	0.999999999979815	0.2896723722425595	34.829720959696374
GOTERM_BP_ALL	GO:0048583~regulation of response to stimulus	6	54.54545454545454	0.027254350285472885	598, 5289, 5587, 8678, 1612, 8655	10	3636	16792	2.7709570957095706	0.9999999999823246	0.28763314711973254	34.97997641364607
GOTERM_BP_ALL	GO:0022411~cellular component disassembly	3	27.27272727272727	0.027936108752318244	22863, 8678, 9474	10	502	16792	10.035059760956175	0.9999999999905692	0.2904100754839124	35.68627203516608
GOTERM_BP_ALL	GO:0006629~lipid metabolic process	4	36.36363636363637	0.028981640049684242	22863, 5289, 5587, 9711	10	1330	16792	5.050225563909775	0.9999999999964042	0.2962628104417857	36.75549845225552
GOTERM_CC_ALL	GO:0030670~phagocytic vesicle membrane	2	18.181818181818183	0.029250347678616402	5289, 9474	10	60	18224	60.74666666666667	0.9913471537334804	0.11466702395324224	30.12504853690865
GOTERM_BP_ALL	GO:0051716~cellular response to stimulus	8	72.72727272727273	0.030002852646671397	22863, 598, 5289, 5587, 8678, 1612, 9474, 8655	10	6927	16792	1.9393099465858237	0.9999999999985993	0.30171831431615126	37.783776914987634
GOTERM_BP_ALL	GO:0022402~cell cycle process	4	36.36363636363637	0.030553504447628485	598, 5289, 8678, 8655	10	1357	16792	4.949742078113486	0.9999999999991579	0.3030741705896999	38.33172513312487
GOTERM_BP_ALL	GO:1903725~regulation of phospholipid metabolic process	2	18.181818181818183	0.03066738978548187	22863, 9711	10	58	16792	57.903448275862075	0.999999999999242	0.3007847441131152	38.444486256805156
GOTERM_BP_ALL	GO:0048518~positive regulation of biological process	7	63.63636363636363	0.032031874231067445	22863, 598, 5289, 5587, 8678, 1612, 8655	10	5285	16792	2.2241059602649003	0.9999999999997855	0.3087433439210573	39.78058193542589
GOTERM_BP_ALL	GO:0010563~negative regulation of phosphorus metabolic process	3	27.27272727272727	0.03242875159695412	22863, 9711, 8655	10	544	16792	9.260294117647058	0.9999999999998515	0.3087277982026866	40.16407702757376
GOTERM_BP_ALL	GO:0045936~negative regulation of phosphate metabolic process	3	27.27272727272727	0.03242875159695412	22863, 9711, 8655	10	544	16792	9.260294117647058	0.9999999999998515	0.3087277982026866	40.16407702757376
GOTERM_CC_ALL	GO:0043234~protein complex	6	54.54545454545454	0.03249357117452331	22863, 598, 5289, 8678, 9474, 8655	10	4118	18224	2.655269548324429	0.9949345560324123	0.12377540794123887	32.89234240668719
GOTERM_BP_ALL	GO:0042325~regulation of phosphorylation	4	36.36363636363637	0.032722103142438674	22863, 5587, 9711, 8655	10	1393	16792	4.821823402727926	0.9999999999998868	0.307894970291984	40.44606680832725
GOTERM_BP_ALL	GO:0042981~regulation of apoptotic process	4	36.36363636363637	0.033153445987161544	598, 8678, 1612, 8655	10	1400	16792	4.797714285714286	0.9999999999999241	0.30816187814933915	40.8584454148993
GOTERM_BP_ALL	GO:0010507~negative regulation of autophagy	2	18.181818181818183	0.03327156546081616	598, 9711	10	63	16792	53.30793650793651	0.9999999999999319	0.3060002029238018	40.97090473438409
GOTERM_BP_ALL	GO:0043067~regulation of programmed cell death	4	36.36363636363637	0.03396287087574003	598, 8678, 1612, 8655	10	1413	16792	4.753573956121727	0.9999999999999641	0.30827405519559825	41.6250809119455
GOTERM_BP_ALL	GO:0009892~negative regulation of metabolic process	5	45.45454545454545	0.034035006664314554	22863, 8678, 9711, 1612, 8655	10	2522	16792	3.329103885804917	0.9999999999999665	0.3058148241095615	41.69295005406959
GOTERM_BP_ALL	GO:0065007~biological regulation	10	90.9090909090909	0.03437289935092333	81671, 22863, 598, 5289, 5587, 8678, 9711, 1612, 9474, 8655	10	11548	16792	1.4541046068583305	0.9999999999999755	0.3053986513629585	42.00987537617077
GOTERM_CC_ALL	GO:0005774~vacuolar membrane	3	27.27272727272727	0.034449661232045826	81671, 22863, 8678	10	610	18224	8.962622950819672	0.9963357314978083	0.12786230874587434	34.51241150182408
GOTERM_BP_ALL	GO:0032465~regulation of cytokinesis	2	18.181818181818183	0.034831084057331964	5289, 8678	10	66	16792	50.88484848484848	0.999999999999984	0.30588414953308407	42.43705368376658
GOTERM_BP_ALL	GO:0009967~positive regulation of signal transduction	4	36.36363636363637	0.034910330894460245	598, 5587, 8678, 8655	10	1428	16792	4.703641456582633	0.9999999999999851	0.30358071616600624	42.51063832823358
GOTERM_CC_ALL	GO:0044433~cytoplasmic vesicle part	3	27.27272727272727	0.03497216363335568	598, 5289, 9474	10	615	18224	8.889756097560975	0.9966397272521379	0.1268192445436923	34.9390442675125
GOTERM_BP_ALL	GO:0043065~positive regulation of apoptotic process	3	27.27272727272727	0.03557685078259893	598, 1612, 8655	10	572	16792	8.806993006993007	0.999999999999992	0.3055905005632491	43.12606090717479
GOTERM_BP_ALL	GO:0051301~cell division	3	27.27272727272727	0.0359212294374964	598, 5289, 8678	10	575	16792	8.761043478260868	0.9999999999999942	0.3052455993074553	43.44161755164887
GOTERM_BP_ALL	GO:0043068~positive regulation of programmed cell death	3	27.27272727272727	0.03615156821098405	598, 1612, 8655	10	577	16792	8.730675909878682	0.9999999999999953	0.30409870609506173	43.65176339143402
GOTERM_BP_ALL	GO:0097190~apoptotic signaling pathway	3	27.27272727272727	0.036846185358822836	598, 1612, 8655	10	583	16792	8.640823327615779	0.9999999999999976	0.3062391324786822	44.28107044270884
GOTERM_BP_ALL	GO:0046902~regulation of mitochondrial membrane permeability	2	18.181818181818183	0.036906963408203604	598, 8655	10	70	16792	47.977142857142866	0.9999999999999977	0.3039295807176794	44.33581987172691
GOTERM_BP_ALL	GO:0022607~cellular component assembly	5	45.45454545454545	0.038534904052556704	81671, 22863, 5289, 8678, 9474	10	2618	16792	3.2070282658517955	0.9999999999999994	0.3124191213885792	45.7836865566652
GOTERM_BP_ALL	GO:0010638~positive regulation of organelle organization	3	27.27272727272727	0.03884334860094366	5587, 8678, 8655	10	600	16792	8.396	0.9999999999999997	0.3117885248485762	46.05401002422991
GOTERM_BP_ALL	GO:0090559~regulation of membrane permeability	2	18.181818181818183	0.03897887310717327	598, 8655	10	74	16792	45.38378378378379	0.9999999999999997	0.31001328538343187	46.172385568767794
GOTERM_BP_ALL	GO:0010942~positive regulation of cell death	3	27.27272727272727	0.039678076726990696	598, 1612, 8655	10	607	16792	8.299176276771004	0.9999999999999998	0.3120095819547425	46.77926104292743
GOTERM_BP_ALL	GO:0035556~intracellular signal transduction	5	45.45454545454545	0.04046435688702718	598, 5289, 5587, 8678, 1612	10	2657	16792	3.1599548362815204	0.9999999999999999	0.3145318069237635	47.454063672648296
GOTERM_BP_ALL	GO:0051129~negative regulation of cellular component organization	3	27.27272727272727	0.04173488361667875	598, 5587, 9711	10	624	16792	8.073076923076922	1.0	0.32011408667574126	48.52755986839116
GOTERM_BP_ALL	GO:0010508~positive regulation of autophagy	2	18.181818181818183	0.04311081012473132	22863, 8678	10	82	16792	40.95609756097561	1.0	0.32621650401988367	49.666943844398105
GOTERM_BP_ALL	GO:0006955~immune response	4	36.36363636363637	0.04322547572601922	5289, 5587, 1612, 9474	10	1551	16792	4.330625402965828	1.0	0.32429601856324597	49.76082338839763
GOTERM_BP_ALL	GO:0010647~positive regulation of cell communication	4	36.36363636363637	0.04351220964763409	598, 5587, 8678, 8655	10	1555	16792	4.319485530546624	1.0	0.3234777930205275	49.99486279768642
GOTERM_BP_ALL	GO:0023056~positive regulation of signaling	4	36.36363636363637	0.044088755866814607	598, 5587, 8678, 8655	10	1563	16792	4.297376839411388	1.0	0.32445875144930514	50.46236926171699
GOTERM_BP_ALL	GO:0009966~regulation of signal transduction	5	45.45454545454545	0.044129453500151315	598, 5587, 8678, 1612, 8655	10	2728	16792	3.0777126099706744	1.0	0.3221547868381339	50.49521488578079
GOTERM_BP_ALL	GO:0006497~protein lipidation	2	18.181818181818183	0.04465621048193964	5289, 9474	10	85	16792	39.510588235294115	1.0	0.32283270319138146	50.9185070158412
GOTERM_MF_ALL	GO:0004672~protein kinase activity	3	27.27272727272727	0.0447797450388468	5289, 5587, 1612	10	652	16881	7.7673312883435575	0.9467124854618764	0.7691591142407316	37.21280722816389
GOTERM_BP_ALL	GO:0046907~intracellular transport	4	36.36363636363637	0.04636160229766955	22863, 5289, 8678, 8655	10	1594	16792	4.213801756587203	1.0	0.33052530632728827	52.26581089602404
GOTERM_CC_ALL	GO:0044437~vacuolar part	3	27.27272727272727	0.046430920736207096	81671, 22863, 8678	10	718	18224	7.614484679665738	0.9995030123366802	0.1621412140765992	43.67777308644113
GOTERM_BP_ALL	GO:0034613~cellular protein localization	4	36.36363636363637	0.04680861161040409	598, 5289, 8678, 8655	10	1600	16792	4.198	1.0	0.33064310092120375	52.61319072375865
GOTERM_BP_ALL	GO:0019220~regulation of phosphate metabolic process	4	36.36363636363637	0.04755874006902686	22863, 5587, 9711, 8655	10	1610	16792	4.17192546583851	1.0	0.33252432355736405	53.19081963711809
GOTERM_BP_ALL	GO:0051174~regulation of phosphorus metabolic process	4	36.36363636363637	0.047634104248736805	22863, 5587, 9711, 8655	10	1611	16792	4.169335816263191	1.0	0.33047987830660286	53.248487361263216
GOTERM_BP_ALL	GO:0070727~cellular macromolecule localization	4	36.36363636363637	0.0477850241679882	598, 5289, 8678, 8655	10	1613	16792	4.164166150030998	1.0	0.32890041511351065	53.36376956784381
GOTERM_BP_ALL	GO:0042158~lipoprotein biosynthetic process	2	18.181818181818183	0.048766437521694773	5289, 9474	10	93	16792	36.11182795698925	1.0	0.3320677208260411	54.10697022762794
GOTERM_CC_ALL	GO:1990234~transferase complex	3	27.27272727272727	0.04892331335445573	22863, 5289, 8678	10	739	18224	7.398105548037889	0.9996730466590925	0.16673379628599194	45.42984079580972
GOTERM_BP_ALL	GO:0007030~Golgi organization	2	18.181818181818183	0.04927910906094233	81671, 5587	10	94	16792	35.727659574468085	1.0	0.33254145580004635	54.49078253943729
GOTERM_BP_ALL	GO:0010033~response to organic substance	5	45.45454545454545	0.049288362432587975	598, 5289, 5587, 8678, 1612	10	2822	16792	2.975194897236003	1.0	0.33020091899993353	54.497682410880046
GOTERM_BP_ALL	GO:0043200~response to amino acid	2	18.181818181818183	0.05030371538475156	598, 5289	10	96	16792	34.983333333333334	1.0	0.33346353587386435	55.24887186505669
GOTERM_BP_ALL	GO:0065009~regulation of molecular function	5	45.45454545454545	0.051649080602408574	22863, 5587, 8678, 9711, 1612	10	2863	16792	2.932588194201886	1.0	0.33845557844372476	56.22634750278574
GOTERM_BP_ALL	GO:0007049~cell cycle	4	36.36363636363637	0.052351820001502056	598, 5289, 8678, 8655	10	1672	16792	4.017224880382775	1.0	0.3398855598690822	56.72894372612587
GOTERM_CC_ALL	GO:0043226~organelle	10	90.9090909090909	0.053136920978276825	81671, 22863, 598, 5289, 5587, 8678, 9711, 1612, 9474, 8655	10	13154	18224	1.3854340884901932	0.9998393246724484	0.1764541939489207	48.27856301183468
GOTERM_BP_ALL	GO:0007006~mitochondrial membrane organization	2	18.181818181818183	0.05388211235425846	598, 8655	10	103	16792	32.605825242718446	1.0	0.34568651208156376	57.80477830089852
GOTERM_BP_ALL	GO:0044085~cellular component biogenesis	5	45.45454545454545	0.05468006839738729	81671, 22863, 5289, 8678, 9474	10	2914	16792	2.8812628689087165	1.0	0.3475239718534049	58.355781999726844
GOTERM_BP_ALL	GO:2001237~negative regulation of extrinsic apoptotic signaling pathway	2	18.181818181818183	0.054902307689230885	598, 1612	10	105	16792	31.984761904761903	1.0	0.3463368582048718	58.50803930410054
GOTERM_CC_ALL	GO:0005768~endosome	3	27.27272727272727	0.05784507840427282	5289, 8678, 9711	10	811	18224	6.7413070283600485	0.9999276278659612	0.18718692304476237	51.29986755512081
GOTERM_BP_ALL	GO:0044763~single-organism cellular process	10	90.9090909090909	0.05873165077868725	81671, 22863, 598, 5289, 5587, 8678, 9711, 1612, 9474, 8655	10	12256	16792	1.3701044386422976	1.0	0.3636044497766048	61.05109781968751
GOTERM_BP_ALL	GO:0010646~regulation of cell communication	5	45.45454545454545	0.061317250247865225	598, 5587, 8678, 1612, 8655	10	3020	16792	2.7801324503311258	1.0	0.3741026357977433	62.68487833071379
GOTERM_BP_ALL	GO:0008637~apoptotic mitochondrial changes	2	18.181818181818183	0.06201633807554875	598, 8655	10	119	16792	28.2218487394958	1.0	0.37512262908636806	63.115471500194346
GOTERM_MF_ALL	GO:0016773~phosphotransferase activity, alcohol group as acceptor	3	27.27272727272727	0.062429407645151286	5289, 5587, 1612	10	784	16881	6.459566326530612	0.9838469505947296	0.7472148793149194	48.04976398428587
GOTERM_CC_ALL	GO:0032991~macromolecular complex	6	54.54545454545454	0.06345417017986377	22863, 598, 5289, 8678, 9474, 8655	10	4868	18224	2.246179129005752	0.999972161520862	0.20002288377286315	54.68765717763716
GOTERM_BP_ALL	GO:0023051~regulation of signaling	5	45.45454545454545	0.06460710086659795	598, 5587, 8678, 1612, 8655	10	3070	16792	2.7348534201954395	1.0	0.3852411907357356	64.67100606115659
GOTERM_BP_ALL	GO:0006468~protein phosphorylation	4	36.36363636363637	0.06764011947548479	22863, 5289, 5587, 1612	10	1852	16792	3.626781857451404	1.0	0.397139515289631	66.41402643458414
GOTERM_BP_ALL	GO:0043066~negative regulation of apoptotic process	3	27.27272727272727	0.06795908568655705	598, 8678, 1612	10	818	16792	6.158435207823961	1.0	0.3961766311697559	66.59257725334604
GOTERM_BP_ALL	GO:0070201~regulation of establishment of protein localization	3	27.27272727272727	0.06825381934511889	598, 5289, 8655	10	820	16792	6.143414634146341	1.0	0.3951161726972635	66.7567731957164
GOTERM_BP_ALL	GO:0051302~regulation of cell division	2	18.181818181818183	0.06908272911418994	5289, 8678	10	133	16792	25.25112781954887	1.0	0.3965183745375245	67.21451882885583
GOTERM_BP_ALL	GO:0043069~negative regulation of programmed cell death	3	27.27272727272727	0.0695858135253628	598, 8678, 1612	10	829	16792	6.076718938480097	1.0	0.39642079919032736	67.489451805684
GOTERM_BP_ALL	GO:0060341~regulation of cellular localization	3	27.27272727272727	0.07032981060264568	598, 5587, 8655	10	834	16792	6.040287769784172	1.0	0.39741138390500097	67.8920900768476
GOTERM_BP_ALL	GO:0042157~lipoprotein metabolic process	2	18.181818181818183	0.07109298702663314	5289, 9474	10	137	16792	24.51386861313869	1.0	0.3984734027060115	68.30025595173596
GOTERM_CC_ALL	GO:0030666~endocytic vesicle membrane	2	18.181818181818183	0.07400991028695429	5289, 9474	10	155	18224	23.51483870967742	0.9999954604354451	0.22609474477613223	60.483764986151854
GOTERM_CC_ALL	GO:0043231~intracellular membrane-bounded organelle	9	81.81818181818183	0.0750581148054191	81671, 22863, 598, 5289, 5587, 8678, 9711, 9474, 8655	10	11035	18224	1.4863253285002265	0.9999962128592443	0.22490792784948832	61.02052183750602
GOTERM_BP_ALL	GO:2001252~positive regulation of chromosome organization	2	18.181818181818183	0.07710062900102506	5587, 8678	10	149	16792	22.539597315436243	1.0	0.4223478503413136	71.3478479958549
GOTERM_BP_ALL	GO:0048522~positive regulation of cellular process	6	54.54545454545454	0.07874965756562255	22863, 598, 5587, 8678, 1612, 8655	10	4744	16792	2.123777403035413	1.0	0.42694027171157156	72.13509146958124
GOTERM_BP_ALL	GO:1903047~mitotic cell cycle process	3	27.27272727272727	0.07885254805205613	598, 8678, 8655	10	890	16792	5.660224719101124	1.0	0.4249691430053615	72.1835340342961
GOTERM_BP_ALL	GO:1902533~positive regulation of intracellular signal transduction	3	27.27272727272727	0.0827661907533127	598, 5587, 8678	10	915	16792	5.505573770491803	1.0	0.4387965087746831	73.96870648186626
GOTERM_BP_ALL	GO:2001236~regulation of extrinsic apoptotic signaling pathway	2	18.181818181818183	0.08307370922572768	598, 1612	10	161	16792	20.85962732919255	1.0	0.4376428959595251	74.10433510185675
GOTERM_MF_ALL	GO:0016301~kinase activity	3	27.27272727272727	0.08341896842958571	5289, 5587, 1612	10	924	16881	5.480844155844156	0.9962074144652902	0.7518388196944039	58.72447202514033
GOTERM_BP_ALL	GO:0045184~establishment of protein localization	4	36.36363636363637	0.08380584097907769	598, 5289, 8678, 8655	10	2021	16792	3.3235032162295894	1.0	0.4382218687042293	74.42457944080698
GOTERM_CC_ALL	GO:0044424~intracellular part	10	90.9090909090909	0.08507569188246114	81671, 22863, 598, 5289, 5587, 8678, 9711, 1612, 9474, 8655	10	13860	18224	1.3148629148629147	0.9999993368273541	0.24762816032710488	65.82326816534116
GOTERM_CC_ALL	GO:0005634~nucleus	7	63.63636363636363	0.08524826002307853	81671, 22863, 598, 5587, 8678, 9711, 8655	10	7048	18224	1.809988649262202	0.9999993565436679	0.2438666154438035	65.90102440493739
GOTERM_BP_ALL	GO:0050896~response to stimulus	8	72.72727272727273	0.08592076856750024	22863, 598, 5289, 5587, 8678, 1612, 9474, 8655	10	8329	16792	1.6128706927602354	1.0	0.44431505851130404	75.32898568061887
GOTERM_BP_ALL	GO:0044703~multi-organism reproductive process	3	27.27272727272727	0.08610348041620426	81671, 598, 8655	10	936	16792	5.382051282051282	1.0	0.4426679646214451	75.4056975711653
GOTERM_BP_ALL	GO:0010822~positive regulation of mitochondrion organization	2	18.181818181818183	0.0885188199379026	8678, 8655	10	172	16792	19.525581395348837	1.0	0.4497855714939344	76.39902886623615
GOTERM_BP_ALL	GO:0032880~regulation of protein localization	3	27.27272727272727	0.0902965637792829	598, 5289, 8655	10	962	16792	5.236590436590436	1.0	0.4542937282586048	77.10601867752318
GOTERM_BP_ALL	GO:0016032~viral process	3	27.27272727272727	0.0909475373504927	598, 8678, 8655	10	966	16792	5.214906832298136	1.0	0.4544319665907446	77.35990916292562
GOTERM_BP_ALL	GO:2001235~positive regulation of apoptotic signaling pathway	2	18.181818181818183	0.09098435428407958	598, 8655	10	177	16792	18.97401129943503	1.0	0.4522390027898294	77.37418935666163
GOTERM_BP_ALL	GO:0000278~mitotic cell cycle	3	27.27272727272727	0.09127360467444086	598, 8678, 8655	10	968	16792	5.204132231404959	1.0	0.45102430195989884	77.48608809141348
GOTERM_BP_ALL	GO:0044764~multi-organism cellular process	3	27.27272727272727	0.09209045838334665	598, 8678, 8655	10	973	16792	5.177389516957862	1.0	0.45180936648669734	77.7993042858992
GOTERM_BP_ALL	GO:0051726~regulation of cell cycle	3	27.27272727272727	0.09258172145338348	598, 5289, 8678	10	976	16792	5.161475409836065	1.0	0.4513699496532775	77.98570668103486
GOTERM_BP_ALL	GO:0048015~phosphatidylinositol-mediated signaling	2	18.181818181818183	0.09442614281441782	5289, 8678	10	184	16792	18.25217391304348	1.0	0.45594548347117203	78.67255340271517
GOTERM_CC_ALL	GO:0005802~trans-Golgi network	2	18.181818181818183	0.09456406839617942	5587, 8678	10	200	18224	18.224	0.9999998749061298	0.2633612867163244	69.86562250060857
GOTERM_CC_ALL	GO:0098796~membrane protein complex	3	27.27272727272727	0.09482418903810334	22863, 5289, 8678	10	1074	18224	5.090502793296089	0.9999998805268364	0.2597431076383193	69.96999145949083
GOTERM_BP_ALL	GO:0048017~inositol lipid-mediated signaling	2	18.181818181818183	0.0958976455508485	5289, 8678	10	187	16792	17.959358288770055	1.0	0.45907650053580284	79.206090817304
GOTERM_BP_ALL	GO:0044403~symbiosis, encompassing mutualism through parasitism	3	27.27272727272727	0.09621035802298011	598, 8678, 8655	10	998	16792	5.047695390781563	1.0	0.4579623908162518	79.31785293010537
GOTERM_BP_ALL	GO:0044419~interspecies interaction between organisms	3	27.27272727272727	0.09621035802298011	598, 8678, 8655	10	998	16792	5.047695390781563	1.0	0.4579623908162518	79.31785293010537
