Category	Term	Count	%	PValue	Genes	List Total	Pop Hits	Pop Total	Fold Enrichment	Bonferroni	Benjamini	FDR
GOTERM_BP_ALL	GO:0007187~G-protein coupled receptor signaling pathway, coupled to cyclic nucleotide second messenger	11	84.61538461538461	2.0547980026965317E-18	2914, 4988, 4985, 1132, 1812, 3360, 2778, 3362, 1128, 1268, 2774	13	193	16792	73.61976883220406	2.3219217430470807E-15	2.3219217430470807E-15	3.297076693151218E-15
GOTERM_BP_ALL	GO:0007188~adenylate cyclase-modulating G-protein coupled receptor signaling pathway	9	69.23076923076923	3.863881670604067E-14	2914, 4988, 4985, 1132, 1812, 2778, 1128, 1268, 2774	13	167	16792	69.61216029479502	4.3658410220359656E-11	2.1829205110179828E-11	6.199485369506874E-11
GOTERM_BP_ALL	GO:0007186~G-protein coupled receptor signaling pathway	12	92.3076923076923	4.598681231020654E-12	2914, 5179, 4988, 4985, 1132, 1812, 3360, 2778, 3362, 1128, 1268, 2774	13	1261	16792	12.292075886048924	5.196479913038843E-9	1.7321599710129476E-9	7.378886390796424E-9
GOTERM_BP_ALL	GO:0007268~chemical synaptic transmission	10	76.92307692307693	1.898977582791879E-11	2914, 5179, 4988, 4985, 1132, 1812, 3360, 3362, 1128, 1268	13	604	16792	21.385634233316352	2.1458484766867514E-8	5.3646211917168785E-9	3.04705705111985E-8
GOTERM_BP_ALL	GO:0098916~anterograde trans-synaptic signaling	10	76.92307692307693	1.898977582791879E-11	2914, 5179, 4988, 4985, 1132, 1812, 3360, 3362, 1128, 1268	13	604	16792	21.385634233316352	2.1458484766867514E-8	5.3646211917168785E-9	3.04705705111985E-8
GOTERM_BP_ALL	GO:0099537~trans-synaptic signaling	10	76.92307692307693	1.898977582791879E-11	2914, 5179, 4988, 4985, 1132, 1812, 3360, 3362, 1128, 1268	13	604	16792	21.385634233316352	2.1458484766867514E-8	5.3646211917168785E-9	3.04705705111985E-8
GOTERM_BP_ALL	GO:0099536~synaptic signaling	10	76.92307692307693	1.898977582791879E-11	2914, 5179, 4988, 4985, 1132, 1812, 3360, 3362, 1128, 1268	13	604	16792	21.385634233316352	2.1458484766867514E-8	5.3646211917168785E-9	3.04705705111985E-8
GOTERM_MF_ALL	GO:0004871~signal transducer activity	12	92.3076923076923	1.702040346469612E-10	2914, 4988, 4985, 1132, 1812, 7442, 3360, 2778, 3362, 1128, 1268, 2774	13	1763	16881	8.838605523801213	2.3828569895023577E-8	2.3828569895023577E-8	2.0082389085018804E-7
GOTERM_BP_ALL	GO:0007193~adenylate cyclase-inhibiting G-protein coupled receptor signaling pathway	6	46.15384615384615	9.063282928491673E-10	2914, 4988, 4985, 1132, 1128, 2774	13	71	16792	109.15709642470208	1.0241505066233003E-6	2.0483018525752072E-7	1.4542714366072573E-6
GOTERM_BP_ALL	GO:0007267~cell-cell signaling	11	84.61538461538461	1.9619449972930654E-9	2914, 5179, 4988, 4985, 1132, 1812, 3360, 2778, 3362, 1128, 1268	13	1517	16792	9.36625931747883	2.2169954521089608E-6	3.6949958337473277E-7	3.1480871576228253E-6
GOTERM_MF_ALL	GO:0004888~transmembrane signaling receptor activity	10	76.92307692307693	1.7526120659130453E-8	2914, 4988, 4985, 1132, 1812, 7442, 3360, 3362, 1128, 1268	13	1309	16881	9.920079920079921	2.4536539044994754E-6	1.2268277047589038E-6	2.067907873826158E-5
GOTERM_MF_ALL	GO:0004930~G-protein coupled receptor activity	9	69.23076923076923	2.3298122590723077E-8	2914, 4988, 4985, 1132, 1812, 3360, 3362, 1128, 1268	13	888	16881	13.160862785862784	3.261731874482088E-6	1.0872451402521577E-6	2.748946584807399E-5
GOTERM_MF_ALL	GO:0099600~transmembrane receptor activity	10	76.92307692307693	2.501119979806667E-8	2914, 4988, 4985, 1132, 1812, 7442, 3360, 3362, 1128, 1268	13	1363	16881	9.52706134657712	3.50156188222428E-6	8.753916199699674E-7	2.9510726218262562E-5
GOTERM_MF_ALL	GO:0038023~signaling receptor activity	10	76.92307692307693	3.518801822581337E-8	2914, 4988, 4985, 1132, 1812, 7442, 3360, 3362, 1128, 1268	13	1417	16881	9.163997611421747	4.926310511188525E-6	9.852640436847082E-7	4.1518356796999E-5
GOTERM_BP_ALL	GO:0007191~adenylate cyclase-activating dopamine receptor signaling pathway	4	30.76923076923077	6.112164206265583E-8	4988, 1812, 2778, 2774	13	12	16792	430.5641025641026	6.90650725603259E-5	9.866730989571693E-6	9.807418959173475E-5
GOTERM_CC_ALL	GO:0005887~integral component of plasma membrane	10	76.92307692307693	6.317492205010293E-8	2914, 4988, 4985, 1132, 1812, 7442, 3360, 3362, 1128, 1268	13	1635	18224	8.573982592331216	7.896834328224855E-6	7.896834328224855E-6	7.305617922837015E-5
GOTERM_CC_ALL	GO:0031226~intrinsic component of plasma membrane	10	76.92307692307693	8.932577284626741E-8	2914, 4988, 4985, 1132, 1812, 7442, 3360, 3362, 1128, 1268	13	1701	18224	8.241306019083797	1.1165659773437753E-5	5.582845470808451E-6	1.0329729832614376E-4
GOTERM_MF_ALL	GO:0060089~molecular transducer activity	10	76.92307692307693	1.5620956892268597E-7	2914, 4988, 4985, 1132, 1812, 7442, 3360, 3362, 1128, 1268	13	1680	16881	7.729395604395605	2.1869102228344595E-5	3.6448835841751404E-6	1.8431161225018755E-4
GOTERM_MF_ALL	GO:0004872~receptor activity	10	76.92307692307693	1.5620956892268597E-7	2914, 4988, 4985, 1132, 1812, 7442, 3360, 3362, 1128, 1268	13	1680	16881	7.729395604395605	2.1869102228344595E-5	3.6448835841751404E-6	1.8431161225018755E-4
GOTERM_BP_ALL	GO:0019233~sensory perception of pain	5	38.46153846153847	1.6745223254462207E-7	5179, 4988, 4985, 7442, 1268	13	74	16792	87.27650727650729	1.8920313742387673E-4	2.3652350103153807E-5	2.686892613512626E-4
GOTERM_CC_ALL	GO:0044459~plasma membrane part	11	84.61538461538461	1.961825605349704E-7	2914, 4988, 4985, 1132, 1812, 7442, 3360, 2778, 3362, 1128, 1268	13	2635	18224	5.85210918114144	2.452252178974934E-5	8.174240747949035E-6	2.268675253325192E-4
GOTERM_CC_ALL	GO:0005886~plasma membrane	13	100.0	2.5167513796362574E-7	2914, 5179, 4988, 4985, 1132, 1812, 7442, 3360, 2778, 1268, 3362, 1128, 2774	13	5141	18224	3.544835635090449	3.1458901361136604E-5	7.86481812287132E-6	2.9103962577714526E-4
GOTERM_CC_ALL	GO:0097458~neuron part	9	69.23076923076923	3.0454921680738246E-7	2914, 5179, 4988, 4985, 7442, 2778, 3362, 1128, 1268	13	1333	18224	9.464827745397887	3.8067933300411916E-5	7.613702596165339E-6	3.521836366759956E-4
GOTERM_CC_ALL	GO:0071944~cell periphery	13	100.0	3.2828838503153737E-7	2914, 5179, 4988, 4985, 1132, 1812, 7442, 3360, 2778, 1268, 3362, 1128, 2774	13	5256	18224	3.467275494672755	4.1035212897444495E-5	6.839319089180229E-6	3.796357909591208E-4
GOTERM_BP_ALL	GO:0050877~neurological system process	9	69.23076923076923	4.391339553450763E-7	5179, 4988, 4985, 1812, 7442, 2778, 1128, 1268, 2774	13	1288	16792	9.02580028666985	4.960983809384478E-4	5.5134199882345136E-5	7.046208650551833E-4
GOTERM_CC_ALL	GO:0098590~plasma membrane region	8	61.53846153846154	5.819728445634806E-7	2914, 4988, 4985, 1132, 1812, 7442, 2778, 1128	13	936	18224	11.981591058514136	7.274398076939637E-5	1.0392321248220426E-5	6.72997995643243E-4
GOTERM_CC_ALL	GO:0043005~neuron projection	8	61.53846153846154	7.208554379154378E-7	5179, 4988, 4985, 7442, 2778, 3362, 1128, 1268	13	966	18224	11.609491957318046	9.01029027037259E-5	1.1263306845199494E-5	8.33602312344528E-4
GOTERM_BP_ALL	GO:1901698~response to nitrogen compound	8	61.53846153846154	7.470146095578109E-7	5179, 4988, 1132, 1812, 7442, 2778, 1128, 1268	13	895	16792	11.545853029651912	8.437706492049335E-4	8.440911975238219E-5	0.001198633935861615
GOTERM_BP_ALL	GO:0007200~phospholipase C-activating G-protein coupled receptor signaling pathway	5	38.46153846153847	8.90828882730949E-7	4988, 4985, 1132, 1812, 1128	13	112	16792	57.66483516483517	0.0010061305967555834	9.150827521708926E-5	0.0014293918233043712
GOTERM_BP_ALL	GO:1901699~cellular response to nitrogen compound	7	53.84615384615385	1.021267664963873E-6	5179, 4988, 1132, 1812, 7442, 2778, 1128	13	558	16792	16.20402536531569	0.0011533674106689595	9.616479676355372E-5	0.0016386875701046577
GOTERM_BP_ALL	GO:0043279~response to alkaloid	5	38.46153846153847	1.8263251946558257E-6	5179, 4988, 1812, 7442, 1268	13	134	16792	48.19747416762342	0.0020616212879576157	1.5873735023741453E-4	0.0029304347653691387
GOTERM_BP_ALL	GO:0007212~dopamine receptor signaling pathway	4	30.76923076923077	1.9646144372827074E-6	4988, 1812, 2778, 2774	13	36	16792	143.52136752136755	0.0022175540807433114	1.585600348019689E-4	0.0031523238440800405
GOTERM_BP_ALL	GO:0007165~signal transduction	13	100.0	2.7172866308531483E-6	2914, 5179, 4988, 4985, 1132, 1812, 7442, 3360, 2778, 1268, 3362, 1128, 2774	13	5775	16792	2.9077056277056275	0.0030658287838282172	2.0468158750441834E-4	0.0043599999948629176
GOTERM_CC_ALL	GO:0045202~synapse	7	53.84615384615385	3.6973198404009754E-6	2914, 5179, 4988, 4985, 1132, 7442, 1128	13	755	18224	12.997249108507386	4.6205905225982224E-4	5.135044090298635E-5	0.004275539519649207
GOTERM_CC_ALL	GO:0042995~cell projection	9	69.23076923076923	3.7191696077319287E-6	5179, 4988, 4985, 1812, 7442, 2778, 3362, 1128, 1268	13	1846	18224	6.834569547462288	4.647890175859537E-4	4.648862591860592E-5	0.004300805851076284
GOTERM_BP_ALL	GO:0044708~single-organism behavior	6	46.15384615384615	4.853779736071246E-6	5179, 4988, 4985, 1812, 7442, 1268	13	395	16792	19.62064264849075	0.005469770444660571	3.427402769200505E-4	0.007787967325156853
GOTERM_BP_ALL	GO:0044700~single organism signaling	13	100.0	6.4630634813817535E-6	2914, 5179, 4988, 4985, 1132, 1812, 7442, 3360, 2778, 1268, 3362, 1128, 2774	13	6207	16792	2.7053326888996296	0.007276681151841324	4.295127526712239E-4	0.01036996332632878
GOTERM_BP_ALL	GO:0023052~signaling	13	100.0	7.157949352510733E-6	2914, 5179, 4988, 4985, 1132, 1812, 7442, 3360, 2778, 1268, 3362, 1128, 2774	13	6260	16792	2.6824281150159743	0.008055887725105126	4.492608141746235E-4	0.011484845301035218
GOTERM_CC_ALL	GO:0030425~dendrite	6	46.15384615384615	7.3054847897907785E-6	5179, 4988, 7442, 2778, 3362, 1128	13	466	18224	18.049521294156488	9.127721042463399E-4	8.301373002139734E-5	0.008447820311785481
GOTERM_BP_ALL	GO:0007154~cell communication	13	100.0	7.366689129585182E-6	2914, 5179, 4988, 4985, 1132, 1812, 7442, 3360, 2778, 1268, 3362, 1128, 2774	13	6275	16792	2.67601593625498	0.008289837589467441	4.3802979366658334E-4	0.01181974725057433
GOTERM_MF_ALL	GO:0008227~G-protein coupled amine receptor activity	4	30.76923076923077	9.650652239530876E-6	1132, 3360, 3362, 1128	13	61	16881	85.1500630517024	0.0013501855112852956	1.9299535014916103E-4	0.01138621725563782
GOTERM_BP_ALL	GO:0003008~system process	9	69.23076923076923	1.3374455623643612E-5	5179, 4988, 4985, 1812, 7442, 2778, 1128, 1268, 2774	13	2014	16792	5.772209915208922	0.014999604138826839	7.55376355559001E-4	0.02145815276721752
GOTERM_CC_ALL	GO:0044463~cell projection part	7	53.84615384615385	1.408565614422062E-5	5179, 4988, 4985, 1812, 7442, 1128, 1268	13	952	18224	10.307692307692308	0.0017591702614124793	1.4671585438486012E-4	0.01628760227426751
GOTERM_BP_ALL	GO:0045761~regulation of adenylate cyclase activity	4	30.76923076923077	1.5506526145167386E-5	4988, 1812, 2778, 2774	13	71	16792	72.77139761646805	0.01736988398180983	8.340572379258449E-4	0.024878475769074537
GOTERM_BP_ALL	GO:1901700~response to oxygen-containing compound	8	61.53846153846154	2.0367541402377387E-5	5179, 4988, 1132, 1812, 7442, 2778, 1128, 1268	13	1466	16792	7.048798404869347	0.022752718570375086	0.0010456146078038353	0.0326762326752883
GOTERM_CC_ALL	GO:0097060~synaptic membrane	5	38.46153846153847	2.315540428631633E-5	2914, 4985, 1132, 7442, 1128	13	276	18224	25.395763656633225	0.0028902741391720888	2.2262591110444596E-4	0.0267738999551681
GOTERM_BP_ALL	GO:0007600~sensory perception	7	53.84615384615385	2.3717262888427908E-5	5179, 4988, 4985, 7442, 2778, 1268, 2774	13	961	16792	9.408788921796205	0.026444869831423468	0.001164574611972391	0.03804932843337605
GOTERM_BP_ALL	GO:0051716~cellular response to stimulus	13	100.0	2.414795085193768E-5	2914, 5179, 4988, 4985, 1132, 1812, 7442, 3360, 2778, 1268, 3362, 1128, 2774	13	6927	16792	2.4241374332322794	0.026918573166987203	0.0011363336306232652	0.03874015060051361
GOTERM_BP_ALL	GO:0007610~behavior	6	46.15384615384615	2.5742961369422362E-5	5179, 4988, 4985, 1812, 7442, 1268	13	557	16792	13.914100262394697	0.028670882131753728	0.001162920114881505	0.04129850357036391
GOTERM_CC_ALL	GO:0044456~synapse part	6	46.15384615384615	2.6292478916504522E-5	2914, 4988, 4985, 1132, 7442, 1128	13	607	18224	13.856798884805476	0.003281208103340094	2.3472980887684347E-4	0.030400701588162438
GOTERM_BP_ALL	GO:0031279~regulation of cyclase activity	4	30.76923076923077	2.6646279186649434E-5	4988, 1812, 2778, 2774	13	85	16792	60.78552036199095	0.02966188557719196	0.0011574333740659304	0.04274737325505873
GOTERM_BP_ALL	GO:0051339~regulation of lyase activity	4	30.76923076923077	2.857241952685866E-5	4988, 1812, 2778, 2774	13	87	16792	59.38815207780725	0.031771625373687606	0.0011951110382878438	0.045836725518910715
GOTERM_BP_ALL	GO:0007189~adenylate cyclase-activating G-protein coupled receptor signaling pathway	4	30.76923076923077	3.489577336085721E-5	4988, 1812, 2778, 2774	13	93	16792	55.556658395368075	0.03866555409323169	0.0014073270681342898	0.05597817510037961
GOTERM_MF_ALL	GO:0030594~neurotransmitter receptor activity	4	30.76923076923077	3.661359610308497E-5	1132, 1812, 3362, 1128	13	95	16881	54.6753036437247	0.005112881791046298	6.40544425722811E-4	0.04319186535719499
GOTERM_CC_ALL	GO:0036477~somatodendritic compartment	6	46.15384615384615	3.989710650112821E-5	5179, 4988, 7442, 2778, 3362, 1128	13	662	18224	12.705554264466652	0.004974822179494853	3.3242725391058325E-4	0.046127749292923514
GOTERM_BP_ALL	GO:0030817~regulation of cAMP biosynthetic process	4	30.76923076923077	6.082321258568352E-5	4988, 1812, 2778, 2774	13	112	16792	46.13186813186814	0.06642345406534356	0.0023672735952975366	0.09755073875160614
GOTERM_BP_ALL	GO:0006171~cAMP biosynthetic process	4	30.76923076923077	6.580996919725428E-5	4988, 1812, 2778, 2774	13	115	16792	44.928428093645486	0.07166972737597033	0.0024758537487614696	0.1055447424523015
GOTERM_CC_ALL	GO:0032590~dendrite membrane	3	23.076923076923077	7.502457033332041E-5	4988, 4985, 7442	13	20	18224	210.27692307692308	0.009334582850064832	5.859796906864112E-4	0.08672489950474205
GOTERM_CC_ALL	GO:0098794~postsynapse	5	38.46153846153847	7.742599875595396E-5	4988, 4985, 1132, 7442, 1128	13	376	18224	18.641571194762687	0.009631937395287227	5.691688171125531E-4	0.08949970343966607
GOTERM_BP_ALL	GO:0030814~regulation of cAMP metabolic process	4	30.76923076923077	9.263241528456724E-5	4988, 1812, 2778, 2774	13	129	16792	40.05247465712582	0.09938685707741046	0.0033710625119952597	0.14853208755533087
GOTERM_BP_ALL	GO:0030802~regulation of cyclic nucleotide biosynthetic process	4	30.76923076923077	9.917971793008881E-5	4988, 1812, 2778, 2774	13	132	16792	39.14219114219114	0.10602604676482508	0.0034963310290838656	0.15902257391605668
GOTERM_BP_ALL	GO:1900371~regulation of purine nucleotide biosynthetic process	4	30.76923076923077	1.1810145903210699E-4	4988, 1812, 2778, 2774	13	140	16792	36.90549450549451	0.12493974305988442	0.004036151844100111	0.18933432910126502
GOTERM_BP_ALL	GO:0030808~regulation of nucleotide biosynthetic process	4	30.76923076923077	1.2062023065857688E-4	4988, 1812, 2778, 2774	13	141	16792	36.64375340971086	0.1274271054436611	0.00400106496099506	0.1933686340467866
GOTERM_BP_ALL	GO:0046058~cAMP metabolic process	4	30.76923076923077	1.257625749431072E-4	4988, 1812, 2778, 2774	13	143	16792	36.1312533620226	0.13248341275663644	0.004052356855189454	0.20160462852883976
GOTERM_BP_ALL	GO:0052652~cyclic purine nucleotide metabolic process	4	30.76923076923077	1.3374138928413286E-4	4988, 1812, 2778, 2774	13	146	16792	35.38883034773446	0.1402708462270913	0.0041894739219350274	0.2143822607279633
GOTERM_BP_ALL	GO:0010243~response to organonitrogen compound	6	46.15384615384615	1.3585520517887865E-4	5179, 4988, 1812, 7442, 2778, 1268	13	789	16792	9.822755191576485	0.1423222311335448	0.004140776510016542	0.21776716354204861
GOTERM_BP_ALL	GO:0031667~response to nutrient levels	5	38.46153846153847	1.4019225594359038E-4	5179, 4988, 7442, 3360, 1268	13	404	16792	15.986290936785986	0.1465158902659076	0.004160488316462763	0.22471184726128302
GOTERM_BP_ALL	GO:0009190~cyclic nucleotide biosynthetic process	4	30.76923076923077	1.4204381261687533E-4	4988, 1812, 2778, 2774	13	149	16792	34.676303562209604	0.1482999848336135	0.004107461951738056	0.22767650630476366
GOTERM_BP_ALL	GO:0014072~response to isoquinoline alkaloid	3	23.076923076923077	1.5070897735318186E-4	5179, 4988, 1268	13	26	16792	149.04142011834318	0.15660003456635863	0.004248797676925653	0.24154981990324176
GOTERM_BP_ALL	GO:0043278~response to morphine	3	23.076923076923077	1.5070897735318186E-4	5179, 4988, 1268	13	26	16792	149.04142011834318	0.15660003456635863	0.004248797676925653	0.24154981990324176
GOTERM_BP_ALL	GO:0030799~regulation of cyclic nucleotide metabolic process	4	30.76923076923077	1.5661626928224098E-4	4988, 1812, 2778, 2774	13	154	16792	33.55044955044955	0.16221204241495002	0.004307531089677297	0.2510066197149663
GOTERM_BP_ALL	GO:0010033~response to organic substance	9	69.23076923076923	1.6417293769980683E-4	5179, 4988, 4985, 1132, 1812, 7442, 2778, 1128, 1268	13	2822	16792	4.119500626942158	0.16933662428732532	0.004407654073400824	0.2631026295890848
GOTERM_BP_ALL	GO:0009991~response to extracellular stimulus	5	38.46153846153847	1.863857213269192E-4	5179, 4988, 7442, 3360, 1268	13	435	16792	14.847038019451814	0.18993071297232578	0.004886521809396416	0.2986508183128067
GOTERM_BP_ALL	GO:0050896~response to stimulus	13	100.0	2.2087655035461204E-4	2914, 5179, 4988, 4985, 1132, 1812, 7442, 3360, 2778, 1268, 3362, 1128, 2774	13	8329	16792	2.0160883659502944	0.22090171297372596	0.005657076102376424	0.35382461027685386
GOTERM_BP_ALL	GO:0071869~response to catecholamine	3	23.076923076923077	2.2945774598044438E-4	5179, 1812, 2778	13	32	16792	121.09615384615385	0.2284216101246952	0.00574602818422687	0.36754720526234186
GOTERM_BP_ALL	GO:0071867~response to monoamine	3	23.076923076923077	2.2945774598044438E-4	5179, 1812, 2778	13	32	16792	121.09615384615385	0.2284216101246952	0.00574602818422687	0.36754720526234186
GOTERM_BP_ALL	GO:0014070~response to organic cyclic compound	6	46.15384615384615	2.6047268863396955E-4	5179, 4988, 1812, 7442, 2778, 1268	13	906	16792	8.554253693326542	0.2550010558234601	0.00637896912927749	0.4171298892522546
GOTERM_BP_ALL	GO:0071417~cellular response to organonitrogen compound	5	38.46153846153847	2.654597011821165E-4	5179, 4988, 1812, 7442, 2778	13	477	16792	13.5397516529592	0.2591886572540252	0.00636284706973278	0.4251003211182103
GOTERM_BP_ALL	GO:1901701~cellular response to oxygen-containing compound	6	46.15384615384615	2.6865012436762085E-4	5179, 1132, 1812, 7442, 2778, 1128	13	912	16792	8.497975708502025	0.26185531652142224	0.006305358632279212	0.4301990622320617
GOTERM_CC_ALL	GO:0032589~neuron projection membrane	3	23.076923076923077	2.757687508875472E-4	4988, 4985, 7442	13	38	18224	110.67206477732793	0.0338883268344774	0.0019134918113681287	0.3184380295696676
GOTERM_BP_ALL	GO:0009187~cyclic nucleotide metabolic process	4	30.76923076923077	2.909682126922958E-4	4988, 1812, 2778, 2774	13	190	16792	27.19352226720648	0.2802432159256918	0.0066885908026085295	0.46585963380199047
GOTERM_BP_ALL	GO:0001659~temperature homeostasis	3	23.076923076923077	2.909858053461033E-4	1812, 7442, 1268	13	36	16792	107.64102564102565	0.28025752849620045	0.006555653514522919	0.46588773919546966
GOTERM_BP_ALL	GO:0007626~locomotory behavior	4	30.76923076923077	3.000612155118115E-4	5179, 4988, 4985, 1812	13	192	16792	26.910256410256412	0.28760308247293875	0.006627354406002706	0.4803852972625644
GOTERM_CC_ALL	GO:0045211~postsynaptic membrane	4	30.76923076923077	3.1601168529894747E-4	4985, 1132, 7442, 1128	13	212	18224	26.44992743105951	0.03873745106549875	0.002077192456168886	0.3648301584925018
GOTERM_BP_ALL	GO:0048518~positive regulation of biological process	11	84.61538461538461	3.1967154886196206E-4	2914, 5179, 4988, 4985, 1812, 7442, 2778, 3362, 1128, 1268, 2774	13	5285	16792	2.688479732188341	0.3032207269628582	0.006923738931983614	0.5117051580663445
GOTERM_BP_ALL	GO:0044057~regulation of system process	5	38.46153846153847	3.2764013588350576E-4	4988, 4985, 7442, 2778, 1128	13	504	16792	12.814407814407815	0.30946872814877124	0.006962329489369479	0.5244292275716878
GOTERM_BP_ALL	GO:0007190~activation of adenylate cyclase activity	3	23.076923076923077	3.5969639072687176E-4	1812, 2778, 2774	13	40	16792	96.87692307692308	0.3340429097685155	0.007500067138514921	0.5756005556078692
GOTERM_BP_ALL	GO:1900542~regulation of purine nucleotide metabolic process	4	30.76923076923077	3.6368244017939005E-4	4988, 1812, 2778, 2774	13	205	16792	25.20375234521576	0.33703687265327076	0.007445523826296818	0.5819617517648035
GOTERM_BP_ALL	GO:0071407~cellular response to organic cyclic compound	5	38.46153846153847	3.6910793253981243E-4	5179, 4988, 1812, 7442, 2778	13	520	16792	12.420118343195268	0.341090417963238	0.00742176734249389	0.5906194910146989
GOTERM_CC_ALL	GO:0016020~membrane	13	100.0	3.8248417000331643E-4	2914, 5179, 4988, 4985, 1132, 1812, 7442, 3360, 2778, 1268, 3362, 1128, 2774	13	9462	18224	1.926019868949482	0.04669431591627782	0.0023881272243982954	0.4414165661153491
GOTERM_BP_ALL	GO:0006140~regulation of nucleotide metabolic process	4	30.76923076923077	4.0128438683115014E-4	4988, 1812, 2778, 2774	13	212	16792	24.37155297532656	0.3646265628464982	0.007925311356651754	0.6419505988335739
GOTERM_BP_ALL	GO:0043269~regulation of ion transport	5	38.46153846153847	4.696311268677406E-4	4988, 4985, 1812, 1128, 1268	13	554	16792	11.657872813107472	0.4118703281603877	0.009110108253537863	0.7509017221826508
GOTERM_CC_ALL	GO:0031224~intrinsic component of membrane	11	84.61538461538461	4.6982650719298483E-4	2914, 4988, 4985, 1132, 1812, 7442, 3360, 2778, 3362, 1128, 1268	13	5981	18224	2.578215631551194	0.05705008840837478	0.002793334873066322	0.5419664602861696
GOTERM_BP_ALL	GO:0042220~response to cocaine	3	23.076923076923077	4.971186961579434E-4	4988, 1812, 1268	13	47	16792	82.44844517184943	0.4298659667273812	0.009478249756740609	0.794687894481183
GOTERM_BP_ALL	GO:0010562~positive regulation of phosphorus metabolic process	6	46.15384615384615	5.154512895607472E-4	2914, 4988, 4985, 1812, 2778, 2774	13	1049	16792	7.388135220356384	0.4415611318531729	0.009663177260928024	0.8238806287589551
GOTERM_BP_ALL	GO:0045937~positive regulation of phosphate metabolic process	6	46.15384615384615	5.154512895607472E-4	2914, 4988, 4985, 1812, 2778, 2774	13	1049	16792	7.388135220356384	0.4415611318531729	0.009663177260928024	0.8238806287589551
GOTERM_BP_ALL	GO:0045762~positive regulation of adenylate cyclase activity	3	23.076923076923077	5.185266320077997E-4	1812, 2778, 2774	13	48	16792	80.73076923076924	0.443499415625506	0.00956197534648473	0.8287770003625239
GOTERM_BP_ALL	GO:0051966~regulation of synaptic transmission, glutamatergic	3	23.076923076923077	6.085773139523165E-4	2914, 1812, 1268	13	52	16792	74.52071005917159	0.4973703722729752	0.011033864222338874	0.9720497199231071
GOTERM_BP_ALL	GO:0009152~purine ribonucleotide biosynthetic process	4	30.76923076923077	6.12332365963852E-4	4988, 1812, 2778, 2774	13	245	16792	21.08885400313972	0.499499913466558	0.010926337536699138	0.9780198771375925
GOTERM_BP_ALL	GO:0046903~secretion	6	46.15384615384615	6.364706069204472E-4	2914, 4988, 7442, 2778, 1128, 1268	13	1098	16792	7.058427910886928	0.5129754573400306	0.011178315003190442	1.0163892096124671
GOTERM_BP_ALL	GO:0006164~purine nucleotide biosynthetic process	4	30.76923076923077	6.646770988589336E-4	4988, 1812, 2778, 2774	13	252	16792	20.503052503052505	0.528263563646345	0.011492449089887669	1.0612076330525855
GOTERM_BP_ALL	GO:0050890~cognition	4	30.76923076923077	6.723814167566521E-4	1812, 2778, 1128, 1268	13	253	16792	20.422012769838858	0.5323553424338059	0.011449803139608195	1.073446023030955
GOTERM_BP_ALL	GO:0009260~ribonucleotide biosynthetic process	4	30.76923076923077	7.117640199886785E-4	4988, 1812, 2778, 2774	13	258	16792	20.02623732856291	0.5527241282625517	0.011936836310639576	1.13598353152502
GOTERM_BP_ALL	GO:0046390~ribose phosphate biosynthetic process	4	30.76923076923077	7.36088790641723E-4	4988, 1812, 2778, 2774	13	261	16792	19.796050692602417	0.5648596324078445	0.012162005522028174	1.1745914703845117
GOTERM_BP_ALL	GO:0072522~purine-containing compound biosynthetic process	4	30.76923076923077	7.525979206636003E-4	4988, 1812, 2778, 2774	13	263	16792	19.645510383152967	0.5729079986198171	0.012254094149428796	1.2007864787303868
GOTERM_BP_ALL	GO:0051049~regulation of transport	7	53.84615384615385	7.749162768439276E-4	4988, 4985, 1812, 7442, 2778, 1128, 1268	13	1796	16792	5.034435497687168	0.5835524884557173	0.01243623497522428	1.236188626268353
GOTERM_CC_ALL	GO:0031253~cell projection membrane	4	30.76923076923077	8.207418349486386E-4	4988, 4985, 1812, 7442	13	294	18224	19.072736787022503	0.09754355785522428	0.004654355374368757	0.9450113978273444
GOTERM_BP_ALL	GO:0051349~positive regulation of lyase activity	3	23.076923076923077	8.368959812987241E-4	1812, 2778, 2774	13	61	16792	63.52585119798235	0.6117432389355125	0.013236801473384352	1.3344406008412801
GOTERM_BP_ALL	GO:0031281~positive regulation of cyclase activity	3	23.076923076923077	8.368959812987241E-4	1812, 2778, 2774	13	61	16792	63.52585119798235	0.6117432389355125	0.013236801473384352	1.3344406008412801
GOTERM_BP_ALL	GO:0065008~regulation of biological quality	9	69.23076923076923	8.551223124912343E-4	2914, 4988, 4985, 1812, 7442, 3360, 2778, 1128, 1268	13	3548	16792	3.276558841384095	0.6196645285450715	0.013336678842794547	1.363316051380603
GOTERM_BP_ALL	GO:0070887~cellular response to chemical stimulus	8	61.53846153846154	9.133834714788678E-4	5179, 4988, 4985, 1132, 1812, 7442, 2778, 1128	13	2648	16792	3.9023936788287243	0.643918261580456	0.014045564201759286	1.4555643853018219
GOTERM_BP_ALL	GO:0048522~positive regulation of cellular process	10	76.92307692307693	0.001045493132018417	2914, 4988, 4985, 1812, 7442, 2778, 3362, 1128, 1268, 2774	13	4744	16792	2.722791542353094	0.6933429468566066	0.01584641731285774	1.664441804670136
GOTERM_BP_ALL	GO:0033555~multicellular organismal response to stress	3	23.076923076923077	0.0011638168808803463	5179, 1812, 7442	13	72	16792	53.820512820512825	0.7317615472704659	0.017392034376741305	1.8511699438575668
GOTERM_BP_ALL	GO:0009165~nucleotide biosynthetic process	4	30.76923076923077	0.0012454961189604882	4988, 1812, 2778, 2774	13	313	16792	16.507249938559845	0.7554383378885046	0.018359475881745246	1.9798749099705137
GOTERM_BP_ALL	GO:1901293~nucleoside phosphate biosynthetic process	4	30.76923076923077	0.0012802156332978063	4988, 1812, 2778, 2774	13	316	16792	16.35053554040896	0.7648591222415382	0.01862400582742685	2.0345357732306057
GOTERM_BP_ALL	GO:0048871~multicellular organismal homeostasis	4	30.76923076923077	0.0012919240852988948	1812, 7442, 2778, 1268	13	317	16792	16.29895656394079	0.7679536290992904	0.018554149144716536	2.0529625952083075
GOTERM_BP_ALL	GO:0030819~positive regulation of cAMP biosynthetic process	3	23.076923076923077	0.00139897077533892	1812, 2778, 2774	13	79	16792	49.051606621226874	0.7944248833878842	0.01982544400966446	2.2212826042033895
GOTERM_CC_ALL	GO:0031252~cell leading edge	4	30.76923076923077	0.0014149483950401582	4988, 4985, 7442, 2778	13	355	18224	15.795449620801735	0.1622150191111673	0.007665848849162216	1.6240883694231378
GOTERM_BP_ALL	GO:0006939~smooth muscle contraction	3	23.076923076923077	0.0015797279943468448	1812, 7442, 1128	13	84	16792	46.13186813186813	0.8324551329666212	0.02208380348987049	2.504889380876263
GOTERM_BP_ALL	GO:0030816~positive regulation of cAMP metabolic process	3	23.076923076923077	0.0016932669999416934	1812, 2778, 2774	13	87	16792	44.54111405835544	0.8526601539281694	0.023364855834576037	2.68263665554338
GOTERM_BP_ALL	GO:0042391~regulation of membrane potential	4	30.76923076923077	0.0018616575962496628	4988, 4985, 1812, 1268	13	360	16792	14.352136752136754	0.8782315120655811	0.025351571801950468	2.945695603830112
GOTERM_BP_ALL	GO:0030804~positive regulation of cyclic nucleotide biosynthetic process	3	23.076923076923077	0.0020990693620078532	1812, 2778, 2774	13	97	16792	39.949246629659	0.9069335300351321	0.02820239997380536	3.315446538471001
GOTERM_CC_ALL	GO:0044425~membrane part	11	84.61538461538461	0.002099801226749789	2914, 4988, 4985, 1132, 1812, 7442, 3360, 2778, 3362, 1128, 1268	13	7057	18224	2.1851080759965558	0.23106674866049093	0.010888252178113955	2.401481474448963
GOTERM_CC_ALL	GO:0030424~axon	4	30.76923076923077	0.002259073990933559	5179, 4985, 1128, 1268	13	418	18224	13.414795730585205	0.24625690625705476	0.011244450961465202	2.581469625401034
GOTERM_BP_ALL	GO:0007218~neuropeptide signaling pathway	3	23.076923076923077	0.002273084903463817	5179, 4988, 4985	13	101	16792	38.36709824828637	0.923579911532909	0.03014937139178009	3.58562329383344
GOTERM_BP_ALL	GO:0006811~ion transport	6	46.15384615384615	0.0023081793306366297	4988, 4985, 1812, 7442, 1128, 1268	13	1458	16792	5.315606204495094	0.9265578626323545	0.030253590957388554	3.640025093449628
GOTERM_BP_ALL	GO:0007631~feeding behavior	3	23.076923076923077	0.0023625821438964193	4988, 4985, 1812	13	103	16792	37.622106049290515	0.9309466933507463	0.030601942556481188	3.7243009927006687
GOTERM_BP_ALL	GO:1900373~positive regulation of purine nucleotide biosynthetic process	3	23.076923076923077	0.0023625821438964193	1812, 2778, 2774	13	103	16792	37.622106049290515	0.9309466933507463	0.030601942556481188	3.7243009927006687
GOTERM_BP_ALL	GO:0030810~positive regulation of nucleotide biosynthetic process	3	23.076923076923077	0.0023625821438964193	1812, 2778, 2774	13	103	16792	37.622106049290515	0.9309466933507463	0.030601942556481188	3.7243009927006687
GOTERM_CC_ALL	GO:0043679~axon terminus	3	23.076923076923077	0.00241513579582985	5179, 4985, 1128	13	113	18224	37.21715452688904	0.2608520074788696	0.011557961351886137	2.7575350250309216
GOTERM_BP_ALL	GO:0042221~response to chemical	9	69.23076923076923	0.0024234616341618225	5179, 4988, 4985, 1132, 1812, 7442, 2778, 1128, 1268	13	4117	16792	2.82371405616487	0.9355480540297971	0.031023916402651897	3.8185280245421116
GOTERM_BP_ALL	GO:0030801~positive regulation of cyclic nucleotide metabolic process	3	23.076923076923077	0.0025465350034705814	1812, 2778, 2774	13	107	16792	36.215672178289005	0.943935626459991	0.032211329287867296	4.00875240052393
GOTERM_BP_ALL	GO:0023061~signal release	4	30.76923076923077	0.002830518403790492	2914, 4988, 2778, 1268	13	417	16792	12.390333886736764	0.9593607545605156	0.035349095879470105	4.446336893616287
GOTERM_CC_ALL	GO:0044306~neuron projection terminus	3	23.076923076923077	0.002944902296782773	5179, 4985, 1128	13	125	18224	33.6443076923077	0.3083366164672683	0.013561129562449259	3.353039638579769
GOTERM_CC_ALL	GO:0016021~integral component of membrane	10	76.92307692307693	0.002954230632663298	2914, 4988, 4985, 1132, 1812, 7442, 3360, 3362, 1128, 1268	13	5872	18224	2.3873401802557117	0.3091450380866597	0.013121205527123925	3.363495604034783
GOTERM_BP_ALL	GO:0009719~response to endogenous stimulus	6	46.15384615384615	0.0030134319420777374	5179, 4988, 1812, 7442, 2778, 1268	13	1548	16792	5.006559332140728	0.9669693401119561	0.03718349837316193	4.727193683601072
GOTERM_BP_ALL	GO:0050794~regulation of cellular process	13	100.0	0.003520088354669098	2914, 5179, 4988, 4985, 1132, 1812, 7442, 3360, 2778, 1268, 3362, 1128, 2774	13	10489	16792	1.600915244541901	0.9814022977524551	0.0428432439802362	5.501109217800937
GOTERM_CC_ALL	GO:0031256~leading edge membrane	3	23.076923076923077	0.0035244625640158097	4988, 4985, 7442	13	137	18224	30.697361033127457	0.35682344625291307	0.015103267346041949	4.000699578514966
GOTERM_BP_ALL	GO:0019220~regulation of phosphate metabolic process	6	46.15384615384615	0.00358475502002374	2914, 4988, 4985, 1812, 2778, 2774	13	1610	16792	4.8137601528905885	0.982717331243235	0.0431505849262922	5.599461973968378
GOTERM_BP_ALL	GO:0051174~regulation of phosphorus metabolic process	6	46.15384615384615	0.0035945806203823527	2914, 4988, 4985, 1812, 2778, 2774	13	1611	16792	4.8107720956882964	0.982908841797924	0.0428113440830491	5.6143975129429595
GOTERM_BP_ALL	GO:0032940~secretion by cell	5	38.46153846153847	0.0037126574321559988	2914, 4988, 7442, 2778, 1268	13	966	16792	6.685777990125817	0.9850509883124404	0.043729003653710685	5.793708574136758
GOTERM_BP_ALL	GO:0045471~response to ethanol	3	23.076923076923077	0.003731029609695692	5179, 4988, 1268	13	130	16792	29.80828402366864	0.9853592743587306	0.04348863919281698	5.8215797695004845
GOTERM_BP_ALL	GO:1900544~positive regulation of purine nucleotide metabolic process	3	23.076923076923077	0.003787371701188771	1812, 2778, 2774	13	131	16792	29.58073987081621	0.9862656461956392	0.04368235486455241	5.90700436258852
GOTERM_BP_ALL	GO:0045981~positive regulation of nucleotide metabolic process	3	23.076923076923077	0.003787371701188771	1812, 2778, 2774	13	131	16792	29.58073987081621	0.9862656461956392	0.04368235486455241	5.90700436258852
GOTERM_BP_ALL	GO:0002526~acute inflammatory response	3	23.076923076923077	0.0041929193404755	4988, 7442, 1268	13	138	16792	28.080267558528433	0.9913306349957214	0.04776939222621479	6.519746185639574
GOTERM_BP_ALL	GO:0032879~regulation of localization	7	53.84615384615385	0.004208952890168647	4988, 4985, 1812, 7442, 2778, 1128, 1268	13	2473	16792	3.6562256990886186	0.9914869421436813	0.04747052279567898	6.543894213366508
GOTERM_BP_ALL	GO:0044765~single-organism transport	8	61.53846153846154	0.004296923360238057	2914, 4988, 4985, 1812, 7442, 2778, 1128, 1268	13	3415	16792	3.0259263430566508	0.9922957664002056	0.047962987714701866	6.676281928521521
GOTERM_BP_ALL	GO:0030534~adult behavior	3	23.076923076923077	0.004433379905638691	4988, 4985, 1812	13	142	16792	27.28927410617552	0.993401132391174	0.048968954815485244	6.881288970969046
GOTERM_BP_ALL	GO:0009628~response to abiotic stimulus	5	38.46153846153847	0.004664707479686054	5179, 4988, 4985, 1812, 7442	13	1029	16792	6.276444643791582	0.994925117635699	0.050966713158341004	7.227862160664689
GOTERM_MF_ALL	GO:0016907~G-protein coupled acetylcholine receptor activity	2	15.384615384615385	0.004966290152312769	1132, 1128	13	7	16881	371.010989010989	0.5019290994424161	0.07452288206463309	5.705118579495072
GOTERM_MF_ALL	GO:0099528~G-protein coupled neurotransmitter receptor activity	2	15.384615384615385	0.004966290152312769	1132, 1128	13	7	16881	371.010989010989	0.5019290994424161	0.07452288206463309	5.705118579495072
GOTERM_BP_ALL	GO:0007197~adenylate cyclase-inhibiting G-protein coupled acetylcholine receptor signaling pathway	2	15.384615384615385	0.004992560466303063	1132, 1128	13	7	16792	369.0549450549451	0.9965025577890658	0.053939036326999035	7.7169776134985995
GOTERM_BP_ALL	GO:0048878~chemical homeostasis	5	38.46153846153847	0.0049990424797846595	4988, 1812, 7442, 2778, 1268	13	1049	16792	6.156779350296986	0.9965282095077891	0.0534972530125809	7.726623542089184
GOTERM_BP_ALL	GO:0009150~purine ribonucleotide metabolic process	4	30.76923076923077	0.0052715087842296155	4988, 1812, 2778, 2774	13	520	16792	9.936094674556214	0.9974522916177762	0.055810575226123094	8.131228496663134
GOTERM_MF_ALL	GO:0004985~opioid receptor activity	2	15.384615384615385	0.005673911612377382	4988, 4985	13	8	16881	324.6346153846154	0.5491450976386938	0.07657063785147933	6.493306521782582
GOTERM_BP_ALL	GO:0007207~phospholipase C-activating G-protein coupled acetylcholine receptor signaling pathway	2	15.384615384615385	0.0057039152040386405	1132, 1128	13	8	16792	322.92307692307696	0.9984412584115414	0.05970415843546084	8.769926778457894
GOTERM_BP_ALL	GO:0038003~opioid receptor signaling pathway	2	15.384615384615385	0.0057039152040386405	4988, 4985	13	8	16792	322.92307692307696	0.9984412584115414	0.05970415843546084	8.769926778457894
GOTERM_BP_ALL	GO:0009259~ribonucleotide metabolic process	4	30.76923076923077	0.005707028612381657	4988, 1812, 2778, 2774	13	535	16792	9.657512580877068	0.9984467640220953	0.05918931743795919	8.774510392731427
GOTERM_BP_ALL	GO:0050789~regulation of biological process	13	100.0	0.005721093181929366	2914, 5179, 4988, 4985, 1132, 1812, 7442, 3360, 2778, 1268, 3362, 1128, 2774	13	10922	16792	1.5374473539644755	0.9984713940389622	0.058793310662842435	8.795213807308466
GOTERM_BP_ALL	GO:1902578~single-organism localization	8	61.53846153846154	0.006003729818407654	2914, 4988, 4985, 1812, 7442, 2778, 1128, 1268	13	3614	16792	2.8593078200161766	0.9988914050446476	0.06106228055141827	9.210329632173176
GOTERM_BP_ALL	GO:0097305~response to alcohol	3	23.076923076923077	0.006007360910771138	5179, 4988, 1268	13	166	16792	23.343836886005562	0.9988959718091536	0.06055496036842212	9.215651167630467
GOTERM_BP_ALL	GO:0006163~purine nucleotide metabolic process	4	30.76923076923077	0.006070806839393826	4988, 1812, 2778, 2774	13	547	16792	9.445647588243567	0.998972800684812	0.06063748728052898	9.308586950124598
GOTERM_BP_ALL	GO:0071702~organic substance transport	7	53.84615384615385	0.006077550736722532	4988, 4985, 1812, 7442, 2778, 1128, 1268	13	2657	16792	3.403028285226253	0.9989806462872799	0.06017288189731118	9.318460183861731
GOTERM_BP_ALL	GO:0051239~regulation of multicellular organismal process	7	53.84615384615385	0.006100837017183689	5179, 4988, 4985, 7442, 2778, 1128, 1268	13	2659	16792	3.40046865507565	0.9990072792718697	0.059874232659961835	9.352544130857233
GOTERM_BP_ALL	GO:0019693~ribose phosphate metabolic process	4	30.76923076923077	0.006132776691925063	4988, 1812, 2778, 2774	13	549	16792	9.411237214515904	0.9990426821901714	0.059662658430733706	9.399274445959282
GOTERM_MF_ALL	GO:0031628~opioid receptor binding	2	15.384615384615385	0.006381071753263293	5179, 2778	13	9	16881	288.56410256410254	0.5918875355168618	0.0782431986139609	7.274952337682361
GOTERM_BP_ALL	GO:0001660~fever generation	2	15.384615384615385	0.006414803729842905	7442, 1268	13	9	16792	287.0427350427351	0.9993053328219632	0.061798144465833094	9.810923481256618
GOTERM_CC_ALL	GO:0098984~neuron to neuron synapse	2	15.384615384615385	0.006566863197457261	5179, 1128	13	10	18224	280.3692307692308	0.5611356837771765	0.027078780116540524	7.336024149364295
GOTERM_BP_ALL	GO:0015031~protein transport	6	46.15384615384615	0.006725716710962287	4988, 4985, 1812, 2778, 1128, 1268	13	1860	16792	4.166749379652606	0.9995122623925474	0.06415996662152335	10.262701957875276
GOTERM_BP_ALL	GO:0090407~organophosphate biosynthetic process	4	30.76923076923077	0.006873267557040711	4988, 1812, 2778, 2774	13	572	16792	9.03281334050565	0.999587637153205	0.0649789778657267	10.476360444914834
GOTERM_BP_ALL	GO:0072521~purine-containing compound metabolic process	4	30.76923076923077	0.006973661132862279	4988, 1812, 2778, 2774	13	575	16792	8.985685618729097	0.9996321526616481	0.06535490364367214	10.621460860435416
GOTERM_BP_ALL	GO:0071495~cellular response to endogenous stimulus	5	38.46153846153847	0.0077194536871271905	5179, 4988, 1812, 7442, 2778	13	1185	16792	5.450178513469654	0.9998426165342565	0.07152366297148427	11.69248292460312
GOTERM_BP_ALL	GO:0031325~positive regulation of cellular metabolic process	7	53.84615384615385	0.008490875974376536	2914, 4988, 4985, 1812, 7442, 2778, 2774	13	2839	16792	3.1848700788468314	0.9999346436247063	0.0777803904141876	12.787641880808165
GOTERM_BP_ALL	GO:0043950~positive regulation of cAMP-mediated signaling	2	15.384615384615385	0.008544674812512393	4988, 2778	13	12	16792	215.2820512820513	0.9999385305663564	0.07762931123367645	12.863541021792901
GOTERM_CC_ALL	GO:0033267~axon part	3	23.076923076923077	0.008687390062289378	5179, 4985, 1128	13	218	18224	19.291460832745237	0.664008083434803	0.03457112316865074	9.59773774549264
GOTERM_BP_ALL	GO:0065009~regulation of molecular function	7	53.84615384615385	0.008856309037079884	2914, 4988, 4985, 1812, 2778, 1268, 2774	13	2863	16792	3.1581719014481853	0.9999569094971898	0.0797188876018764	13.301975993366089
GOTERM_BP_ALL	GO:0070848~response to growth factor	4	30.76923076923077	0.009130862568858398	5179, 4988, 4985, 7442	13	634	16792	8.149478281970396	0.9999684919967109	0.08145209599331504	13.686527695379368
GOTERM_BP_ALL	GO:0051649~establishment of localization in cell	6	46.15384615384615	0.009253426895311667	2914, 4985, 1812, 7442, 2778, 1128	13	2004	16792	3.867342238599724	0.9999726023019976	0.08186140358750549	13.857679784585608
GOTERM_BP_ALL	GO:0045184~establishment of protein localization	6	46.15384615384615	0.00959129189194543	4988, 4985, 1812, 2778, 1128, 1268	13	2021	16792	3.834811403341834	0.99998136502877	0.08408011099949286	14.327837197895576
GOTERM_BP_ALL	GO:0048584~positive regulation of response to stimulus	6	46.15384615384615	0.009773703568897563	2914, 5179, 4988, 2778, 3362, 1268	13	2030	16792	3.817809776430466	0.9999848666718563	0.08496127177748103	14.580671617758856
GOTERM_BP_ALL	GO:0009117~nucleotide metabolic process	4	30.76923076923077	0.010492716358848015	4988, 1812, 2778, 2774	13	667	16792	7.746280705800946	0.9999933401455654	0.09026189292947517	15.570471758135017
GOTERM_BP_ALL	GO:0009605~response to external stimulus	6	46.15384615384615	0.010679721680850936	5179, 4988, 1812, 7442, 3360, 1268	13	2073	16792	3.7386173884003115	0.999994620902332	0.09111377138877275	15.826137126466811
GOTERM_BP_ALL	GO:0006753~nucleoside phosphate metabolic process	4	30.76923076923077	0.010840012274526337	4988, 1812, 2778, 2774	13	675	16792	7.654472934472935	0.9999955208999086	0.09173531600090201	16.044701328924837
GOTERM_BP_ALL	GO:0065007~biological regulation	13	100.0	0.011170603022279499	2914, 5179, 4988, 4985, 1132, 1812, 7442, 3360, 2778, 1268, 3362, 1128, 2774	13	11548	16792	1.4541046068583305	0.9999969299383871	0.093715179198949	16.49379878222139
GOTERM_BP_ALL	GO:0051046~regulation of secretion	4	30.76923076923077	0.01119406562435571	4988, 7442, 2778, 1268	13	683	16792	7.5648158576416265	0.9999970111608636	0.09321596406865884	16.525586249646228
GOTERM_BP_ALL	GO:0031649~heat generation	2	15.384615384615385	0.012085161607800321	7442, 1268	13	17	16792	151.96380090497738	0.9999989209423314	0.09956841096288183	17.724491502469043
GOTERM_BP_ALL	GO:0009893~positive regulation of metabolic process	7	53.84615384615385	0.012163036811376565	2914, 4988, 4985, 1812, 7442, 2778, 2774	13	3052	16792	2.9625970359915312	0.9999990129068345	0.09946061122063177	17.82849612757027
GOTERM_BP_ALL	GO:0007213~G-protein coupled acetylcholine receptor signaling pathway	2	15.384615384615385	0.01279186670843238	1132, 1128	13	18	16792	143.52136752136755	0.9999995193168149	0.10361376276376899	18.66381156024277
GOTERM_BP_ALL	GO:0007399~nervous system development	6	46.15384615384615	0.012941494055144527	5179, 4988, 1812, 3362, 1128, 1268	13	2170	16792	3.571499468273662	0.9999995949843729	0.10402773638823759	18.86139514572912
GOTERM_BP_ALL	GO:0071705~nitrogen compound transport	4	30.76923076923077	0.013164869194880824	1812, 7442, 2778, 1268	13	725	16792	7.126578249336871	0.9999996863827285	0.10499556993580161	19.15552572575431
GOTERM_BP_ALL	GO:0002790~peptide secretion	3	23.076923076923077	0.01320569202059075	7442, 2778, 1268	13	250	16792	15.500307692307693	0.9999997007057487	0.1045731041340765	19.20917125924526
GOTERM_BP_ALL	GO:0055086~nucleobase-containing small molecule metabolic process	4	30.76923076923077	0.013312906578824469	4988, 1812, 2778, 2774	13	728	16792	7.097210481825867	0.9999997352868534	0.10465366107217644	19.349903682210325
GOTERM_BP_ALL	GO:0071310~cellular response to organic substance	6	46.15384615384615	0.013344757403785483	5179, 4988, 4985, 1812, 7442, 2778	13	2186	16792	3.5453585755507073	0.9999997447689694	0.10417298395551122	19.39166753735597
GOTERM_CC_ALL	GO:0045121~membrane raft	3	23.076923076923077	0.01374038120202392	4988, 4985, 1268	13	277	18224	15.182449319633436	0.8226192534278634	0.052611022769006754	14.78537291505303
GOTERM_CC_ALL	GO:0098857~membrane microdomain	3	23.076923076923077	0.013834893827448451	4988, 4985, 1268	13	278	18224	15.127836192584395	0.8247314640095293	0.05140258211551585	14.879758417196886
GOTERM_MF_ALL	GO:0031683~G-protein beta/gamma-subunit complex binding	2	15.384615384615385	0.014129464344527564	2778, 2774	13	20	16881	129.85384615384615	0.8636094723483787	0.15297021114913667	15.456385619308344
GOTERM_BP_ALL	GO:0051223~regulation of protein transport	4	30.76923076923077	0.014221673616407554	4988, 2778, 1128, 1268	13	746	16792	6.925964116312643	0.9999999065520245	0.10992098823314655	20.533575604794883
GOTERM_BP_ALL	GO:0070588~calcium ion transmembrane transport	3	23.076923076923077	0.01464774287644514	4988, 1812, 7442	13	264	16792	14.678321678321678	0.9999999426659263	0.11228332634878979	21.082905170401066
GOTERM_BP_ALL	GO:1901137~carbohydrate derivative biosynthetic process	4	30.76923076923077	0.01474182801773511	4988, 1812, 2778, 2774	13	756	16792	6.834350834350835	0.9999999485302993	0.11221280456595673	21.203727887413613
GOTERM_MF_ALL	GO:0042923~neuropeptide binding	2	15.384615384615385	0.014831109942707695	4988, 4985	13	21	16881	123.67032967032966	0.8765484704118974	0.1486363304457856	16.163607861051112
GOTERM_BP_ALL	GO:0051240~positive regulation of multicellular organismal process	5	38.46153846153847	0.0148986611789576	5179, 4988, 7442, 2778, 1268	13	1431	16792	4.513250550986401	0.9999999570040532	0.11259324761930134	21.40474519408181
GOTERM_BP_ALL	GO:0015833~peptide transport	3	23.076923076923077	0.015071911752896497	7442, 2778, 1268	13	268	16792	14.459242250287026	0.9999999647539187	0.1130852165076548	21.626246102401502
GOTERM_BP_ALL	GO:0007204~positive regulation of cytosolic calcium ion concentration	3	23.076923076923077	0.01517879090185759	4988, 1812, 7442	13	269	16792	14.405490420360309	0.9999999688215822	0.11310136473558985	21.762599049776064
GOTERM_BP_ALL	GO:1905145~cellular response to acetylcholine	2	15.384615384615385	0.015614055464653234	1132, 1128	13	22	16792	117.42657342657344	0.9999999810806346	0.11541965222432349	22.315601231993178
GOTERM_BP_ALL	GO:1905144~response to acetylcholine	2	15.384615384615385	0.015614055464653234	1132, 1128	13	22	16792	117.42657342657344	0.9999999810806346	0.11541965222432349	22.315601231993178
GOTERM_BP_ALL	GO:0095500~acetylcholine receptor signaling pathway	2	15.384615384615385	0.015614055464653234	1132, 1128	13	22	16792	117.42657342657344	0.9999999810806346	0.11541965222432349	22.315601231993178
GOTERM_BP_ALL	GO:1903831~signal transduction involved in cellular response to ammonium ion	2	15.384615384615385	0.015614055464653234	1132, 1128	13	22	16792	117.42657342657344	0.9999999810806346	0.11541965222432349	22.315601231993178
GOTERM_BP_ALL	GO:0015872~dopamine transport	2	15.384615384615385	0.015614055464653234	1812, 1268	13	22	16792	117.42657342657344	0.9999999810806346	0.11541965222432349	22.315601231993178
GOTERM_BP_ALL	GO:0002438~acute inflammatory response to antigenic stimulus	2	15.384615384615385	0.015614055464653234	4988, 1268	13	22	16792	117.42657342657344	0.9999999810806346	0.11541965222432349	22.315601231993178
GOTERM_BP_ALL	GO:0043949~regulation of cAMP-mediated signaling	2	15.384615384615385	0.016318446122389193	4988, 2778	13	23	16792	112.32107023411372	0.9999999915741039	0.11956763160425543	23.202768683586804
GOTERM_BP_ALL	GO:0050804~modulation of synaptic transmission	3	23.076923076923077	0.016376399182551446	2914, 1812, 1268	13	280	16792	13.839560439560442	0.9999999921167951	0.11920360316404677	23.275334962235995
GOTERM_BP_ALL	GO:0032098~regulation of appetite	2	15.384615384615385	0.017022374719760824	4988, 3360	13	24	16792	107.64102564102565	0.9999999962476385	0.12285856667559047	24.07985657056092
GOTERM_BP_ALL	GO:0042886~amide transport	3	23.076923076923077	0.017385895368391652	7442, 2778, 1268	13	289	16792	13.40857066808624	0.9999999975295106	0.12454577532038136	24.52911326486653
GOTERM_BP_ALL	GO:0071242~cellular response to ammonium ion	2	15.384615384615385	0.0177258415319536	1132, 1128	13	25	16792	103.33538461538461	0.999999998329016	0.12605021086746926	24.94697882046116
GOTERM_BP_ALL	GO:0051480~regulation of cytosolic calcium ion concentration	3	23.076923076923077	0.01772826002695989	4988, 1812, 7442	13	292	16792	13.270811380400422	0.9999999983336586	0.1252861831076939	24.94994387390319
GOTERM_BP_ALL	GO:0030001~metal ion transport	4	30.76923076923077	0.017976372401047217	4988, 4985, 1812, 7442	13	814	16792	6.347382347382347	0.9999999987474678	0.12615818686721791	25.25354449375623
GOTERM_BP_ALL	GO:0006952~defense response	5	38.46153846153847	0.018225152255564786	5179, 4988, 1812, 7442, 1268	13	1518	16792	4.254585993716429	0.9999999990593049	0.12702273458609448	25.556805313983677
GOTERM_BP_ALL	GO:0050790~regulation of catalytic activity	6	46.15384615384615	0.01822528380047097	2914, 4988, 1812, 2778, 1268, 2774	13	2357	16792	3.2881433373584414	0.9999999990594474	0.12625318721272594	25.556965360642813
GOTERM_BP_ALL	GO:0070201~regulation of establishment of protein localization	4	30.76923076923077	0.018332348214906525	4988, 2778, 1128, 1268	13	820	16792	6.30093808630394	0.9999999991684992	0.1261870660471478	25.687120413646593
GOTERM_BP_ALL	GO:0060359~response to ammonium ion	2	15.384615384615385	0.01842884683393692	1132, 1128	13	26	16792	99.36094674556213	0.9999999992559212	0.1260537226198698	25.804248079739256
GOTERM_BP_ALL	GO:0032496~response to lipopolysaccharide	3	23.076923076923077	0.018890448695758066	5179, 4988, 1268	13	302	16792	12.831380539989812	0.9999999995627004	0.12825969038263763	26.362138561430225
GOTERM_MF_ALL	GO:0004993~G-protein coupled serotonin receptor activity	2	15.384615384615385	0.01972982659883576	3360, 3362	13	28	16881	92.75274725274726	0.9385657722259872	0.18067183185688962	20.952360486720277
GOTERM_BP_ALL	GO:0010647~positive regulation of cell communication	5	38.46153846153847	0.019774642320873167	2914, 4988, 1812, 2778, 3362	13	1555	16792	4.153351471679446	0.9999999998421282	0.13311008111633083	27.41980566112171
GOTERM_BP_ALL	GO:0007210~serotonin receptor signaling pathway	2	15.384615384615385	0.019833474010656025	3360, 3362	13	28	16792	92.26373626373628	0.9999999998524806	0.13270096359909933	27.48967189803985
GOTERM_BP_ALL	GO:0001964~startle response	2	15.384615384615385	0.019833474010656025	5179, 1812	13	28	16792	92.26373626373628	0.9999999998524806	0.13270096359909933	27.48967189803985
GOTERM_BP_ALL	GO:0023056~positive regulation of signaling	5	38.46153846153847	0.020120493498626442	2914, 4988, 1812, 2778, 3362	13	1563	16792	4.132093114818643	0.9999999998940448	0.13372253746558027	27.82962174734953
GOTERM_MF_ALL	GO:0099589~serotonin receptor activity	2	15.384615384615385	0.020427817584494915	3360, 3362	13	29	16881	89.55437665782493	0.944396502017282	0.17521616439052845	21.61392061312444
GOTERM_BP_ALL	GO:0071868~cellular response to monoamine stimulus	2	15.384615384615385	0.020535096433983185	1812, 2778	13	29	16792	89.08222811671088	0.99999999993432	0.1355214078378575	28.318045472262586
GOTERM_BP_ALL	GO:0071870~cellular response to catecholamine stimulus	2	15.384615384615385	0.020535096433983185	1812, 2778	13	29	16792	89.08222811671088	0.99999999993432	0.1355214078378575	28.318045472262586
GOTERM_BP_ALL	GO:0002237~response to molecule of bacterial origin	3	23.076923076923077	0.020571061212395245	5179, 4988, 1268	13	316	16792	12.262901655306718	0.9999999999369895	0.1349655309959371	28.3602674236638
GOTERM_BP_ALL	GO:0032501~multicellular organismal process	10	76.92307692307693	0.021175680353392855	5179, 4988, 4985, 1812, 7442, 2778, 3362, 1128, 1268, 2774	13	7027	16792	1.83818458473361	0.9999999999686405	0.1378942432974385	29.066596544118497
GOTERM_BP_ALL	GO:0008104~protein localization	6	46.15384615384615	0.021273889686423055	4988, 4985, 1812, 2778, 1128, 1268	13	2448	16792	3.1659125188536956	0.999999999972002	0.1377102679094292	29.180708447129877
GOTERM_MF_ALL	GO:0015464~acetylcholine receptor activity	2	15.384615384615385	0.021822433003851976	1132, 1128	13	31	16881	83.77667493796527	0.9544511075885437	0.17556795556769123	22.92059251963494
GOTERM_CC_ALL	GO:0098589~membrane region	3	23.076923076923077	0.021836051197685537	4988, 4985, 1268	13	354	18224	11.880052151238592	0.9366922973928152	0.07796220776363438	22.532551828111234
GOTERM_BP_ALL	GO:0042755~eating behavior	2	15.384615384615385	0.02193696032678269	4988, 4985	13	31	16792	83.3349875930521	0.9999999999869822	0.14093208062548368	29.94665428991968
GOTERM_BP_ALL	GO:0006936~muscle contraction	3	23.076923076923077	0.022439821859933914	1812, 7442, 1128	13	331	16792	11.707181036486173	0.9999999999927196	0.14315047402888348	30.522347874929512
GOTERM_BP_ALL	GO:0051930~regulation of sensory perception of pain	2	15.384615384615385	0.02263720234569435	4988, 4985	13	32	16792	80.73076923076924	0.999999999994205	0.14352848134420226	30.747101243411258
GOTERM_BP_ALL	GO:0051931~regulation of sensory perception	2	15.384615384615385	0.02263720234569435	4988, 4985	13	32	16792	80.73076923076924	0.999999999994205	0.14352848134420226	30.747101243411258
GOTERM_BP_ALL	GO:0044763~single-organism cellular process	13	100.0	0.02282042989485332	2914, 5179, 4988, 4985, 1132, 1812, 7442, 3360, 2778, 1268, 3362, 1128, 2774	13	12256	16792	1.3701044386422976	0.9999999999953113	0.14381865520044257	30.955128599593184
GOTERM_BP_ALL	GO:0002209~behavioral defense response	2	15.384615384615385	0.02333698477812145	5179, 1812	13	33	16792	78.28438228438227	0.9999999999974204	0.14605610187193097	31.538449050100127
GOTERM_BP_ALL	GO:0001662~behavioral fear response	2	15.384615384615385	0.02333698477812145	5179, 1812	13	33	16792	78.28438228438227	0.9999999999974204	0.14605610187193097	31.538449050100127
GOTERM_BP_ALL	GO:0042592~homeostatic process	5	38.46153846153847	0.023891997351387067	4988, 1812, 7442, 2778, 1268	13	1645	16792	3.926116436754735	0.999999999998643	0.14848609069133556	32.16004627428397
GOTERM_BP_ALL	GO:1902533~positive regulation of intracellular signal transduction	4	30.76923076923077	0.02451003060638647	2914, 4988, 2778, 3362	13	915	16792	5.646742328709542	0.9999999999993366	0.15124509151322352	32.845995560625674
GOTERM_BP_ALL	GO:0071312~cellular response to alkaloid	2	15.384615384615385	0.024735171982023133	4988, 7442	13	35	16792	73.81098901098902	0.999999999999489	0.15172286178694072	33.09425767299874
GOTERM_BP_ALL	GO:0051641~cellular localization	6	46.15384615384615	0.02473616617374596	2914, 4985, 1812, 7442, 2778, 1128	13	2541	16792	3.0500408682226863	0.9999999999994895	0.1509212980494582	33.09535205151424
GOTERM_BP_ALL	GO:0051179~localization	9	69.23076923076923	0.025324401228313122	2914, 4988, 4985, 1812, 7442, 2778, 3362, 1128, 1268	13	5872	16792	1.9797736323621882	0.9999999999997419	0.15344606951496143	33.73993006693554
GOTERM_BP_ALL	GO:0042596~fear response	2	15.384615384615385	0.02543357730178282	5179, 1812	13	36	16792	71.76068376068378	0.9999999999997725	0.15325254985884984	33.85892083226627
GOTERM_BP_ALL	GO:0006810~transport	8	61.53846153846154	0.025463197924974548	2914, 4988, 4985, 1812, 7442, 2778, 1128, 1268	13	4663	16792	2.2160708688694966	0.9999999999997802	0.15261721514187132	33.8911697125963
GOTERM_BP_ALL	GO:0044707~single-multicellular organism process	9	69.23076923076923	0.027294147952513826	5179, 4988, 4985, 1812, 7442, 2778, 3362, 1128, 1268	13	5943	16792	1.956121616899002	0.9999999999999738	0.16194618686590878	35.8562033947591
GOTERM_BP_ALL	GO:0006816~calcium ion transport	3	23.076923076923077	0.027479771860046874	4988, 1812, 7442	13	369	16792	10.501563477173235	0.9999999999999788	0.16212973049183865	36.0523331971587
GOTERM_BP_ALL	GO:0032880~regulation of protein localization	4	30.76923076923077	0.027946280837470555	4988, 2778, 1128, 1268	13	962	16792	5.370861986246601	0.9999999999999877	0.16383784440985683	36.54276593694604
GOTERM_BP_ALL	GO:0031328~positive regulation of cellular biosynthetic process	5	38.46153846153847	0.02819443596593828	4988, 1812, 7442, 2778, 2774	13	1729	16792	3.7353739378030877	0.9999999999999908	0.16434673232659847	36.802207869327596
GOTERM_BP_ALL	GO:0048583~regulation of response to stimulus	7	53.84615384615385	0.02821748496069128	2914, 5179, 4988, 1812, 2778, 3362, 1268	13	3636	16792	2.4867563679444866	0.999999999999991	0.16364125330735657	36.826254649925396
GOTERM_BP_ALL	GO:0006812~cation transport	4	30.76923076923077	0.028941408443037477	4988, 4985, 1812, 7442	13	975	16792	5.299250493096648	0.9999999999999961	0.16668428988811834	37.5771647678643
GOTERM_BP_ALL	GO:0051234~establishment of localization	8	61.53846153846154	0.029454277141491646	2914, 4988, 4985, 1812, 7442, 2778, 1128, 1268	13	4790	16792	2.1573149189015575	0.9999999999999979	0.1685702238902025	38.10407841625272
GOTERM_BP_ALL	GO:0006950~response to stress	7	53.84615384615385	0.029734623122838758	5179, 4988, 4985, 1812, 7442, 2778, 1268	13	3677	16792	2.4590280538064055	0.9999999999999984	0.16921091750875072	38.39033587210866
GOTERM_CC_ALL	GO:0043025~neuronal cell body	3	23.076923076923077	0.029886962566065756	5179, 4988, 7442	13	419	18224	10.037084633743346	0.9774683683207186	0.10270151876639178	29.59361544271094
GOTERM_BP_ALL	GO:0009891~positive regulation of biosynthetic process	5	38.46153846153847	0.029897359094557423	4988, 1812, 7442, 2778, 2774	13	1760	16792	3.66958041958042	0.9999999999999988	0.16922961559751637	38.55593341638245
GOTERM_BP_ALL	GO:0051173~positive regulation of nitrogen compound metabolic process	5	38.46153846153847	0.030290600787716063	4988, 1812, 7442, 2778, 2774	13	1767	16792	3.655043315484742	0.9999999999999992	0.17044695765386908	38.95436876245477
GOTERM_BP_ALL	GO:0045429~positive regulation of nitric oxide biosynthetic process	2	15.384615384615385	0.030309592131292005	4988, 7442	13	43	16792	60.07871198568873	0.9999999999999992	0.16971584182747124	38.973549469158286
GOTERM_BP_ALL	GO:1904407~positive regulation of nitric oxide metabolic process	2	15.384615384615385	0.030309592131292005	4988, 7442	13	43	16792	60.07871198568873	0.9999999999999992	0.16971584182747124	38.973549469158286
GOTERM_BP_ALL	GO:0050708~regulation of protein secretion	3	23.076923076923077	0.030735855272417886	4988, 2778, 1268	13	392	16792	9.885400313971743	0.9999999999999996	0.17108756932620728	39.40257891003203
GOTERM_BP_ALL	GO:0006874~cellular calcium ion homeostasis	3	23.076923076923077	0.030880839225796642	4988, 1812, 7442	13	393	16792	9.860246623605402	0.9999999999999996	0.17100598515158083	39.54785803317682
GOTERM_BP_ALL	GO:0007271~synaptic transmission, cholinergic	2	15.384615384615385	0.03169862593175927	1132, 1128	13	45	16792	57.40854700854702	0.9999999999999999	0.17434317389005693	40.3612121231971
GOTERM_BP_ALL	GO:0055074~calcium ion homeostasis	3	23.076923076923077	0.03264246714287347	4988, 1812, 7442	13	405	16792	9.568091168091168	1.0	0.17826936641367408	41.287178804292836
GOTERM_BP_ALL	GO:0003012~muscle system process	3	23.076923076923077	0.03264246714287347	1812, 7442, 1128	13	405	16792	9.568091168091168	1.0	0.17826936641367408	41.287178804292836
GOTERM_BP_ALL	GO:0002437~inflammatory response to antigenic stimulus	2	15.384615384615385	0.03308583560364803	4988, 1268	13	47	16792	54.96563011456629	1.0	0.17964499077660623	41.71748128151543
GOTERM_BP_ALL	GO:0006953~acute-phase response	2	15.384615384615385	0.03377875707109095	7442, 1268	13	48	16792	53.820512820512825	1.0	0.1822424841101281	42.384064733546346
GOTERM_BP_ALL	GO:0072503~cellular divalent inorganic cation homeostasis	3	23.076923076923077	0.033839041819090615	4988, 1812, 7442	13	413	16792	9.38275284037996	1.0	0.18169143369816076	42.44171874979238
GOTERM_BP_ALL	GO:0035094~response to nicotine	2	15.384615384615385	0.03447122332149357	5179, 1268	13	49	16792	52.722135007849296	1.0	0.1839506655090628	43.043063540805385
GOTERM_BP_ALL	GO:0044093~positive regulation of molecular function	5	38.46153846153847	0.03458496960287572	2914, 4985, 1812, 2778, 2774	13	1840	16792	3.5100334448160537	1.0	0.18365854067422893	43.15063416050023
GOTERM_BP_ALL	GO:0070838~divalent metal ion transport	3	23.076923076923077	0.03459579422351363	4988, 1812, 7442	13	418	16792	9.27051895472948	1.0	0.1828697792501066	43.16086114353915
GOTERM_BP_ALL	GO:0009314~response to radiation	3	23.076923076923077	0.03459579422351363	5179, 4988, 1812	13	418	16792	9.27051895472948	1.0	0.1828697792501066	43.16086114353915
GOTERM_BP_ALL	GO:0072511~divalent inorganic cation transport	3	23.076923076923077	0.03505310403385977	4988, 1812, 7442	13	421	16792	9.20445824958889	1.0	0.18424473646447148	43.5913498601526
GOTERM_BP_ALL	GO:1903428~positive regulation of reactive oxygen species biosynthetic process	2	15.384615384615385	0.035163234628850945	4988, 7442	13	50	16792	51.667692307692306	1.0	0.1839386059454824	43.69456356086723
GOTERM_BP_ALL	GO:0072507~divalent inorganic cation homeostasis	3	23.076923076923077	0.03690654537125061	4988, 1812, 7442	13	433	16792	8.9493693373601	1.0	0.19141321924399202	45.304978624776204
GOTERM_BP_ALL	GO:0033036~macromolecule localization	6	46.15384615384615	0.03723333754397452	4988, 4985, 1812, 2778, 1128, 1268	13	2817	16792	2.751208323093307	1.0	0.1921009248941814	45.602010242802805
GOTERM_CC_ALL	GO:0044297~cell body	3	23.076923076923077	0.038370973772002	5179, 4988, 7442	13	480	18224	8.761538461538462	0.9924847146737893	0.12703167612863542	36.39408258061497
GOTERM_BP_ALL	GO:0045428~regulation of nitric oxide biosynthetic process	2	15.384615384615385	0.03861647651091336	4988, 7442	13	55	16792	46.970629370629375	1.0	0.19772551088156332	46.84251971007056
GOTERM_BP_ALL	GO:0019933~cAMP-mediated signaling	2	15.384615384615385	0.03861647651091336	4988, 2778	13	55	16792	46.970629370629375	1.0	0.19772551088156332	46.84251971007056
GOTERM_BP_ALL	GO:0051937~catecholamine transport	2	15.384615384615385	0.03930576385609641	1812, 1268	13	56	16792	46.13186813186814	1.0	0.20005451806001995	47.450776578574846
GOTERM_BP_ALL	GO:0032844~regulation of homeostatic process	3	23.076923076923077	0.03975815681158093	1812, 7442, 1268	13	451	16792	8.592188299505374	1.0	0.20126541228556472	47.84643373769547
GOTERM_BP_ALL	GO:0019637~organophosphate metabolic process	4	30.76923076923077	0.04023601644411263	4988, 1812, 2778, 2774	13	1108	16792	4.663149125242989	1.0	0.20258030187264653	48.261329034069355
GOTERM_BP_ALL	GO:0022029~telencephalon cell migration	2	15.384615384615385	0.04137090869977598	1812, 3362	13	59	16792	43.78617992177315	1.0	0.20686786234116927	49.2343143359591
GOTERM_BP_ALL	GO:0044281~small molecule metabolic process	5	38.46153846153847	0.041802636664669754	4988, 1812, 2778, 1268, 2774	13	1951	16792	3.31033395103103	1.0	0.2079294720803293	49.59992509551626
GOTERM_BP_ALL	GO:0051952~regulation of amine transport	2	15.384615384615385	0.04205838549093478	1812, 1268	13	60	16792	43.05641025641026	1.0	0.20819042939592358	49.81534110073655
GOTERM_BP_ALL	GO:0009306~protein secretion	3	23.076923076923077	0.042693510625241494	4988, 2778, 1268	13	469	16792	8.262424143021159	1.0	0.21014297586944086	50.34657566576958
GOTERM_BP_ALL	GO:0031644~regulation of neurological system process	2	15.384615384615385	0.04343198344691642	4988, 4985	13	62	16792	41.66749379652605	1.0	0.2125319561912603	50.95762197882141
GOTERM_BP_ALL	GO:0021885~forebrain cell migration	2	15.384615384615385	0.04343198344691642	1812, 3362	13	62	16792	41.66749379652605	1.0	0.2125319561912603	50.95762197882141
GOTERM_BP_ALL	GO:0050795~regulation of behavior	2	15.384615384615385	0.04411810515581391	5179, 1268	13	63	16792	41.00610500610501	1.0	0.21466335999978203	51.519025136389565
GOTERM_BP_ALL	GO:0019935~cyclic-nucleotide-mediated signaling	2	15.384615384615385	0.0454889953883002	4988, 2778	13	65	16792	39.74437869822486	1.0	0.21975931223854994	52.6227232165029
GOTERM_BP_ALL	GO:0006809~nitric oxide biosynthetic process	2	15.384615384615385	0.046173764445117574	4988, 7442	13	66	16792	39.14219114219114	1.0	0.22181819743322395	53.165162192665804
GOTERM_BP_ALL	GO:0006875~cellular metal ion homeostasis	3	23.076923076923077	0.046391662332125126	4988, 1812, 7442	13	491	16792	7.8922136926210245	1.0	0.22184502782408977	53.33654469560485
GOTERM_BP_ALL	GO:0044710~single-organism metabolic process	7	53.84615384615385	0.046963765477984296	2914, 4988, 1812, 7442, 2778, 1268, 2774	13	4063	16792	2.2254113103239366	1.0	0.22339003179314876	53.783724430849
GOTERM_BP_ALL	GO:0015837~amine transport	2	15.384615384615385	0.04754195179826903	1812, 1268	13	68	16792	37.990950226244344	1.0	0.22494506311991036	54.23157410388221
GOTERM_BP_ALL	GO:1903426~regulation of reactive oxygen species biosynthetic process	2	15.384615384615385	0.04822537063490497	4988, 7442	13	69	16792	37.44035674470457	1.0	0.22692937546252423	54.755686282015105
GOTERM_BP_ALL	GO:0015844~monoamine transport	2	15.384615384615385	0.04822537063490497	1812, 1268	13	69	16792	37.44035674470457	1.0	0.22692937546252423	54.755686282015105
GOTERM_BP_ALL	GO:0010646~regulation of cell communication	6	46.15384615384615	0.04871050856259645	2914, 4988, 1812, 2778, 3362, 1268	13	3020	16792	2.5662761079979624	1.0	0.228058880968244	55.1243161158733
GOTERM_BP_ALL	GO:0046209~nitric oxide metabolic process	2	15.384615384615385	0.04890833993225704	4988, 7442	13	70	16792	36.90549450549451	1.0	0.2279748922712076	55.2738274593892
GOTERM_BP_ALL	GO:0008015~blood circulation	3	23.076923076923077	0.048980918507172365	1812, 1128, 1268	13	506	16792	7.658254788689572	1.0	0.22736930402315658	55.32856161362323
GOTERM_BP_ALL	GO:0007215~glutamate receptor signaling pathway	2	15.384615384615385	0.04959085995788567	2914, 4988	13	71	16792	36.385698808234025	1.0	0.2290002791409046	55.7860653091973
GOTERM_BP_ALL	GO:0098657~import into cell	2	15.384615384615385	0.04959085995788567	1812, 7442	13	71	16792	36.385698808234025	1.0	0.2290002791409046	55.7860653091973
GOTERM_BP_ALL	GO:0003013~circulatory system process	3	23.076923076923077	0.049680478269226946	1812, 1128, 1268	13	510	16792	7.598190045248869	1.0	0.22846696058519966	55.85291465865455
GOTERM_BP_ALL	GO:2001057~reactive nitrogen species metabolic process	2	15.384615384615385	0.05163572712371411	4988, 7442	13	74	16792	34.91060291060291	1.0	0.23558857548484857	57.28802426476094
GOTERM_BP_ALL	GO:0023051~regulation of signaling	6	46.15384615384615	0.05185131112203074	2914, 4988, 1812, 2778, 3362, 1268	13	3070	16792	2.524480080180406	1.0	0.23554849014087464	57.44355218893009
GOTERM_BP_ALL	GO:0006796~phosphate-containing compound metabolic process	6	46.15384615384615	0.052688687616269325	2914, 4988, 4985, 1812, 2778, 2774	13	3083	16792	2.5138351755283317	1.0	0.2380241035357279	58.042634515416324
GOTERM_BP_ALL	GO:0006793~phosphorus metabolic process	6	46.15384615384615	0.053078074032697826	2914, 4988, 4985, 1812, 2778, 2774	13	3089	16792	2.5089523619792318	1.0	0.2386736456257671	58.31851041924862
GOTERM_BP_ALL	GO:0007606~sensory perception of chemical stimulus	3	23.076923076923077	0.05377565412140234	7442, 2778, 2774	13	533	16792	7.270313176504547	1.0	0.24054970681907895	58.808489837916945
GOTERM_BP_ALL	GO:1901135~carbohydrate derivative metabolic process	4	30.76923076923077	0.05419231116452338	4988, 1812, 2778, 2774	13	1247	16792	4.143359447288878	1.0	0.24129057314760538	59.09856742881156
GOTERM_BP_ALL	GO:0009617~response to bacterium	3	23.076923076923077	0.05577715413373433	5179, 4988, 1268	13	544	16792	7.123303167420814	1.0	0.2466354242894968	60.1845321173196
GOTERM_CC_ALL	GO:0030054~cell junction	4	30.76923076923077	0.056786446645434176	4988, 1132, 7442, 1128	13	1379	18224	4.066268756624087	0.9993297233629588	0.17922695886105522	49.13869384145121
GOTERM_BP_ALL	GO:0008344~adult locomotory behavior	2	15.384615384615385	0.05774615504468609	4985, 1812	13	83	16792	31.125115848007415	1.0	0.25340365497949	61.49607726134862
GOTERM_BP_ALL	GO:0055065~metal ion homeostasis	3	23.076923076923077	0.05836370611092211	4988, 1812, 7442	13	558	16792	6.94458229942101	1.0	0.25485216933817634	61.89900750302976
GOTERM_BP_ALL	GO:1903409~reactive oxygen species biosynthetic process	2	15.384615384615385	0.0590991174053968	4988, 7442	13	85	16792	30.392760180995474	1.0	0.256740566339824	62.37367941136753
GOTERM_BP_ALL	GO:0048856~anatomical structure development	8	61.53846153846154	0.0592510240866263	5179, 4988, 1812, 7442, 2778, 3362, 1128, 1268	13	5473	16792	1.88809399991567	1.0	0.2563759958737878	62.47103418921234
GOTERM_BP_ALL	GO:0044767~single-organism developmental process	8	61.53846153846154	0.059361203478689055	5179, 4988, 1812, 7442, 2778, 3362, 1128, 1268	13	5475	16792	1.8874042852125046	1.0	0.25585506139784797	62.541498713793864
GOTERM_BP_ALL	GO:0022600~digestive system process	2	15.384615384615385	0.05977493057328669	7442, 1128	13	86	16792	30.039355992844364	1.0	0.2564931845413717	62.80498921416709
GOTERM_BP_ALL	GO:0048731~system development	7	53.84615384615385	0.059850626117981254	5179, 4988, 1812, 2778, 3362, 1128, 1268	13	4291	16792	2.1071652654034385	1.0	0.2558458006558604	62.853008985089176
GOTERM_BP_ALL	GO:2000379~positive regulation of reactive oxygen species metabolic process	2	15.384615384615385	0.060450298754760726	4988, 7442	13	87	16792	29.694076038903624	1.0	0.25718059904915	63.23138030488599
GOTERM_BP_ALL	GO:0030003~cellular cation homeostasis	3	23.076923076923077	0.061182702193833774	4988, 1812, 7442	13	573	16792	6.762786951268627	1.0	0.2590007871394807	63.68859782517464
GOTERM_BP_ALL	GO:0006873~cellular ion homeostasis	3	23.076923076923077	0.06404989215897663	4988, 1812, 7442	13	588	16792	6.590266875981162	1.0	0.26872319741091777	65.4277135078354
GOTERM_BP_ALL	GO:0044711~single-organism biosynthetic process	4	30.76923076923077	0.06473110903305365	4988, 1812, 2778, 2774	13	1340	16792	3.8557979334098738	1.0	0.2702748701296409	65.82926789159055
GOTERM_BP_ALL	GO:0044699~single-organism process	13	100.0	0.06525888105188261	2914, 5179, 4988, 4985, 1132, 1812, 7442, 3360, 2778, 1268, 3362, 1128, 2774	13	13377	16792	1.2552889287583167	1.0	0.2712514765643653	66.13736057231947
GOTERM_BP_ALL	GO:0007613~memory	2	15.384615384615385	0.06717956483959246	1812, 1268	13	97	16792	26.632831086439335	1.0	0.277272844733056	67.23673270875406
GOTERM_CC_ALL	GO:0043204~perikaryon	2	15.384615384615385	0.06762766846702029	5179, 4988	13	106	18224	26.44992743105951	0.9998419945197122	0.20573567449642838	55.50327228419765
GOTERM_BP_ALL	GO:0071363~cellular response to growth factor stimulus	3	23.076923076923077	0.06833987808429519	5179, 4985, 7442	13	610	16792	6.352585119798235	1.0	0.28048296529609185	67.88456867676922
GOTERM_BP_ALL	GO:0032502~developmental process	8	61.53846153846154	0.06846721371131217	5179, 4988, 1812, 7442, 2778, 3362, 1128, 1268	13	5632	16792	1.83479020979021	1.0	0.27996755768610937	67.95492766962397
GOTERM_BP_ALL	GO:0022414~reproductive process	4	30.76923076923077	0.0686964012544194	4988, 1812, 2778, 1268	13	1373	16792	3.763123984536949	1.0	0.2798193984682773	68.08120063889189
GOTERM_BP_ALL	GO:0000003~reproduction	4	30.76923076923077	0.06894046570565801	4988, 1812, 2778, 1268	13	1375	16792	3.75765034965035	1.0	0.2797254816077215	68.21515711131548
GOTERM_BP_ALL	GO:1901566~organonitrogen compound biosynthetic process	4	30.76923076923077	0.06894046570565801	4988, 1812, 2778, 2774	13	1375	16792	3.75765034965035	1.0	0.2797254816077215	68.21515711131548
GOTERM_BP_ALL	GO:0051283~negative regulation of sequestering of calcium ion	2	15.384615384615385	0.06985887861484567	1812, 7442	13	101	16792	25.57806549885758	1.0	0.28201702101427517	68.71452507396387
GOTERM_BP_ALL	GO:0051209~release of sequestered calcium ion into cytosol	2	15.384615384615385	0.06985887861484567	1812, 7442	13	101	16792	25.57806549885758	1.0	0.28201702101427517	68.71452507396387
GOTERM_BP_ALL	GO:0050905~neuromuscular process	2	15.384615384615385	0.07052760388449063	5179, 1812	13	102	16792	25.32730015082956	1.0	0.28340935712208304	69.07349180407894
GOTERM_MF_ALL	GO:0008144~drug binding	2	15.384615384615385	0.07216160817896738	1128, 1268	13	105	16881	24.734065934065935	0.9999720663676575	0.46033389513493495	58.675660459941824
GOTERM_BP_ALL	GO:1903530~regulation of secretion by cell	3	23.076923076923077	0.07232467206449472	4988, 2778, 1268	13	630	16792	6.150915750915751	1.0	0.28872408746261047	70.01910460533172
GOTERM_BP_ALL	GO:0097553~calcium ion transmembrane import into cytosol	2	15.384615384615385	0.07253113629705009	1812, 7442	13	105	16792	24.603663003663005	1.0	0.28847033554638957	70.12599196378657
GOTERM_BP_ALL	GO:1902656~calcium ion import into cytosol	2	15.384615384615385	0.07253113629705009	1812, 7442	13	105	16792	24.603663003663005	1.0	0.28847033554638957	70.12599196378657
GOTERM_BP_ALL	GO:0098662~inorganic cation transmembrane transport	3	23.076923076923077	0.0733331669584772	4988, 1812, 7442	13	635	16792	6.102483343428226	1.0	0.290274520219189	70.53782579854739
GOTERM_BP_ALL	GO:0006954~inflammatory response	3	23.076923076923077	0.07373792151878697	4988, 7442, 1268	13	637	16792	6.083323270136458	1.0	0.29069909716215814	70.7436357512539
GOTERM_BP_ALL	GO:0051704~multi-organism process	5	38.46153846153847	0.07394608424615848	5179, 4988, 1812, 2778, 1268	13	2341	16792	2.758847303913515	1.0	0.2904481416466894	70.84895682244718
GOTERM_BP_ALL	GO:0055080~cation homeostasis	3	23.076923076923077	0.07495680266538206	4988, 1812, 7442	13	643	16792	6.026558200741716	1.0	0.29293241584023855	71.35530082369581
GOTERM_BP_ALL	GO:0003014~renal system process	2	15.384615384615385	0.07519635477632974	7442, 2778	13	109	16792	23.700776287932253	1.0	0.2927827713195026	71.47409531465543
GOTERM_BP_ALL	GO:0009967~positive regulation of signal transduction	4	30.76923076923077	0.07556229687524332	2914, 4988, 2778, 3362	13	1428	16792	3.618185735832795	1.0	0.2930612075314585	71.65467540063615
GOTERM_BP_ALL	GO:0051282~regulation of sequestering of calcium ion	2	15.384615384615385	0.07586156149912103	1812, 7442	13	110	16792	23.485314685314687	1.0	0.29311363057494555	71.80155508724366
GOTERM_BP_ALL	GO:0051208~sequestering of calcium ion	2	15.384615384615385	0.07719065930914333	1812, 7442	13	112	16792	23.06593406593407	1.0	0.2966104865478245	72.44529791150637
GOTERM_BP_ALL	GO:0022008~neurogenesis	4	30.76923076923077	0.07800775386728512	5179, 4988, 1812, 1268	13	1447	16792	3.5706767316995376	1.0	0.29837123045466574	72.83418673737006
GOTERM_BP_ALL	GO:0098771~inorganic ion homeostasis	3	23.076923076923077	0.07803391836371659	4988, 1812, 7442	13	658	16792	5.889174655132102	1.0	0.29750098729029395	72.84655404102467
GOTERM_BP_ALL	GO:0080090~regulation of primary metabolic process	8	61.53846153846154	0.07910438318152241	2914, 4988, 4985, 1812, 7442, 2778, 1268, 2774	13	5798	16792	1.7822591344495449	1.0	0.3000792262407632	73.3480333377756
GOTERM_MF_ALL	GO:0005262~calcium channel activity	2	15.384615384615385	0.07943830279262676	4988, 7442	13	116	16881	22.388594164456233	0.9999907230309177	0.4746951016607166	62.34176576955379
GOTERM_BP_ALL	GO:0031323~regulation of cellular metabolic process	8	61.53846153846154	0.0822408592131227	2914, 4988, 4985, 1812, 7442, 2778, 1268, 2774	13	5844	16792	1.7682304006739324	1.0	0.30936303817505173	74.76783675314562
GOTERM_BP_ALL	GO:0051238~sequestering of metal ion	2	15.384615384615385	0.0844694288642406	1812, 7442	13	123	16792	21.003126954346467	1.0	0.31557728355697257	75.73321201114422
GOTERM_BP_ALL	GO:0002376~immune system process	5	38.46153846153847	0.08639896666963257	4988, 4985, 7442, 2778, 1268	13	2465	16792	2.6200655328444378	1.0	0.3207552670046634	76.54096827915949
GOTERM_BP_ALL	GO:0050801~ion homeostasis	3	23.076923076923077	0.08665519439607364	4988, 1812, 7442	13	699	16792	5.54374380983823	1.0	0.32057630589575115	76.6463155950196
GOTERM_BP_ALL	GO:0098655~cation transmembrane transport	3	23.076923076923077	0.0875122332271255	4988, 1812, 7442	13	703	16792	5.512200459568881	1.0	0.32229650218793593	76.99547036503766
GOTERM_MF_ALL	GO:0015085~calcium ion transmembrane transporter activity	2	15.384615384615385	0.0886238871505941	4988, 7442	13	130	16881	19.97751479289941	0.9999977213909582	0.49529773531303367	66.54413819591285
GOTERM_BP_ALL	GO:0055082~cellular chemical homeostasis	3	23.076923076923077	0.08966683188724804	4988, 1812, 7442	13	713	16792	5.434890495199051	1.0	0.32806479755853135	77.85174864472867
GOTERM_BP_ALL	GO:0060402~calcium ion transport into cytosol	2	15.384615384615385	0.08972998237759391	1812, 7442	13	131	16792	19.720493247210808	1.0	0.32726401157263507	77.8763891204847
GOTERM_MF_ALL	GO:0008528~G-protein coupled peptide receptor activity	2	15.384615384615385	0.08992923277229022	4988, 4985	13	132	16881	19.674825174825177	0.9999981356690021	0.48295760927728404	67.1051727345803
GOTERM_BP_ALL	GO:0001508~action potential	2	15.384615384615385	0.09038559969570568	1812, 1268	13	132	16792	19.57109557109557	1.0	0.32830798627445745	78.13068804495005
GOTERM_MF_ALL	GO:0001653~peptide receptor activity	2	15.384615384615385	0.09058126269669417	4988, 4985	13	133	16881	19.52689415847311	0.999998313657758	0.4690022836993233	67.38217671176828
GOTERM_BP_ALL	GO:0060401~cytosolic calcium ion transport	2	15.384615384615385	0.09104078413961401	1812, 7442	13	133	16792	19.423944476576054	1.0	0.32934274715673706	78.38207895038329
GOTERM_BP_ALL	GO:0045595~regulation of cell differentiation	4	30.76923076923077	0.09106648452767156	4988, 7442, 2778, 1268	13	1544	16792	3.3463531287365487	1.0	0.3284325445771693	78.3918846085665
GOTERM_BP_ALL	GO:0032101~regulation of response to external stimulus	3	23.076923076923077	0.09140269502512935	4988, 1812, 1268	13	721	16792	5.3745865784700735	1.0	0.32848172157612643	78.51977793009355
GOTERM_BP_ALL	GO:0098660~inorganic ion transmembrane transport	3	23.076923076923077	0.09227463489444798	4988, 1812, 7442	13	725	16792	5.344933687002652	1.0	0.3301687666110349	78.84816134651656
GOTERM_BP_ALL	GO:0050880~regulation of blood vessel size	2	15.384615384615385	0.09234985541812968	1812, 1128	13	135	16792	19.136182336182337	1.0	0.32941763158181314	78.87626865129722
GOTERM_BP_ALL	GO:0046683~response to organophosphorus	2	15.384615384615385	0.09300374277791724	5179, 7442	13	136	16792	18.995475113122172	1.0	0.3304282460061211	79.11913249577289
GOTERM_BP_ALL	GO:0035150~regulation of tube size	2	15.384615384615385	0.09300374277791724	1812, 1128	13	136	16792	18.995475113122172	1.0	0.3304282460061211	79.11913249577289
GOTERM_BP_ALL	GO:0043085~positive regulation of catalytic activity	4	30.76923076923077	0.09316974962490013	2914, 1812, 2778, 2774	13	1559	16792	3.3141560171707702	1.0	0.3299567720294557	79.18037191682762
GOTERM_BP_ALL	GO:0030154~cell differentiation	6	46.15384615384615	0.09800835351136648	5179, 4988, 1812, 7442, 2778, 1268	13	3652	16792	2.1221669896368693	1.0	0.3434736839146154	80.89306880107097
GOTERM_BP_ALL	GO:0046907~intracellular transport	4	30.76923076923077	0.09816248227689582	4985, 1812, 2778, 1128	13	1594	16792	3.2413859666055402	1.0	0.3429357589953732	80.9453895377496
