Category	Term	Count	%	PValue	Genes	List Total	Pop Hits	Pop Total	Fold Enrichment	Bonferroni	Benjamini	FDR
GOTERM_CC_ALL	GO:0005829~cytosol	22	91.66666666666666	7.889701149077348E-14	2620, 2395, 840, 4137, 2934, 8678, 22919, 331, 839, 28988, 2288, 836, 118, 5339, 10768, 7431, 7189, 56616, 1639, 10013, 10121, 10134	24	3399	18224	4.914778856526429	1.8865908835152823E-11	1.8865908835152823E-11	1.018185535883731E-10
GOTERM_CC_ALL	GO:0044444~cytoplasmic part	24	100.0	7.593606146053906E-9	2620, 2395, 840, 4137, 2934, 11076, 3710, 8678, 22919, 331, 839, 2288, 28988, 836, 118, 5339, 10768, 7431, 7189, 56616, 1639, 10013, 10121, 10134	24	8090	18224	2.2526576019777504	1.814870238980859E-6	9.074355312721494E-7	9.794959199282971E-6
GOTERM_CC_ALL	GO:0044422~organelle part	24	100.0	1.8810586739850966E-8	2620, 2395, 840, 4137, 2934, 11076, 3710, 8678, 22919, 331, 839, 2288, 28988, 836, 118, 5339, 10768, 7431, 7189, 56616, 1639, 10013, 10121, 10134	24	8415	18224	2.165656565656566	4.495720170916151E-6	1.4985756360275104E-6	2.4263691456027914E-5
GOTERM_MF_ALL	GO:0008092~cytoskeletal protein binding	11	45.83333333333333	5.976715964637775E-8	5339, 2620, 1639, 4137, 2934, 11076, 10013, 22919, 2288, 28988, 118	24	846	16881	9.145537825059101	1.3327988185318773E-5	1.3327988185318773E-5	7.624575553144552E-5
GOTERM_BP_ALL	GO:0031109~microtubule polymerization or depolymerization	6	25.0	7.243893638626723E-8	1639, 4137, 11076, 10013, 22919, 2288	24	81	16792	51.82716049382716	1.0930438483447436E-4	1.0930438483447436E-4	1.2044694830404268E-4
GOTERM_CC_ALL	GO:0044430~cytoskeletal part	13	54.166666666666664	7.484627662315666E-8	2620, 4137, 11076, 2934, 22919, 331, 28988, 2288, 118, 7431, 1639, 10013, 10121	24	1547	18224	6.3809523809523805	1.7888100787843975E-5	4.472055195825497E-6	9.654384419688355E-5
GOTERM_CC_ALL	GO:0099512~supramolecular fiber	10	41.66666666666667	9.145979270301355E-8	7431, 2620, 1639, 4137, 11076, 10013, 22919, 331, 10121, 2288	24	704	18224	10.78598484848485	2.1858652560435843E-5	4.371768736688431E-6	1.1797352529319127E-4
GOTERM_CC_ALL	GO:0099513~polymeric cytoskeletal fiber	10	41.66666666666667	9.145979270301355E-8	7431, 2620, 1639, 4137, 11076, 10013, 22919, 331, 10121, 2288	24	704	18224	10.78598484848485	2.1858652560435843E-5	4.371768736688431E-6	1.1797352529319127E-4
GOTERM_BP_ALL	GO:0032271~regulation of protein polymerization	7	29.166666666666668	1.2928802148144398E-7	1639, 4137, 2934, 11076, 22919, 2288, 118	24	182	16792	26.910256410256412	1.9507660715545327E-4	9.754306090214993E-5	2.1497196809328045E-4
GOTERM_CC_ALL	GO:0005856~cytoskeleton	14	58.333333333333336	1.7508588707653234E-7	2620, 4137, 11076, 2934, 22919, 331, 28988, 2288, 118, 5339, 7431, 1639, 10013, 10121	24	2054	18224	5.1755923401493025	4.184465517342861E-5	6.974230794210001E-6	2.2584229022459823E-4
GOTERM_BP_ALL	GO:0022411~cellular component disassembly	9	37.5	1.992119638270831E-7	840, 1639, 2934, 10013, 8678, 839, 836, 118, 10134	24	502	16792	12.543824701195218	3.0056570441339137E-4	1.001986075634953E-4	3.312369083352529E-4
GOTERM_CC_ALL	GO:0044446~intracellular organelle part	23	95.83333333333334	3.2952871685198445E-7	2620, 2395, 840, 4137, 2934, 11076, 3710, 8678, 22919, 331, 839, 2288, 28988, 836, 118, 10768, 7431, 7189, 56616, 1639, 10013, 10121, 10134	24	8233	18224	2.121300457508401	7.875427502734844E-5	1.1250990465394572E-5	4.2505682755766827E-4
GOTERM_CC_ALL	GO:0005874~microtubule	8	33.33333333333333	4.5071033074203175E-7	1639, 4137, 11076, 10013, 22919, 331, 10121, 2288	24	404	18224	15.036303630363035	1.0771399174958063E-4	1.3464883512392944E-5	5.813677394272965E-4
GOTERM_BP_ALL	GO:0043254~regulation of protein complex assembly	8	33.33333333333333	5.249699123847204E-7	1639, 4137, 2934, 11076, 10013, 22919, 2288, 118	24	381	16792	14.69116360454943	7.918661142085615E-4	1.9802534184110154E-4	8.728841622840378E-4
GOTERM_BP_ALL	GO:0031110~regulation of microtubule polymerization or depolymerization	5	20.833333333333336	6.930836414451283E-7	1639, 4137, 10013, 22919, 2288	24	52	16792	67.27564102564102	0.0010453168527320145	2.0915084039818677E-4	0.0011524106901417142
GOTERM_BP_ALL	GO:0046785~microtubule polymerization	5	20.833333333333336	6.930836414451283E-7	1639, 4137, 11076, 22919, 2288	24	52	16792	67.27564102564102	0.0010453168527320145	2.0915084039818677E-4	0.0011524106901417142
GOTERM_BP_ALL	GO:0051258~protein polymerization	7	29.166666666666668	7.619241476800592E-7	1639, 4137, 2934, 11076, 22919, 2288, 118	24	246	16792	19.90921409214092	0.0011490832744635027	1.9160563743347847E-4	0.0012668731564247082
GOTERM_BP_ALL	GO:0016043~cellular component organization	21	87.5	8.034946082139828E-7	2620, 2395, 840, 4137, 2934, 11076, 3710, 8678, 22919, 331, 839, 28988, 2288, 836, 118, 5339, 7431, 7189, 1639, 10013, 10134	24	6109	16792	2.405139957439843	0.0012117391014192513	1.7319555004069453E-4	0.0013359931207213016
GOTERM_BP_ALL	GO:0022607~cellular component assembly	15	62.5	9.772236011730201E-7	2395, 4137, 11076, 3710, 2934, 22919, 8678, 331, 28988, 2288, 118, 5339, 7189, 1639, 10013	24	2618	16792	4.008785332314744	0.0014735444004100318	1.843119043059005E-4	0.0016248550058772793
GOTERM_BP_ALL	GO:0071840~cellular component organization or biogenesis	21	87.5	1.2783347578181943E-6	2620, 2395, 840, 4137, 2934, 11076, 3710, 8678, 22919, 331, 839, 28988, 2288, 836, 118, 5339, 7431, 7189, 1639, 10013, 10134	24	6265	16792	2.345251396648045	0.0019271490416026271	2.1431129677673688E-4	0.0021255153283328276
GOTERM_CC_ALL	GO:0043228~non-membrane-bounded organelle	17	70.83333333333334	1.5240840260299765E-6	2620, 4137, 2934, 11076, 3710, 22919, 331, 28988, 2288, 118, 5339, 7431, 7189, 1639, 10013, 10121, 10134	24	4026	18224	3.206325550587846	3.641900264952369E-4	4.0472109847478066E-5	0.0019658915408782285
GOTERM_CC_ALL	GO:0043232~intracellular non-membrane-bounded organelle	17	70.83333333333334	1.5240840260299765E-6	2620, 4137, 2934, 11076, 3710, 22919, 331, 28988, 2288, 118, 5339, 7431, 7189, 1639, 10013, 10121, 10134	24	4026	18224	3.206325550587846	3.641900264952369E-4	4.0472109847478066E-5	0.0019658915408782285
GOTERM_BP_ALL	GO:0044085~cellular component biogenesis	15	62.5	3.693316149718289E-6	2395, 4137, 11076, 3710, 2934, 22919, 8678, 331, 28988, 2288, 118, 5339, 7189, 1639, 10013	24	2914	16792	3.6015785861358953	0.005557722758174788	5.571671608711748E-4	0.0061408421463182705
GOTERM_CC_ALL	GO:0005737~cytoplasm	24	100.0	5.579809864172039E-6	2620, 2395, 840, 4137, 2934, 11076, 3710, 8678, 22919, 331, 839, 2288, 28988, 836, 118, 5339, 10768, 7431, 7189, 56616, 1639, 10013, 10121, 10134	24	10775	18224	1.691322505800464	0.0013326894577285753	1.3334893604943776E-4	0.007197133587011351
GOTERM_BP_ALL	GO:0043281~regulation of cysteine-type endopeptidase activity involved in apoptotic process	6	25.0	6.443157018194976E-6	56616, 840, 2934, 331, 836, 10134	24	200	16792	20.99	0.00967564209165761	8.834963291838305E-4	0.010712746606600376
GOTERM_BP_ALL	GO:0043067~regulation of programmed cell death	11	45.83333333333333	7.107554490734567E-6	7189, 56616, 2395, 840, 2934, 10013, 8678, 331, 839, 836, 10134	24	1413	16792	5.4468034913894785	0.010668026483675819	8.933788527795139E-4	0.011817348973985897
GOTERM_BP_ALL	GO:0031113~regulation of microtubule polymerization	4	16.666666666666664	7.190857378967764E-6	1639, 4137, 22919, 2288	24	28	16792	99.95238095238095	0.01079238260067683	8.343473384623268E-4	0.011955844428557239
GOTERM_BP_ALL	GO:0043623~cellular protein complex assembly	8	33.33333333333333	8.088595931890045E-6	1639, 4137, 2934, 11076, 10013, 22919, 2288, 118	24	575	16792	9.734492753623188	0.012131552719111705	8.714586752092135E-4	0.01344837078032235
GOTERM_BP_ALL	GO:0006461~protein complex assembly	11	45.83333333333333	8.68522794393637E-6	7189, 1639, 4137, 2934, 3710, 11076, 10013, 22919, 2288, 28988, 118	24	1445	16792	5.326182237600922	0.013020555377050047	8.733561278129187E-4	0.014440283848382585
GOTERM_BP_ALL	GO:0070271~protein complex biogenesis	11	45.83333333333333	8.739097160276995E-6	7189, 1639, 4137, 2934, 3710, 11076, 10013, 22919, 2288, 28988, 118	24	1446	16792	5.322498847395113	0.013100783039239672	8.238701348378674E-4	0.014529842080179822
GOTERM_MF_ALL	GO:0008017~microtubule binding	6	25.0	9.763991056891444E-6	2620, 1639, 4137, 11076, 10013, 22919	24	219	16881	19.27054794520548	0.002175011862004639	0.0010880979095326815	0.01245534188696329
GOTERM_BP_ALL	GO:0007010~cytoskeleton organization	10	41.66666666666667	1.0453555569281458E-5	7431, 1639, 4137, 2934, 11076, 10013, 22919, 331, 2288, 118	24	1144	16792	6.115967365967367	0.01565073204895051	9.274812586540504E-4	0.017380110797193815
GOTERM_BP_ALL	GO:0012501~programmed cell death	12	50.0	1.0902379940469404E-5	7189, 2620, 56616, 2395, 840, 2934, 10013, 8678, 331, 839, 836, 10134	24	1852	16792	4.533477321814255	0.016317189563405665	9.13570274353348E-4	0.01812626388795202
GOTERM_BP_ALL	GO:2000116~regulation of cysteine-type endopeptidase activity	6	25.0	1.1173351407164897E-5	56616, 840, 2934, 331, 836, 10134	24	224	16792	18.74107142857143	0.016719335689324044	8.870106610914252E-4	0.01857674089676964
GOTERM_BP_ALL	GO:0010941~regulation of cell death	11	45.83333333333333	1.277948933850504E-5	7189, 56616, 2395, 840, 2934, 10013, 8678, 331, 839, 836, 10134	24	1509	16792	5.100287165893528	0.019099618648035	9.63753922303856E-4	0.021246828665466566
GOTERM_BP_ALL	GO:0051493~regulation of cytoskeleton organization	7	29.166666666666668	1.707032036480702E-5	1639, 4137, 2934, 10013, 22919, 2288, 118	24	422	16792	11.605845181674566	0.025430392152675063	0.001225882909525633	0.028379695229163726
GOTERM_BP_ALL	GO:0000226~microtubule cytoskeleton organization	7	29.166666666666668	1.8490694202282018E-5	1639, 4137, 11076, 10013, 22919, 331, 2288	24	428	16792	11.443146417445485	0.027517030302701695	0.0012675012918311745	0.030740749503976872
GOTERM_BP_ALL	GO:0008219~cell death	12	50.0	1.8655223883143822E-5	7189, 2620, 56616, 2395, 840, 2934, 10013, 8678, 331, 839, 836, 10134	24	1958	16792	4.288049029622063	0.02775844830605756	0.0012232075936572384	0.0310142399649882
GOTERM_BP_ALL	GO:0051494~negative regulation of cytoskeleton organization	5	20.833333333333336	1.9130984982815107E-5	2934, 10013, 22919, 2288, 118	24	119	16792	29.39775910364146	0.02845620604771426	0.0012021490261350243	0.03180507278501832
GOTERM_BP_ALL	GO:0043280~positive regulation of cysteine-type endopeptidase activity involved in apoptotic process	5	20.833333333333336	1.9130984982815107E-5	56616, 840, 2934, 836, 10134	24	119	16792	29.39775910364146	0.02845620604771426	0.0012021490261350243	0.03180507278501832
GOTERM_BP_ALL	GO:0070507~regulation of microtubule cytoskeleton organization	5	20.833333333333336	1.9772732436447298E-5	1639, 4137, 10013, 22919, 2288	24	120	16792	29.15277777777778	0.029396608930763124	0.0011927819985994015	0.03287180673438028
GOTERM_BP_ALL	GO:0065009~regulation of molecular function	14	58.333333333333336	2.0846850711201448E-5	2395, 840, 2934, 22919, 8678, 331, 28988, 118, 836, 10768, 7189, 56616, 10013, 10134	24	2863	16792	3.421352893235534	0.030968563710982666	0.0012092000825748572	0.0346572178967719
GOTERM_BP_ALL	GO:1902589~single-organism organelle organization	11	45.83333333333333	2.2912362138021952E-5	7431, 1639, 4137, 2934, 11076, 10013, 22919, 8678, 331, 2288, 118	24	1612	16792	4.774400330851943	0.033984259672014905	0.0012797415635771303	0.038090449389227565
GOTERM_BP_ALL	GO:2001056~positive regulation of cysteine-type endopeptidase activity	5	20.833333333333336	2.54925646474967E-5	56616, 840, 2934, 836, 10134	24	128	16792	27.330729166666668	0.037738244669025645	0.0013729413092877785	0.042379029366723664
GOTERM_BP_ALL	GO:0071822~protein complex subunit organization	11	45.83333333333333	3.1904644154354895E-5	7189, 1639, 4137, 2934, 3710, 11076, 10013, 22919, 2288, 28988, 118	24	1674	16792	4.597570688968538	0.04700428918380728	0.0016587908230197845	0.05303586098067692
GOTERM_BP_ALL	GO:0006921~cellular component disassembly involved in execution phase of apoptosis	4	16.666666666666664	3.278868611638564E-5	840, 839, 836, 10134	24	46	16792	60.84057971014493	0.048274797341558706	0.0016479386065144652	0.05450504881913121
GOTERM_BP_ALL	GO:0048518~positive regulation of biological process	18	75.0	3.534397794037086E-5	2395, 840, 4137, 2934, 11076, 3710, 8678, 22919, 331, 28988, 836, 10768, 7431, 7189, 56616, 1639, 10013, 10134	24	5285	16792	2.3829706717123935	0.05193764659219535	0.0017190048561844806	0.05875156984550545
GOTERM_BP_ALL	GO:0010950~positive regulation of endopeptidase activity	5	20.833333333333336	3.725965632505339E-5	56616, 840, 2934, 836, 10134	24	141	16792	24.810874704491727	0.05467440785720867	0.0017555156790471926	0.0619350357280557
GOTERM_BP_ALL	GO:0065003~macromolecular complex assembly	11	45.83333333333333	3.841786752481978E-5	7189, 1639, 4137, 2934, 3710, 11076, 10013, 22919, 2288, 28988, 118	24	1710	16792	4.500779727095517	0.056325211325639835	0.0017552358206451846	0.06385969975688521
GOTERM_MF_ALL	GO:0015631~tubulin binding	6	25.0	4.028290821106158E-5	2620, 1639, 4137, 11076, 10013, 22919	24	294	16881	14.354591836734695	0.008943040456019902	0.0029899443427103822	0.05137728891398963
GOTERM_BP_ALL	GO:0032886~regulation of microtubule-based process	5	20.833333333333336	4.0459622070739626E-5	1639, 4137, 10013, 22919, 2288	24	144	16792	24.293981481481485	0.05922832047850368	0.0017941181964756803	0.06725251211493477
GOTERM_BP_ALL	GO:0006915~apoptotic process	11	45.83333333333333	4.628230014980126E-5	7189, 2620, 56616, 2395, 840, 2934, 8678, 331, 839, 836, 10134	24	1747	16792	4.40545697385995	0.06745848388627829	0.0019934848545258843	0.07692754391996903
GOTERM_BP_ALL	GO:0033554~cellular response to stress	11	45.83333333333333	5.260903445785734E-5	7189, 56616, 2395, 1639, 10013, 8678, 331, 2288, 28988, 118, 10134	24	1773	16792	4.340853543899229	0.07631956923077388	0.002202823584870006	0.08743912363090578
GOTERM_BP_ALL	GO:0042981~regulation of apoptotic process	10	41.66666666666667	5.27841762899718E-5	7189, 56616, 2395, 840, 2934, 8678, 331, 839, 836, 10134	24	1400	16792	4.9976190476190485	0.07656366843637541	0.002150479648551862	0.08773009899136763
GOTERM_BP_ALL	GO:0010952~positive regulation of peptidase activity	5	20.833333333333336	5.393479833130904E-5	56616, 840, 2934, 836, 10134	24	155	16792	22.56989247311828	0.07816571474187362	0.0021395448926437854	0.08964168796300465
GOTERM_BP_ALL	GO:0010639~negative regulation of organelle organization	6	25.0	5.564997713966592E-5	2395, 2934, 10013, 22919, 2288, 118	24	313	16792	13.412140575079873	0.080548656150502	0.0021509692971779515	0.0924911410024154
GOTERM_BP_ALL	GO:0008635~activation of cysteine-type endopeptidase activity involved in apoptotic process by cytochrome c	3	12.5	6.423009054021552E-5	56616, 840, 836	24	9	16792	233.22222222222223	0.09237712217902638	0.0024202245088835728	0.10674426920023183
GOTERM_BP_ALL	GO:0044087~regulation of cellular component biogenesis	8	33.33333333333333	7.187100376561043E-5	1639, 4137, 2934, 11076, 10013, 22919, 2288, 118	24	807	16792	6.935976869062371	0.10278274296212775	0.0026418028708785624	0.11943560637868167
GOTERM_CC_ALL	GO:0043229~intracellular organelle	24	100.0	8.042245466104918E-5	2620, 2395, 840, 4137, 2934, 11076, 3710, 8678, 22919, 331, 839, 2288, 28988, 836, 118, 5339, 10768, 7431, 7189, 56616, 1639, 10013, 10121, 10134	24	12099	18224	1.5062401851392677	0.019038179960757295	0.0017459050046827462	0.103686954515958
GOTERM_BP_ALL	GO:0032272~negative regulation of protein polymerization	4	16.666666666666664	8.053165916407593E-5	2934, 22919, 2288, 118	24	62	16792	45.13978494623655	0.11443300529737643	0.002889321831461178	0.133818873665692
GOTERM_BP_ALL	GO:0033043~regulation of organelle organization	9	37.5	9.259663481592534E-5	2395, 1639, 4137, 2934, 10013, 22919, 8678, 2288, 118	24	1152	16792	5.466145833333334	0.13041117285142767	0.0032443719287440498	0.1538526539085927
GOTERM_BP_ALL	GO:0051128~regulation of cellular component organization	12	50.0	9.400787122030083E-5	7431, 2620, 2395, 1639, 4137, 2934, 11076, 10013, 22919, 8678, 2288, 118	24	2323	16792	3.6142918639690054	0.13226121275669067	0.003219002093983736	0.15619575211329728
GOTERM_BP_ALL	GO:0043068~positive regulation of programmed cell death	7	29.166666666666668	9.82153864850581E-5	7189, 56616, 840, 2934, 10013, 836, 10134	24	577	16792	8.488157134604275	0.13775368147378164	0.0032882329212275963	0.16318124977907633
GOTERM_BP_ALL	GO:0052548~regulation of endopeptidase activity	6	25.0	1.257719717348688E-4	56616, 840, 2934, 331, 836, 10134	24	372	16792	11.28494623655914	0.17287698081659786	0.004117626222370885	0.2089205223668067
GOTERM_BP_ALL	GO:0010942~positive regulation of cell death	7	29.166666666666668	1.2980266762257722E-4	7189, 56616, 840, 2934, 10013, 836, 10134	24	607	16792	8.068643602416255	0.17789317825758577	0.0041590915798647154	0.21560914478976345
GOTERM_BP_ALL	GO:0007017~microtubule-based process	7	29.166666666666668	1.4323277013818424E-4	1639, 4137, 11076, 10013, 22919, 331, 2288	24	618	16792	7.925026968716289	0.19438855482321582	0.004493078507471937	0.23789230160363717
GOTERM_BP_ALL	GO:0051129~negative regulation of cellular component organization	7	29.166666666666668	1.510121877670551E-4	7431, 2395, 2934, 10013, 22919, 2288, 118	24	624	16792	7.848824786324787	0.2037918236119427	0.004640111452862694	0.25079773195909594
GOTERM_BP_ALL	GO:0097194~execution phase of apoptosis	4	16.666666666666664	1.536885350605965E-4	840, 839, 836, 10134	24	77	16792	36.34632034632035	0.2070013998819995	0.004627934409376699	0.25523721485114503
GOTERM_BP_ALL	GO:0052547~regulation of peptidase activity	6	25.0	1.685213675184934E-4	56616, 840, 2934, 331, 836, 10134	24	396	16792	10.6010101010101	0.224556514064717	0.004974257268495985	0.2798383181502717
GOTERM_MF_ALL	GO:0097153~cysteine-type endopeptidase activity involved in apoptotic process	3	12.5	1.8445315867334882E-4	840, 839, 836	24	15	16881	140.675	0.04030221215686647	0.010231510413457934	0.23505443296882866
GOTERM_BP_ALL	GO:0031334~positive regulation of protein complex assembly	5	20.833333333333336	2.2365664066962534E-4	1639, 4137, 2934, 11076, 10013	24	224	16792	15.617559523809526	0.28647344029125943	0.00647004809754137	0.37123334405143593
GOTERM_BP_ALL	GO:0006508~proteolysis	10	41.66666666666667	2.3147161259719074E-4	7189, 56616, 2395, 840, 2934, 10013, 331, 839, 836, 10134	24	1693	16792	4.132703288048829	0.2948403832687555	0.006569478735278911	0.38418146586083335
GOTERM_BP_ALL	GO:0048522~positive regulation of cellular process	16	66.66666666666666	2.4512811948758476E-4	2395, 840, 4137, 11076, 3710, 2934, 8678, 22919, 331, 28988, 836, 7189, 56616, 1639, 10013, 10134	24	4744	16792	2.359752670039348	0.309226763317727	0.006827395520515034	0.4068042527044957
GOTERM_CC_ALL	GO:0015629~actin cytoskeleton	6	25.0	2.483830558047516E-4	2620, 1639, 2934, 10121, 28988, 118	24	467	18224	9.755888650963598	0.057642838573483846	0.004935357901559745	0.31991519845903094
GOTERM_BP_ALL	GO:0034622~cellular macromolecular complex assembly	8	33.33333333333333	2.811131563254984E-4	1639, 4137, 2934, 11076, 10013, 22919, 2288, 118	24	1004	16792	5.575033200531208	0.34574584586926593	0.007684131998966781	0.4663924069820635
GOTERM_CC_ALL	GO:0015630~microtubule cytoskeleton	8	33.33333333333333	2.9831307305967916E-4	1639, 4137, 11076, 10013, 22919, 331, 10121, 2288	24	1100	18224	5.5224242424242425	0.06882445202167264	0.0054701731221531436	0.38411054418519
GOTERM_BP_ALL	GO:0030162~regulation of proteolysis	7	29.166666666666668	2.99900689055373E-4	56616, 840, 2934, 10013, 331, 836, 10134	24	708	16792	6.917608286252355	0.36403898418212366	0.00804988923064831	0.497489644379856
GOTERM_BP_ALL	GO:0006950~response to stress	14	58.333333333333336	3.1543105502998444E-4	2395, 3710, 2934, 8678, 331, 28988, 2288, 118, 836, 7189, 56616, 1639, 10013, 10134	24	3677	16792	2.663947058290273	0.378774132954925	0.008317158890344234	0.5231887055301865
GOTERM_BP_ALL	GO:0010035~response to inorganic substance	6	25.0	3.6908766310530893E-4	10768, 2395, 3710, 10013, 8678, 836	24	469	16792	8.950959488272922	0.42710687112012213	0.009558440274226254	0.61192962726353
GOTERM_CC_ALL	GO:1990752~microtubule end	3	12.5	4.134821116291115E-4	1639, 22919, 10121	24	24	18224	94.91666666666667	0.09411477204395369	0.007035325474771259	0.5320387095940293
GOTERM_BP_ALL	GO:0044093~positive regulation of molecular function	10	41.66666666666667	4.351354760888915E-4	7189, 56616, 2395, 840, 2934, 22919, 28988, 836, 118, 10134	24	1840	16792	3.802536231884058	0.4814725616882132	0.011069838365144524	0.7210618011844416
GOTERM_CC_ALL	GO:0043234~protein complex	14	58.333333333333336	4.385683901451546E-4	4137, 3710, 2934, 8678, 2288, 28988, 118, 836, 7189, 56616, 1639, 10013, 10121, 10134	24	4118	18224	2.581512060870973	0.09953216753479388	0.006965020151898926	0.564233737272335
GOTERM_MF_ALL	GO:0005515~protein binding	23	95.83333333333334	4.8445724077049814E-4	2620, 2395, 840, 4137, 2934, 11076, 3710, 8678, 22919, 331, 839, 2288, 28988, 836, 118, 5339, 10768, 7431, 7189, 56616, 1639, 10013, 10134	24	10806	16881	1.497096520451601	0.10242638712339702	0.021380161899479444	0.6162716828887138
GOTERM_BP_ALL	GO:0032273~positive regulation of protein polymerization	4	16.666666666666664	4.888001266339806E-4	1639, 4137, 2934, 11076	24	114	16792	24.54970760233918	0.5218255807376226	0.012221037720703154	0.8096500774465554
GOTERM_BP_ALL	GO:0031333~negative regulation of protein complex assembly	4	16.666666666666664	5.142987075815499E-4	2934, 22919, 2288, 118	24	116	16792	24.126436781609193	0.5398838796567151	0.012645211253784705	0.8517164615147066
GOTERM_CC_ALL	GO:0043226~organelle	24	100.0	5.510599612313094E-4	2620, 2395, 840, 4137, 2934, 11076, 3710, 8678, 22919, 331, 839, 2288, 28988, 836, 118, 5339, 10768, 7431, 7189, 56616, 1639, 10013, 10121, 10134	24	13154	18224	1.3854340884901932	0.12343080431342457	0.008199922729703157	0.708484106272611
GOTERM_BP_ALL	GO:0050790~regulation of catalytic activity	11	45.83333333333333	5.78577770558152E-4	7189, 56616, 2395, 840, 2934, 10013, 8678, 331, 28988, 836, 10134	24	2357	16792	3.2653090086267853	0.5824397876106138	0.013987169389056864	0.9576866989805644
GOTERM_BP_ALL	GO:0031111~negative regulation of microtubule polymerization or depolymerization	3	12.5	6.638212409785289E-4	10013, 22919, 2288	24	28	16792	74.96428571428572	0.6328698555614664	0.015779556424641683	1.0980546023063975
GOTERM_BP_ALL	GO:0044763~single-organism cellular process	24	100.0	7.116086397276987E-4	2620, 2395, 840, 4137, 2934, 11076, 3710, 8678, 22919, 331, 839, 2288, 28988, 836, 118, 5339, 10768, 7431, 7189, 56616, 1639, 10013, 10121, 10134	24	12256	16792	1.3701044386422976	0.6584289905383247	0.01664429735099604	1.1766628893004505
GOTERM_BP_ALL	GO:0010038~response to metal ion	5	20.833333333333336	7.462091615292955E-4	10768, 2395, 3710, 8678, 836	24	308	16792	11.358225108225108	0.675817924845674	0.017180698660167026	1.2335426562614882
GOTERM_BP_ALL	GO:0043933~macromolecular complex subunit organization	11	45.83333333333333	8.210406170666262E-4	7189, 1639, 4137, 2934, 3710, 11076, 10013, 22919, 2288, 28988, 118	24	2461	16792	3.1273195178111877	0.710459236111401	0.01860444502470393	1.356452803438457
GOTERM_CC_ALL	GO:0005875~microtubule associated complex	4	16.666666666666664	8.41297473724526E-4	1639, 4137, 10013, 10121	24	149	18224	20.384787472035793	0.18221410898784574	0.011762900524274977	1.0797708641791748
GOTERM_BP_ALL	GO:0043065~positive regulation of apoptotic process	6	25.0	9.108461348008633E-4	7189, 56616, 840, 2934, 836, 10134	24	572	16792	7.33916083916084	0.747183958057799	0.02031459928352397	1.5037679593285058
GOTERM_CC_ALL	GO:0036477~somatodendritic compartment	6	25.0	0.001216117632224668	4137, 3710, 10013, 8678, 2288, 28988	24	662	18224	6.882175226586103	0.2523564792163562	0.016027339314591882	1.5573651400980992
GOTERM_CC_ALL	GO:0043227~membrane-bounded organelle	23	95.83333333333334	0.0012234760128083109	2395, 840, 4137, 2934, 11076, 3710, 8678, 22919, 331, 839, 2288, 28988, 836, 118, 5339, 10768, 7431, 7189, 56616, 1639, 10013, 10121, 10134	24	12209	18224	1.4304747863597893	0.25367177218566317	0.015281497315149828	1.5667198321385079
GOTERM_BP_ALL	GO:0045862~positive regulation of proteolysis	5	20.833333333333336	0.001305108996597201	56616, 840, 2934, 836, 10134	24	358	16792	9.771880819366855	0.8606401360524495	0.02856490333184747	2.148065699357349
GOTERM_BP_ALL	GO:0070887~cellular response to chemical stimulus	11	45.83333333333333	0.0014723755041497635	7189, 10768, 56616, 2395, 1639, 10013, 8678, 331, 2288, 836, 118	24	2648	16792	2.9064702920443097	0.8917651543406909	0.031710281784905536	2.420211287825702
GOTERM_CC_ALL	GO:0005912~adherens junction	6	25.0	0.0015002872623929425	5339, 7431, 2934, 22919, 28988, 118	24	694	18224	6.564841498559078	0.3015124351121433	0.017781897666095503	1.9180342479078072
GOTERM_CC_ALL	GO:0070161~anchoring junction	6	25.0	0.0016699496887595227	5339, 7431, 2934, 22919, 28988, 118	24	711	18224	6.40787623066104	0.3293122500110046	0.018841737585028495	2.132788852154399
GOTERM_BP_ALL	GO:0006996~organelle organization	13	54.166666666666664	0.001681897029980399	7431, 2395, 1639, 4137, 2934, 11076, 10013, 8678, 22919, 331, 2288, 28988, 118	24	3753	16792	2.423572253308464	0.9211430105471603	0.035636922585032704	2.760102953768173
GOTERM_BP_ALL	GO:0048002~antigen processing and presentation of peptide antigen	4	16.666666666666664	0.0018029878699316946	7189, 1639, 10121, 10134	24	179	16792	15.635009310986964	0.9343333669102334	0.03762821055866272	2.9560321958357005
GOTERM_CC_ALL	GO:0044424~intracellular part	24	100.0	0.0018358992870754812	2620, 2395, 840, 4137, 2934, 11076, 3710, 8678, 22919, 331, 839, 2288, 28988, 836, 118, 5339, 10768, 7431, 7189, 56616, 1639, 10013, 10121, 10134	24	13860	18224	1.3148629148629147	0.3554373158085311	0.0197649339651631	2.3424241452567496
GOTERM_MF_ALL	GO:0003779~actin binding	5	20.833333333333336	0.0018716915207991323	5339, 2934, 10013, 28988, 118	24	397	16881	8.858627204030228	0.34149180127874856	0.06726086740528492	2.361645956964009
GOTERM_BP_ALL	GO:0050794~regulation of cellular process	22	91.66666666666666	0.0021048624683651395	2620, 2395, 840, 4137, 2934, 11076, 3710, 8678, 22919, 331, 839, 2288, 28988, 836, 118, 10768, 7431, 7189, 56616, 1639, 10013, 10134	24	10489	16792	1.467505640830076	0.9583970805217512	0.04320000581835903	3.442861696608568
GOTERM_BP_ALL	GO:0032270~positive regulation of cellular protein metabolic process	8	33.33333333333333	0.0022261166839441446	7189, 56616, 840, 2934, 331, 28988, 836, 10134	24	1420	16792	3.9417840375586857	0.965367219464537	0.04502285589206423	3.637759982206301
GOTERM_CC_ALL	GO:0032991~macromolecular complex	14	58.333333333333336	0.002382068048233387	4137, 3710, 2934, 8678, 2288, 28988, 118, 836, 7189, 56616, 1639, 10013, 10121, 10134	24	4868	18224	2.183785264311148	0.43447083726000724	0.024477761730545833	3.029448510645838
GOTERM_BP_ALL	GO:0007165~signal transduction	16	66.66666666666666	0.0024776893098261113	2395, 2934, 3710, 8678, 331, 28988, 2288, 118, 836, 10768, 7431, 7189, 56616, 1639, 10013, 10134	24	5775	16792	1.9384704184704182	0.9763282438962076	0.049329228686254334	4.040947173125009
GOTERM_BP_ALL	GO:1901880~negative regulation of protein depolymerization	3	12.5	0.0027359713040948246	2934, 10013, 118	24	57	16792	36.824561403508774	0.9839851499613823	0.053631437446379215	4.453237386009656
GOTERM_BP_ALL	GO:0044089~positive regulation of cellular component biogenesis	5	20.833333333333336	0.00279559815960707	1639, 4137, 2934, 11076, 10013	24	441	16792	7.932728647014362	0.9853668434976798	0.05406845029586216	4.548181670759066
GOTERM_BP_ALL	GO:0043242~negative regulation of protein complex disassembly	3	12.5	0.00302669579688849	2934, 10013, 118	24	60	16792	34.983333333333334	0.9896855538299979	0.057675253596581766	4.915322992785809
GOTERM_BP_ALL	GO:0051247~positive regulation of protein metabolic process	8	33.33333333333333	0.003140576255111322	7189, 56616, 840, 2934, 331, 28988, 836, 10134	24	1508	16792	3.711759504862953	0.9913187259895007	0.059039088240428694	5.095754599545133
GOTERM_BP_ALL	GO:0048519~negative regulation of biological process	14	58.333333333333336	0.0031940503970234644	7189, 7431, 2620, 2395, 4137, 2934, 3710, 10013, 8678, 22919, 331, 2288, 836, 118	24	4623	16792	2.1188261590597737	0.9919937745307867	0.05927840956726049	5.180367679495945
GOTERM_CC_ALL	GO:0016528~sarcoplasm	3	12.5	0.0032049219115556156	5339, 2934, 3710	24	67	18224	34.0	0.5356916559804619	0.031461392629052676	4.056099624319787
GOTERM_MF_ALL	GO:0032403~protein complex binding	6	25.0	0.003229761317019929	7431, 10013, 28988, 836, 118, 10134	24	766	16881	5.509464751958225	0.513929877525196	0.09792488193645466	4.042920901470604
GOTERM_CC_ALL	GO:0005622~intracellular	24	100.0	0.0032913482326214147	2620, 2395, 840, 4137, 2934, 11076, 3710, 8678, 22919, 331, 839, 2288, 28988, 836, 118, 5339, 10768, 7431, 7189, 56616, 1639, 10013, 10121, 10134	24	14216	18224	1.2819358469330333	0.5452145980903338	0.03102569514241693	4.163347346342794
GOTERM_BP_ALL	GO:0006810~transport	14	58.333333333333336	0.00347085804041406	7189, 10768, 2395, 1639, 4137, 2934, 3710, 10013, 8678, 10121, 2288, 28988, 118, 10134	24	4663	16792	2.100650511115877	0.9947347951290411	0.06347863180488733	5.617233047319859
GOTERM_BP_ALL	GO:0019882~antigen processing and presentation	4	16.666666666666664	0.003535760303310057	7189, 1639, 10121, 10134	24	227	16792	12.32892804698972	0.9952276529384889	0.06385661977069945	5.719389434922562
GOTERM_CC_ALL	GO:0005938~cell cortex	4	16.666666666666664	0.0035646629872656678	7189, 2934, 22919, 28988	24	247	18224	12.296896086369768	0.57406841211597	0.0322930940570455	4.501780315836246
GOTERM_BP_ALL	GO:0002376~immune system process	10	41.66666666666667	0.0036175280584956	7189, 1639, 2934, 8678, 331, 10121, 28988, 836, 118, 10134	24	2465	16792	2.8384043272481407	0.9957834899216093	0.06451675397902201	5.847944232441559
GOTERM_BP_ALL	GO:0010647~positive regulation of cell communication	8	33.33333333333333	0.003736379851254956	7189, 2934, 3710, 10013, 8678, 331, 28988, 10134	24	1555	16792	3.5995712754555194	0.9964781072819922	0.06579306735521229	6.034508605244482
GOTERM_BP_ALL	GO:0043085~positive regulation of catalytic activity	8	33.33333333333333	0.003790871262840757	7189, 56616, 2395, 840, 2934, 28988, 836, 10134	24	1559	16792	3.590335685268334	0.9967571247271586	0.065954102663218	6.119928800596641
GOTERM_BP_ALL	GO:0023056~positive regulation of signaling	8	33.33333333333333	0.0038459775414159477	7189, 2934, 3710, 10013, 8678, 331, 28988, 10134	24	1563	16792	3.5811473661761566	0.9970168307199613	0.0661216050668576	6.206238629699879
GOTERM_BP_ALL	GO:0042221~response to chemical	13	54.166666666666664	0.003888924065146821	7189, 10768, 2395, 56616, 1639, 3710, 10013, 8678, 331, 2288, 836, 118, 10134	24	4117	16792	2.20929479394381	0.9972047310159007	0.06608521421403823	6.273451611726111
GOTERM_BP_ALL	GO:0016485~protein processing	4	16.666666666666664	0.003943479022037708	2395, 840, 2934, 331	24	236	16792	11.858757062146893	0.9974264629237617	0.06623846040459169	6.358766968497875
GOTERM_CC_ALL	GO:0005886~plasma membrane	14	58.333333333333336	0.004038893355525267	4137, 2934, 3710, 22919, 28988, 118, 836, 5339, 10768, 7431, 7189, 56616, 10013, 10134	24	5141	18224	2.0678207871360956	0.6198731018781447	0.0351899913391962	5.086382952993073
GOTERM_MF_ALL	GO:0097200~cysteine-type endopeptidase activity involved in execution phase of apoptosis	2	8.333333333333332	0.004082110561583561	840, 836	24	3	16881	468.91666666666663	0.5983498012358164	0.10776141945528606	5.084448613022841
GOTERM_BP_ALL	GO:1901879~regulation of protein depolymerization	3	12.5	0.00421067864385524	2934, 10013, 118	24	71	16792	29.563380281690144	0.9982832612935838	0.06980032362544641	6.775571931365398
GOTERM_BP_ALL	GO:0050789~regulation of biological process	22	91.66666666666666	0.004348096983319394	2620, 2395, 840, 4137, 2934, 11076, 3710, 8678, 22919, 331, 839, 2288, 28988, 836, 118, 10768, 7431, 7189, 56616, 1639, 10013, 10134	24	10922	16792	1.4093267411341024	0.998606008925551	0.07121961776277708	6.989251358340587
GOTERM_BP_ALL	GO:0009893~positive regulation of metabolic process	11	45.83333333333333	0.004397236692736149	7189, 7431, 56616, 2395, 840, 2934, 10013, 331, 28988, 836, 10134	24	3052	16792	2.521734381826125	0.9987060579354264	0.07122575302132217	7.065549630746482
GOTERM_BP_ALL	GO:0051234~establishment of localization	14	58.333333333333336	0.004488452902273192	7189, 10768, 2395, 1639, 4137, 2934, 3710, 10013, 8678, 10121, 2288, 28988, 118, 10134	24	4790	16792	2.044954766875435	0.9988731412473428	0.07188250040254729	7.207023348978236
GOTERM_BP_ALL	GO:0048856~anatomical structure development	15	62.5	0.004908019896213041	7189, 7431, 2620, 2395, 840, 1639, 4137, 2934, 10013, 8678, 839, 2288, 28988, 836, 118	24	5473	16792	1.9175954686643524	0.9994035031546786	0.07752997597882594	7.855156880503711
GOTERM_CC_ALL	GO:0071944~cell periphery	14	58.333333333333336	0.00498417457910273	4137, 2934, 3710, 22919, 28988, 118, 836, 5339, 10768, 7431, 7189, 56616, 10013, 10134	24	5256	18224	2.022577371892441	0.6970526479110101	0.041753153727341896	6.24183238794318
GOTERM_BP_ALL	GO:0030182~neuron differentiation	7	29.166666666666668	0.0051306955246777294	7431, 4137, 10013, 8678, 2288, 28988, 836	24	1226	16792	3.9948341489940185	0.999574458988488	0.08007576925675375	8.197408315559274
GOTERM_CC_ALL	GO:0097458~neuron part	7	29.166666666666668	0.005179930579180446	7431, 4137, 3710, 10013, 8678, 2288, 28988	24	1333	18224	3.9874968742185546	0.71096887856653	0.04189769932203258	6.4794838655128695
GOTERM_BP_ALL	GO:0044699~single-organism process	24	100.0	0.005336085704804299	2620, 2395, 840, 4137, 2934, 11076, 3710, 8678, 22919, 331, 839, 2288, 28988, 836, 118, 5339, 10768, 7431, 7189, 56616, 1639, 10013, 10121, 10134	24	13377	16792	1.2552889287583167	0.9996883761015602	0.08230535066591549	8.5120325224183
GOTERM_BP_ALL	GO:0000902~cell morphogenesis	7	29.166666666666668	0.0054242189861359895	2620, 4137, 2934, 10013, 28988, 836, 118	24	1240	16792	3.9497311827956993	0.9997273784712832	0.08276719171463287	8.646727339407413
GOTERM_BP_ALL	GO:0044700~single organism signaling	16	66.66666666666666	0.00551558487414588	2395, 2934, 3710, 8678, 331, 28988, 2288, 118, 836, 10768, 7431, 7189, 56616, 1639, 10013, 10134	24	6207	16792	1.8035551259330864	0.9997626691694572	0.08326614006096411	8.786165801404898
GOTERM_BP_ALL	GO:0010506~regulation of autophagy	4	16.666666666666664	0.005679613464833739	4137, 10013, 8678, 836	24	269	16792	10.403965303593555	0.9998149654394979	0.08479566058512256	9.035996985302786
GOTERM_BP_ALL	GO:0048523~negative regulation of cellular process	13	54.166666666666664	0.005700774266071609	7189, 7431, 2620, 2395, 2934, 3710, 10013, 8678, 22919, 331, 2288, 836, 118	24	4300	16792	2.1152713178294573	0.9998208133078902	0.08426792558675422	9.06818002737728
GOTERM_BP_ALL	GO:0051604~protein maturation	4	16.666666666666664	0.005797389535017497	2395, 840, 2934, 331	24	271	16792	10.327183271832716	0.9998452528066422	0.08480984163701122	9.2149843433724
GOTERM_CC_ALL	GO:0043231~intracellular membrane-bounded organelle	21	87.5	0.00595191614921498	2395, 840, 4137, 2934, 11076, 3710, 8678, 22919, 331, 839, 2288, 28988, 836, 118, 10768, 7431, 7189, 56616, 1639, 10013, 10134	24	11035	18224	1.4450385138196646	0.7599140168429104	0.0464454117828349	7.411282528944396
GOTERM_BP_ALL	GO:0043244~regulation of protein complex disassembly	3	12.5	0.005979231721280755	2934, 10013, 118	24	85	16792	24.69411764705882	0.9998825787856015	0.08652331814758296	9.490684707768416
GOTERM_BP_ALL	GO:0023052~signaling	16	66.66666666666666	0.006048967260056553	2395, 2934, 3710, 8678, 331, 28988, 2288, 118, 836, 10768, 7431, 7189, 56616, 1639, 10013, 10134	24	6260	16792	1.7882854100106496	0.9998943744844686	0.08666232060439338	9.596205468267083
GOTERM_CC_ALL	GO:0099568~cytoplasmic region	4	16.666666666666664	0.006072021510355525	7189, 2934, 22919, 28988	24	299	18224	10.158305462653288	0.7667482546265352	0.045870651078171565	7.555479283345068
GOTERM_MF_ALL	GO:0004197~cysteine-type endopeptidase activity	3	12.5	0.006191758348307505	840, 839, 836	24	87	16881	24.254310344827587	0.7496898454492111	0.14263791419786442	7.617688738841122
GOTERM_BP_ALL	GO:0007154~cell communication	16	66.66666666666666	0.006207701421121242	2395, 2934, 3710, 8678, 331, 28988, 2288, 118, 836, 10768, 7431, 7189, 56616, 1639, 10013, 10134	24	6275	16792	1.7840106241699865	0.9999169956391722	0.08800767098623874	9.83596407338272
GOTERM_BP_ALL	GO:0007399~nervous system development	9	37.5	0.006228476174525413	7189, 7431, 1639, 4137, 10013, 8678, 2288, 28988, 836	24	2170	16792	2.90184331797235	0.9999195731647365	0.08747113382326055	9.867298852581019
GOTERM_BP_ALL	GO:0006919~activation of cysteine-type endopeptidase activity involved in apoptotic process	3	12.5	0.006255240605001967	56616, 840, 836	24	87	16792	24.126436781609193	0.9999227762779547	0.08702446136077979	9.907652838310899
GOTERM_CC_ALL	GO:0043005~neuron projection	6	25.0	0.0062668827856122164	7431, 4137, 10013, 8678, 2288, 28988	24	966	18224	4.716356107660456	0.7774265028765794	0.04586781613143076	7.788986271563358
GOTERM_BP_ALL	GO:0080134~regulation of response to stress	7	29.166666666666668	0.006452988038928665	7189, 2934, 10013, 331, 2288, 28988, 10134	24	1285	16792	3.811413748378729	0.9999428089388128	0.08884219127639792	10.205280128355875
GOTERM_BP_ALL	GO:0071310~cellular response to organic substance	9	37.5	0.006514628027365386	7189, 10768, 1639, 10013, 8678, 331, 2288, 836, 118	24	2186	16792	2.8806038426349496	0.9999479202683588	0.0888471991686215	10.297864650825206
GOTERM_BP_ALL	GO:0032502~developmental process	15	62.5	0.006555406607468689	7189, 7431, 2620, 2395, 840, 1639, 4137, 2934, 10013, 8678, 839, 2288, 28988, 836, 118	24	5632	16792	1.8634588068181819	0.9999510481975301	0.08858228758394948	10.359065592465189
GOTERM_MF_ALL	GO:0044877~macromolecular complex binding	7	29.166666666666668	0.006803864343953812	7431, 4137, 10013, 28988, 836, 118, 10134	24	1306	16881	3.77000382848392	0.7818226256103972	0.14122187964865818	8.34094838725199
GOTERM_MF_ALL	GO:0098641~cadherin binding involved in cell-cell adhesion	4	16.666666666666664	0.00688950646774527	5339, 22919, 28988, 118	24	290	16881	9.701724137931034	0.7859780624746433	0.13077427294403254	8.44172525176755
GOTERM_BP_ALL	GO:0019886~antigen processing and presentation of exogenous peptide antigen via MHC class II	3	12.5	0.006970337218173945	7189, 1639, 10121	24	92	16792	22.815217391304348	0.9999739389302766	0.09310818202783266	10.979570785231186
GOTERM_BP_ALL	GO:0051261~protein depolymerization	3	12.5	0.007266325238486672	2934, 10013, 118	24	94	16792	22.329787234042552	0.9999833802038229	0.09603309828435447	11.419734665240833
GOTERM_BP_ALL	GO:0032989~cellular component morphogenesis	7	29.166666666666668	0.007375003816870437	2620, 4137, 2934, 10013, 28988, 836, 118	24	1321	16792	3.7075447893010347	0.9999859110734542	0.09656088428791187	11.580836578729858
GOTERM_BP_ALL	GO:0080135~regulation of cellular response to stress	5	20.833333333333336	0.007439451799471511	7189, 10013, 2288, 28988, 10134	24	581	16792	6.02122776821572	0.9999872260059649	0.09653183695862244	11.67624224998609
GOTERM_BP_ALL	GO:0097190~apoptotic signaling pathway	5	20.833333333333336	0.007528970612456157	56616, 2395, 2934, 836, 10134	24	583	16792	6.000571755288736	0.9999888514563016	0.09681080503116768	11.808601043008359
GOTERM_BP_ALL	GO:0002495~antigen processing and presentation of peptide antigen via MHC class II	3	12.5	0.00756795291277062	7189, 1639, 10121	24	96	16792	21.864583333333332	0.9999894930475303	0.0964706340825906	11.866180366142054
GOTERM_MF_ALL	GO:0098632~protein binding involved in cell-cell adhesion	4	16.666666666666664	0.007631850874183399	5339, 22919, 28988, 118	24	301	16881	9.347176079734218	0.8188500815350899	0.13269900377799526	9.310988314535019
GOTERM_CC_ALL	GO:0048471~perinuclear region of cytoplasm	5	20.833333333333336	0.007796160332015394	7189, 11076, 10013, 2288, 10134	24	639	18224	5.941575378195097	0.8459662454954653	0.05510772146517062	9.602753939909492
GOTERM_MF_ALL	GO:0098631~protein binding involved in cell adhesion	4	16.666666666666664	0.007984429096982913	5339, 22919, 28988, 118	24	306	16881	9.194444444444443	0.832651029325225	0.1284773152160914	9.721177010041204
GOTERM_BP_ALL	GO:0002504~antigen processing and presentation of peptide or polysaccharide antigen via MHC class II	3	12.5	0.008030902489559066	7189, 1639, 10121	24	99	16792	21.2020202020202	0.9999948036585301	0.10123433929882875	12.547290321870863
GOTERM_MF_ALL	GO:0045296~cadherin binding	4	16.666666666666664	0.008056089798034592	5339, 22919, 28988, 118	24	307	16881	9.164495114006513	0.8353253452647702	0.12088686560478878	9.804337539114083
GOTERM_CC_ALL	GO:0005913~cell-cell adherens junction	4	16.666666666666664	0.008098744208609395	5339, 22919, 28988, 118	24	332	18224	9.14859437751004	0.8567953291221104	0.05555817601211277	9.957703670612982
GOTERM_MF_ALL	GO:0042802~identical protein binding	7	29.166666666666668	0.008210406640561791	7189, 7431, 10768, 22919, 331, 839, 118	24	1358	16881	3.6256443298969074	0.840940729976789	0.1153517983402863	9.983178888573175
GOTERM_BP_ALL	GO:0048699~generation of neurons	7	29.166666666666668	0.008390860661773443	7431, 4137, 10013, 8678, 2288, 28988, 836	24	1357	16792	3.6091869319577503	0.9999969949895601	0.10467384955142522	13.073453186436733
GOTERM_BP_ALL	GO:0048666~neuron development	6	25.0	0.008769731500308912	7431, 4137, 10013, 8678, 2288, 28988	24	965	16792	4.350259067357513	0.9999983118774546	0.10826412041273226	13.624046574286064
GOTERM_BP_ALL	GO:0010033~response to organic substance	10	41.66666666666667	0.009040870442303471	7189, 10768, 1639, 10013, 8678, 331, 2288, 836, 118, 10134	24	2822	16792	2.4793290810300026	0.999998882837493	0.1105343116391505	14.016064736730527
GOTERM_CC_ALL	GO:0031252~cell leading edge	4	16.666666666666664	0.00972203878833139	7431, 1639, 10013, 28988	24	355	18224	8.555868544600939	0.9031833136869356	0.06453584916744493	11.840078252120211
GOTERM_CC_ALL	GO:0098796~membrane protein complex	6	25.0	0.009732223384610843	7189, 56616, 1639, 8678, 836, 10134	24	1074	18224	4.242085661080075	0.9034209995807662	0.0628646995505957	11.851772866544463
GOTERM_BP_ALL	GO:0010604~positive regulation of macromolecule metabolic process	10	41.66666666666667	0.009782180899666773	7189, 7431, 56616, 840, 2934, 10013, 331, 28988, 836, 10134	24	2856	16792	2.4498132586367882	0.9999996388542456	0.11813097398028505	15.079348001758675
GOTERM_BP_ALL	GO:0051179~localization	15	62.5	0.009912265924993155	2395, 4137, 3710, 2934, 8678, 22919, 28988, 2288, 118, 10768, 7189, 1639, 10013, 10121, 10134	24	5872	16792	1.7872956403269755	0.9999997038011237	0.11866837077968406	15.264653425034226
GOTERM_BP_ALL	GO:0032268~regulation of cellular protein metabolic process	9	37.5	0.009974960996122413	7189, 56616, 840, 2934, 10013, 331, 28988, 836, 10134	24	2346	16792	2.684143222506394	0.9999997307947598	0.11844239588550032	15.353826438264583
GOTERM_CC_ALL	GO:0005869~dynactin complex	2	8.333333333333332	0.010054011772943428	1639, 10121	24	8	18224	189.83333333333331	0.9106389014248384	0.06318753193529114	12.22053510900506
GOTERM_BP_ALL	GO:0048869~cellular developmental process	12	50.0	0.01005718568003071	7189, 7431, 2620, 4137, 2934, 10013, 8678, 839, 2288, 28988, 836, 118	24	3992	16792	2.103206412825651	0.9999997625061622	0.1184370588395901	15.470643299465136
GOTERM_BP_ALL	GO:0009967~positive regulation of signal transduction	7	29.166666666666668	0.010690322360838975	7189, 2934, 10013, 8678, 331, 28988, 10134	24	1428	16792	3.4297385620915035	0.9999999095566777	0.12448139134147695	16.365080632149443
GOTERM_BP_ALL	GO:0022008~neurogenesis	7	29.166666666666668	0.011376419586549958	7431, 4137, 10013, 8678, 2288, 28988, 836	24	1447	16792	3.3847039852568535	0.9999999682512896	0.13096268746883077	17.324289581060636
GOTERM_BP_ALL	GO:0065007~biological regulation	22	91.66666666666666	0.011542128725275099	2620, 2395, 840, 4137, 2934, 11076, 3710, 8678, 22919, 331, 839, 2288, 28988, 836, 118, 10768, 7431, 7189, 56616, 1639, 10013, 10134	24	11548	16792	1.3329292229534695	0.9999999753470061	0.1317513629774716	17.554406584024484
GOTERM_CC_ALL	GO:0031974~membrane-enclosed lumen	12	50.0	0.012521899991160686	7189, 56616, 2395, 840, 4137, 3710, 10013, 331, 839, 2288, 836, 118	24	4457	18224	2.0444245007852815	0.9507885696610736	0.07619420146061462	15.001725647206888
GOTERM_BP_ALL	GO:0042542~response to hydrogen peroxide	3	12.5	0.012556803586998856	2395, 10013, 836	24	125	16792	16.791999999999998	0.9999999947665048	0.14148016257886764	18.950389769542795
GOTERM_CC_ALL	GO:0005925~focal adhesion	4	16.666666666666664	0.012622195577095652	5339, 7431, 2934, 118	24	391	18224	7.768115942028985	0.9519688346486508	0.07489101158086886	15.113015769998327
GOTERM_BP_ALL	GO:0008104~protein localization	9	37.5	0.012824604356377335	7189, 10768, 2934, 3710, 10013, 22919, 8678, 2288, 10134	24	2448	16792	2.5723039215686274	0.9999999965243774	0.14322785561470153	19.315105528984855
GOTERM_CC_ALL	GO:0005924~cell-substrate adherens junction	4	16.666666666666664	0.012884035213002	5339, 7431, 2934, 118	24	394	18224	7.70896785109983	0.9549189486997698	0.07455662476702996	15.40292539651742
GOTERM_BP_ALL	GO:0065008~regulation of biological quality	11	45.83333333333333	0.01315603394752267	7189, 2620, 2395, 4137, 2934, 3710, 10013, 331, 836, 118, 10134	24	3548	16792	2.1692033070274332	0.9999999979060252	0.14560009304026178	19.76434121456172
GOTERM_CC_ALL	GO:0030055~cell-substrate junction	4	16.666666666666664	0.013327403460328754	5339, 7431, 2934, 118	24	399	18224	7.612364243943191	0.9595085918638822	0.0752310467863524	15.891742216905257
GOTERM_BP_ALL	GO:0048468~cell development	8	33.33333333333333	0.013486875953489012	7189, 7431, 4137, 10013, 8678, 2288, 28988, 836	24	1968	16792	2.844173441734417	0.9999999987375137	0.1479239989921901	20.210435098219737
GOTERM_BP_ALL	GO:0031115~negative regulation of microtubule polymerization	2	8.333333333333332	0.013616509644072551	22919, 2288	24	10	16792	139.9333333333333	0.9999999989646097	0.1481764472249879	20.38459141636284
GOTERM_CC_ALL	GO:0035631~CD40 receptor complex	2	8.333333333333332	0.01379927993626978	7189, 56616	24	11	18224	138.06060606060606	0.9638831093346262	0.0760259580799959	16.40912640563348
GOTERM_MF_ALL	GO:0048156~tau protein binding	2	8.333333333333332	0.014889961639746763	10013, 2288	24	11	16881	127.88636363636364	0.9647549570504003	0.18867729909555697	17.418266235182056
GOTERM_BP_ALL	GO:0051246~regulation of protein metabolic process	9	37.5	0.01490447460113017	7189, 56616, 840, 2934, 10013, 331, 28988, 836, 10134	24	2512	16792	2.506767515923567	0.9999999998558466	0.15996254324695647	22.095607160610832
GOTERM_BP_ALL	GO:0044767~single-organism developmental process	14	58.333333333333336	0.015302291944963426	7189, 7431, 2620, 2395, 840, 1639, 4137, 2934, 10013, 8678, 2288, 28988, 836, 118	24	5475	16792	1.78910197869102	0.9999999999216359	0.16274865360356006	22.617067684361093
GOTERM_BP_ALL	GO:0051099~positive regulation of binding	3	12.5	0.015570402936473774	7189, 22919, 118	24	140	16792	14.992857142857144	0.9999999999480417	0.1642270722854341	22.966656187492962
GOTERM_BP_ALL	GO:0023051~regulation of signaling	10	41.66666666666667	0.01560144176388861	7189, 10768, 2395, 2934, 3710, 10013, 8678, 331, 28988, 10134	24	3070	16792	2.2790445168295332	0.9999999999504559	0.1633983090999177	23.007031545300492
GOTERM_BP_ALL	GO:0051641~cellular localization	9	37.5	0.015926540061230503	10768, 1639, 4137, 2934, 3710, 10013, 22919, 8678, 10134	24	2541	16792	2.4781582054309323	0.9999999999699027	0.16539392597619307	23.428726537321552
GOTERM_BP_ALL	GO:0006979~response to oxidative stress	4	16.666666666666664	0.016025831388817545	56616, 2395, 10013, 836	24	394	16792	7.10321489001692	0.9999999999741537	0.16521751343661284	23.55708700499567
GOTERM_BP_ALL	GO:0044708~single-organism behavior	4	16.666666666666664	0.01613414241340034	2395, 4137, 3710, 836	24	395	16792	7.085232067510548	0.9999999999781094	0.16512868011134574	23.696877191060505
GOTERM_CC_ALL	GO:0044428~nuclear part	11	45.83333333333333	0.016599034887951447	7189, 840, 1639, 4137, 3710, 10013, 331, 839, 2288, 836, 118	24	3981	18224	2.098132797454576	0.9816928554314271	0.08883751963001374	19.418988562853546
GOTERM_BP_ALL	GO:0051716~cellular response to stimulus	16	66.66666666666666	0.017506127899151576	2395, 2934, 3710, 8678, 331, 28988, 2288, 118, 836, 10768, 7431, 7189, 56616, 1639, 10013, 10134	24	6927	16792	1.616091622154853	0.9999999999973347	0.1767791136963004	25.446942361431635
GOTERM_BP_ALL	GO:0035967~cellular response to topologically incorrect protein	3	12.5	0.0175135138922498	1639, 10013, 118	24	149	16792	14.087248322147651	0.9999999999973648	0.1756856123058782	25.45626079639247
GOTERM_BP_ALL	GO:0098609~cell-cell adhesion	6	25.0	0.018701249816748533	5339, 7189, 2934, 22919, 28988, 118	24	1164	16792	3.606529209621993	0.9999999999995753	0.18530813505788224	26.94059232608257
GOTERM_BP_ALL	GO:0051130~positive regulation of cellular component organization	6	25.0	0.019931150197602204	1639, 4137, 2934, 11076, 10013, 8678	24	1183	16792	3.5486052409129334	0.999999999999936	0.1950693086798171	28.4483128778652
GOTERM_CC_ALL	GO:0043209~myelin sheath	3	12.5	0.020105619056859664	3710, 11076, 10121	24	174	18224	13.091954022988505	0.9922044837783424	0.10445506155840567	23.047673981688565
GOTERM_CC_ALL	GO:0030425~dendrite	4	16.666666666666664	0.020120893398907606	4137, 10013, 8678, 28988	24	466	18224	6.517882689556509	0.992233471940303	0.1023311527166163	23.063145014288754
GOTERM_BP_ALL	GO:0032501~multicellular organismal process	16	66.66666666666666	0.020228267746568745	2395, 840, 4137, 2934, 3710, 8678, 28988, 2288, 118, 836, 10768, 7431, 7189, 1639, 10013, 10134	24	7027	16792	1.5930933067691284	0.9999999999999595	0.19644130703460383	28.80813438998201
GOTERM_BP_ALL	GO:0007067~mitotic nuclear division	4	16.666666666666664	0.020313412631869015	1639, 22919, 8678, 331	24	431	16792	6.4934261407579275	0.9999999999999645	0.19594564677973125	28.91093439603829
GOTERM_BP_ALL	GO:0031116~positive regulation of microtubule polymerization	2	8.333333333333332	0.02035808083414192	1639, 4137	24	15	16792	93.28888888888888	0.9999999999999668	0.1951058155433898	28.964808912377727
GOTERM_BP_ALL	GO:0002478~antigen processing and presentation of exogenous peptide antigen	3	12.5	0.020492811255766633	7189, 1639, 10121	24	162	16792	12.95679012345679	0.999999999999973	0.195052729891376	29.12707553768582
GOTERM_BP_ALL	GO:0042592~homeostatic process	7	29.166666666666668	0.020534802673700055	7189, 2395, 3710, 331, 836, 118, 10134	24	1645	16792	2.977304964539007	0.9999999999999747	0.19420688923172502	29.177577909704056
GOTERM_BP_ALL	GO:0098780~response to mitochondrial depolarisation	2	8.333333333333332	0.021701095921938085	10013, 8678	24	16	16792	87.45833333333333	0.9999999999999958	0.20289089222442402	30.56681846159298
GOTERM_BP_ALL	GO:0098779~mitophagy in response to mitochondrial depolarization	2	8.333333333333332	0.021701095921938085	10013, 8678	24	16	16792	87.45833333333333	0.9999999999999958	0.20289089222442402	30.56681846159298
GOTERM_CC_ALL	GO:0044297~cell body	4	16.666666666666664	0.021743231975815812	4137, 3710, 10013, 2288	24	480	18224	6.3277777777777775	0.9947732246552057	0.10793523118539472	24.69013456630934
GOTERM_BP_ALL	GO:0019884~antigen processing and presentation of exogenous antigen	3	12.5	0.022179234520717753	7189, 1639, 10121	24	169	16792	12.420118343195265	0.999999999999998	0.2056566207379832	31.128920994754395
GOTERM_CC_ALL	GO:0035371~microtubule plus-end	2	8.333333333333332	0.02248560346820886	1639, 22919	24	18	18224	84.37037037037037	0.9956405090271929	0.1092102124639227	25.42399769027036
GOTERM_BP_ALL	GO:0051016~barbed-end actin filament capping	2	8.333333333333332	0.023042349784890764	2934, 118	24	17	16792	82.31372549019606	0.9999999999999994	0.2115510621867681	32.13279129691221
GOTERM_BP_ALL	GO:0031175~neuron projection development	5	20.833333333333336	0.02353527748763852	7431, 4137, 10013, 2288, 28988	24	817	16792	4.2819257445940435	0.9999999999999998	0.2143183397475653	32.69991803092389
GOTERM_BP_ALL	GO:0043066~negative regulation of apoptotic process	5	20.833333333333336	0.023629405296709483	7189, 2395, 8678, 331, 836	24	818	16792	4.276691116544417	0.9999999999999998	0.2138167356160029	32.80770689161693
GOTERM_CC_ALL	GO:0042995~cell projection	7	29.166666666666668	0.02386241466714233	7431, 4137, 10013, 22919, 8678, 2288, 28988	24	1846	18224	2.879378837125316	0.9968872988979515	0.11330615004789168	26.767594661261597
GOTERM_MF_ALL	GO:0050839~cell adhesion molecule binding	4	16.666666666666664	0.02388558296053259	5339, 22919, 28988, 118	24	461	16881	6.103036876355748	0.9954431767653037	0.2717604757524654	26.53857591750105
GOTERM_BP_ALL	GO:0043069~negative regulation of programmed cell death	5	20.833333333333336	0.02468029523509531	7189, 2395, 8678, 331, 836	24	829	16792	4.219943707277845	1.0	0.22099210445531514	34.00014915469178
GOTERM_CC_ALL	GO:0031981~nuclear lumen	10	41.66666666666667	0.024942474675974012	7189, 840, 4137, 3710, 10013, 331, 839, 2288, 836, 118	24	3592	18224	2.1139569413511508	0.997610940355832	0.11591417285446459	27.80593065291296
GOTERM_MF_ALL	GO:0005488~binding	24	100.0	0.02499530701491704	2620, 2395, 840, 4137, 2934, 11076, 3710, 8678, 22919, 331, 839, 2288, 28988, 836, 118, 5339, 10768, 7431, 7189, 56616, 1639, 10013, 10121, 10134	24	14381	16881	1.1738404839719074	0.9964641367661278	0.2691886169928468	27.596918994636855
GOTERM_CC_ALL	GO:0098805~whole membrane	6	25.0	0.025159621584749402	7189, 3710, 10013, 8678, 28988, 836	24	1363	18224	3.3426265590608955	0.9977347883122826	0.11467612571856822	28.013042135698306
GOTERM_MF_ALL	GO:0008022~protein C-terminus binding	3	12.5	0.02521102701338218	7431, 22919, 28988	24	182	16881	11.594093406593407	0.9966343765903144	0.2589533408850099	27.801012497632104
GOTERM_BP_ALL	GO:0000086~G2/M transition of mitotic cell cycle	3	12.5	0.025719136210727977	1639, 22919, 10121	24	183	16792	11.469945355191257	1.0	0.22792296727507655	35.15934893299178
GOTERM_BP_ALL	GO:0000423~macromitophagy	2	8.333333333333332	0.02571958264676006	10013, 8678	24	19	16792	73.64912280701755	1.0	0.2266200387778976	35.15984295336651
GOTERM_BP_ALL	GO:0031112~positive regulation of microtubule polymerization or depolymerization	2	8.333333333333332	0.02571958264676006	1639, 4137	24	19	16792	73.64912280701755	1.0	0.2266200387778976	35.15984295336651
GOTERM_CC_ALL	GO:0031988~membrane-bounded vesicle	10	41.66666666666667	0.02575896032075344	5339, 7431, 10768, 2934, 3710, 8678, 10121, 2288, 28988, 10134	24	3611	18224	2.102833933351796	0.9980444252456268	0.11511316524637238	28.581841796467966
GOTERM_CC_ALL	GO:0030054~cell junction	6	25.0	0.026315524436159206	5339, 7431, 2934, 22919, 28988, 118	24	1379	18224	3.3038433647570704	0.9982940719349847	0.11535612432016429	29.106330907949875
GOTERM_BP_ALL	GO:0051495~positive regulation of cytoskeleton organization	3	12.5	0.02677046897192017	1639, 4137, 2934	24	187	16792	11.224598930481283	1.0	0.2334772779845632	36.312986500793784
GOTERM_CC_ALL	GO:0016020~membrane	18	75.0	0.026794857674909973	2620, 4137, 2934, 3710, 8678, 22919, 2288, 28988, 836, 118, 5339, 10768, 7431, 7189, 56616, 1639, 10013, 10134	24	9462	18224	1.4445149017121115	0.9984834720681462	0.1152745947946211	29.555189724797803
GOTERM_BP_ALL	GO:0035966~response to topologically incorrect protein	3	12.5	0.027036024189497437	1639, 10013, 118	24	188	16792	11.164893617021276	1.0	0.23419851174319584	36.60131577342419
GOTERM_BP_ALL	GO:0060632~regulation of microtubule-based movement	2	8.333333333333332	0.02705556604848314	4137, 10013	24	20	16792	69.96666666666665	1.0	0.23303653898563603	36.62248500945231
GOTERM_BP_ALL	GO:0051640~organelle localization	4	16.666666666666664	0.028203193212787307	1639, 4137, 10013, 8678	24	489	16792	5.723244717109747	1.0	0.24040509517830655	37.85409682672623
GOTERM_BP_ALL	GO:0033036~macromolecule localization	9	37.5	0.02846342904646586	7189, 10768, 2934, 3710, 10013, 22919, 8678, 2288, 10134	24	2817	16792	2.235356762513312	1.0	0.2410258663746837	38.13023066311171
GOTERM_BP_ALL	GO:0030030~cell projection organization	6	25.0	0.028797074880535668	7431, 4137, 2934, 10013, 2288, 28988	24	1301	16792	3.226748654880861	1.0	0.2421826503217609	38.48257235946744
GOTERM_BP_ALL	GO:0043624~cellular protein complex disassembly	3	12.5	0.028925040707810074	2934, 10013, 118	24	195	16792	10.764102564102565	1.0	0.24181087937903212	38.617207712098676
GOTERM_CC_ALL	GO:0070013~intracellular organelle lumen	11	45.83333333333333	0.029174839016439746	7189, 2395, 840, 4137, 3710, 10013, 331, 839, 2288, 836, 118	24	4328	18224	1.929913739987677	0.9991552958887863	0.1228232289961857	31.745290895273058
GOTERM_BP_ALL	GO:0044839~cell cycle G2/M phase transition	3	12.5	0.02947434944676935	1639, 22919, 10121	24	197	16792	10.654822335025381	1.0	0.24452332944805533	39.19200651631471
GOTERM_BP_ALL	GO:0031325~positive regulation of cellular metabolic process	9	37.5	0.029703436042270877	7189, 56616, 840, 2934, 10013, 331, 28988, 836, 10134	24	2839	16792	2.2180345191969004	1.0	0.24487685555018646	39.43022557078228
GOTERM_CC_ALL	GO:0002102~podosome	2	8.333333333333332	0.02987273239859544	2934, 28988	24	24	18224	63.27777777777778	0.999288684836492	0.12347407679903455	32.37549135003215
GOTERM_MF_ALL	GO:0008234~cysteine-type peptidase activity	3	12.5	0.030013295245224447	840, 839, 836	24	200	16881	10.550625	0.9988811566223418	0.2880680808332273	32.20943285006136
GOTERM_BP_ALL	GO:0044765~single-organism transport	10	41.66666666666667	0.03014706875411154	7189, 10768, 2395, 1639, 4137, 2934, 3710, 8678, 2288, 118	24	3415	16792	2.048804294777941	1.0	0.24677024711537576	39.889051725021496
GOTERM_BP_ALL	GO:1903047~mitotic cell cycle process	5	20.833333333333336	0.031030393505889247	1639, 22919, 8678, 331, 10121	24	890	16792	3.9307116104868918	1.0	0.25176722213355207	40.79291787151933
GOTERM_BP_ALL	GO:0051402~neuron apoptotic process	3	12.5	0.03142996686129942	56616, 840, 836	24	204	16792	10.28921568627451	1.0	0.2532728389027463	41.19757315315143
GOTERM_BP_ALL	GO:0060548~negative regulation of cell death	5	20.833333333333336	0.031816472371757776	7189, 2395, 8678, 331, 836	24	897	16792	3.9000371609067264	1.0	0.2546670497656567	41.586520015442666
GOTERM_BP_ALL	GO:0051336~regulation of hydrolase activity	6	25.0	0.031941902026497146	56616, 840, 2934, 331, 836, 10134	24	1337	16792	3.1398653702318624	1.0	0.25422767226700493	41.712221390528484
GOTERM_CC_ALL	GO:0043233~organelle lumen	11	45.83333333333333	0.032503587926218075	7189, 2395, 840, 4137, 3710, 10013, 331, 839, 2288, 836, 118	24	4400	18224	1.8983333333333332	0.9996282955267236	0.13153257777369964	34.70322107189459
GOTERM_CC_ALL	GO:0031982~vesicle	10	41.66666666666667	0.032557164839271735	5339, 7431, 10768, 2934, 3710, 8678, 10121, 2288, 28988, 10134	24	3754	18224	2.022731308826141	0.9996331827836344	0.12958335409502086	34.74984743956623
GOTERM_BP_ALL	GO:0000302~response to reactive oxygen species	3	12.5	0.033146507489782144	2395, 10013, 836	24	210	16792	9.995238095238095	1.0	0.2612330646192753	42.90655966706344
GOTERM_BP_ALL	GO:0022402~cell cycle process	6	25.0	0.033781333971483335	2620, 1639, 22919, 8678, 331, 10121	24	1357	16792	3.0935887988209285	1.0	0.26423598710542606	43.526682720339835
GOTERM_BP_ALL	GO:0051345~positive regulation of hydrolase activity	5	20.833333333333336	0.03412832222324934	56616, 840, 2934, 836, 10134	24	917	16792	3.814976372228281	1.0	0.2652530755953044	43.86295293407596
GOTERM_CC_ALL	GO:0005789~endoplasmic reticulum membrane	5	20.833333333333336	0.03455147448792685	10768, 3710, 8678, 2288, 10134	24	999	18224	3.8004671338004674	0.999775993540952	0.13488576611416725	36.46374269504972
GOTERM_CC_ALL	GO:0042175~nuclear outer membrane-endoplasmic reticulum membrane network	5	20.833333333333336	0.03701256642734054	10768, 3710, 8678, 2288, 10134	24	1021	18224	3.7185765589291546	0.9998782894712782	0.14167921467191513	38.52152487317856
GOTERM_BP_ALL	GO:0034599~cellular response to oxidative stress	3	12.5	0.03851248936117894	56616, 2395, 10013	24	228	16792	9.206140350877194	1.0	0.29289294851197734	47.952791932633446
GOTERM_CC_ALL	GO:0044459~plasma membrane part	8	33.33333333333333	0.03879682164813924	7189, 10768, 56616, 3710, 10013, 22919, 836, 10134	24	2635	18224	2.3053763440860218	0.9999218673836691	0.14582431205297564	39.97474859378192
GOTERM_BP_ALL	GO:0010821~regulation of mitochondrion organization	3	12.5	0.038819876925073486	2395, 10013, 8678	24	229	16792	9.16593886462882	1.0	0.29345155295325465	48.228773144660465
GOTERM_BP_ALL	GO:0007610~behavior	4	16.666666666666664	0.039274575911378576	2395, 4137, 3710, 836	24	557	16792	5.024536205864751	1.0	0.2949474326383593	48.63449375126292
GOTERM_CC_ALL	GO:0012505~endomembrane system	10	41.66666666666667	0.03944549688172065	7189, 10768, 1639, 3710, 10013, 22919, 8678, 2288, 28988, 10134	24	3878	18224	1.9580539797146297	0.9999335092934811	0.14587649951889525	40.49517311108711
GOTERM_BP_ALL	GO:0055065~metal ion homeostasis	4	16.666666666666664	0.039451948378979314	2395, 3710, 331, 10134	24	558	16792	5.015531660692951	1.0	0.29466024609130514	48.791948615355274
GOTERM_BP_ALL	GO:0032880~regulation of protein localization	5	20.833333333333336	0.03968978262635574	7189, 2934, 3710, 10013, 10134	24	962	16792	3.6365211365211367	1.0	0.29475940182007787	49.0023640066342
GOTERM_BP_ALL	GO:0000278~mitotic cell cycle	5	20.833333333333336	0.0404691886610092	1639, 22919, 8678, 331, 10121	24	968	16792	3.6139807162534434	1.0	0.29826091181555003	49.68623506612594
GOTERM_BP_ALL	GO:0010646~regulation of cell communication	9	37.5	0.04142365562434648	7189, 2395, 2934, 3710, 10013, 8678, 331, 28988, 10134	24	3020	16792	2.0850993377483444	1.0	0.30279596056154834	50.51196969165357
GOTERM_BP_ALL	GO:0090659~walking behavior	2	8.333333333333332	0.04163620502267497	2395, 4137	24	31	16792	45.13978494623655	1.0	0.30269394672153394	50.69410956961937
GOTERM_BP_ALL	GO:0007628~adult walking behavior	2	8.333333333333332	0.04163620502267497	2395, 4137	24	31	16792	45.13978494623655	1.0	0.30269394672153394	50.69410956961937
GOTERM_BP_ALL	GO:1902578~single-organism localization	10	41.66666666666667	0.04212915430591582	7189, 10768, 2395, 1639, 4137, 2934, 3710, 8678, 2288, 118	24	3614	16792	1.9359896698026196	1.0	0.3043120228808235	51.114110283776284
GOTERM_BP_ALL	GO:0032879~regulation of localization	8	33.33333333333333	0.0423481631229422	7189, 10768, 4137, 2934, 3710, 10013, 22919, 10134	24	2473	16792	2.263377813721526	1.0	0.30424324343432096	51.29962844893707
GOTERM_BP_ALL	GO:0050896~response to stimulus	17	70.83333333333334	0.04284910835073466	2395, 840, 2934, 3710, 8678, 331, 28988, 2288, 118, 836, 10768, 7431, 7189, 56616, 1639, 10013, 10134	24	8329	16792	1.4280625925481252	1.0	0.3058819335094698	51.72148485893062
GOTERM_BP_ALL	GO:0007275~multicellular organism development	12	50.0	0.04374005822475234	7189, 7431, 2395, 840, 1639, 4137, 10013, 8678, 2288, 28988, 836, 118	24	4877	16792	1.7215501332786551	1.0	0.3098376616811901	52.46329858214693
GOTERM_BP_ALL	GO:0000280~nuclear division	4	16.666666666666664	0.04402187310679783	1639, 22919, 8678, 331	24	583	16792	4.800457404230989	1.0	0.3101164890740511	52.695701300906705
GOTERM_BP_ALL	GO:0048589~developmental growth	4	16.666666666666664	0.04402187310679783	2395, 4137, 10013, 118	24	583	16792	4.800457404230989	1.0	0.3101164890740511	52.695701300906705
GOTERM_BP_ALL	GO:0030154~cell differentiation	10	41.66666666666667	0.04475782145892902	7189, 7431, 4137, 10013, 8678, 839, 2288, 28988, 836, 118	24	3652	16792	1.9158451989777292	1.0	0.3130755012320493	53.2975863005982
GOTERM_BP_ALL	GO:1901700~response to oxygen-containing compound	6	25.0	0.04499787752140608	7189, 10768, 2395, 10013, 8678, 836	24	1466	16792	2.863574351978172	1.0	0.3130893669949305	53.49235085353449
GOTERM_CC_ALL	GO:0005911~cell-cell junction	4	16.666666666666664	0.04600781695196481	5339, 22919, 28988, 118	24	644	18224	4.716356107660455	0.9999870815307217	0.1660335771445488	45.53099127988882
GOTERM_BP_ALL	GO:0043241~protein complex disassembly	3	12.5	0.04614795470750289	2934, 10013, 118	24	252	16792	8.329365079365079	1.0	0.31839704808020375	54.41489930682821
GOTERM_BP_ALL	GO:0000209~protein polyubiquitination	3	12.5	0.04614795470750289	7189, 10013, 331	24	252	16792	8.329365079365079	1.0	0.31839704808020375	54.41489930682821
GOTERM_MF_ALL	GO:0004190~aspartic-type endopeptidase activity	2	8.333333333333332	0.04664450550635239	840, 836	24	35	16881	40.192857142857136	0.9999763496878391	0.3978474664666739	45.63096918149806
GOTERM_BP_ALL	GO:0048731~system development	11	45.83333333333333	0.04670782806942826	7189, 7431, 840, 1639, 4137, 10013, 8678, 2288, 28988, 836, 118	24	4291	16792	1.7935990056707838	1.0	0.32022680673203974	54.85775782874407
GOTERM_BP_ALL	GO:0051693~actin filament capping	2	8.333333333333332	0.04688625041114599	2934, 118	24	35	16792	39.98095238095238	1.0	0.31985232725987256	54.9980376809281
GOTERM_BP_ALL	GO:0010638~positive regulation of organelle organization	4	16.666666666666664	0.04727736978921095	1639, 4137, 2934, 8678	24	600	16792	4.664444444444444	1.0	0.3206935860705158	55.304112818992124
GOTERM_MF_ALL	GO:0070001~aspartic-type peptidase activity	2	8.333333333333332	0.047946130603315026	840, 836	24	36	16881	39.076388888888886	0.9999825610830845	0.39227733701864786	46.57037499881093
GOTERM_BP_ALL	GO:0016192~vesicle-mediated transport	6	25.0	0.0482113312895139	1639, 2934, 8678, 10121, 28988, 10134	24	1494	16792	2.8099062918340025	1.0	0.3245913300359914	56.02709997251707
GOTERM_BP_ALL	GO:0051649~establishment of localization in cell	7	29.166666666666668	0.04839198935353786	10768, 1639, 4137, 3710, 10013, 8678, 10134	24	2004	16792	2.4439454424484364	1.0	0.32421643308098513	56.16567402707271
GOTERM_BP_ALL	GO:0030522~intracellular receptor signaling pathway	3	12.5	0.04914560926719477	7189, 10013, 2288	24	261	16792	8.042145593869732	1.0	0.3270390771696431	56.73932434547505
GOTERM_BP_ALL	GO:0032984~macromolecular complex disassembly	3	12.5	0.049483045593007396	2934, 10013, 118	24	262	16792	8.01145038167939	1.0	0.32752544292881103	56.99388498672281
GOTERM_BP_ALL	GO:0051646~mitochondrion localization	2	8.333333333333332	0.04950094577601074	4137, 10013	24	37	16792	37.81981981981982	1.0	0.3262473144540299	57.007349414236955
GOTERM_BP_ALL	GO:0030835~negative regulation of actin filament depolymerization	2	8.333333333333332	0.05080571916983393	2934, 118	24	38	16792	36.824561403508774	1.0	0.3320200739286694	57.97819363180926
GOTERM_BP_ALL	GO:0048584~positive regulation of response to stimulus	7	29.166666666666668	0.05105252000945916	7189, 2934, 10013, 8678, 331, 28988, 10134	24	2030	16792	2.4126436781609195	1.0	0.3319822784105543	58.15949793375525
GOTERM_BP_ALL	GO:0048285~organelle fission	4	16.666666666666664	0.05166609290272931	1639, 22919, 8678, 331	24	622	16792	4.4994640943194	1.0	0.33392101103389016	58.60705878489294
GOTERM_BP_ALL	GO:0034976~response to endoplasmic reticulum stress	3	12.5	0.05186909646622344	1639, 118, 10134	24	269	16792	7.802973977695166	1.0	0.33364075893034306	58.75414310923095
GOTERM_CC_ALL	GO:0030286~dynein complex	2	8.333333333333332	0.05291466844824035	1639, 10013	24	43	18224	35.31782945736434	0.999997724916371	0.18636704709438956	50.40428458901018
GOTERM_BP_ALL	GO:0070848~response to growth factor	4	16.666666666666664	0.05414262464627691	10013, 8678, 331, 836	24	634	16792	4.414300736067298	1.0	0.3443259372529417	60.368197455840345
GOTERM_MF_ALL	GO:0043028~cysteine-type endopeptidase regulator activity involved in apoptotic process	2	8.333333333333332	0.05442879909829624	331, 836	24	41	16881	34.31097560975609	0.9999961997274822	0.41878104223630885	51.03023119027198
GOTERM_BP_ALL	GO:0070997~neuron death	3	12.5	0.05464655718484697	56616, 840, 836	24	277	16792	7.577617328519857	1.0	0.3455773596963657	60.717826524806995
GOTERM_CC_ALL	GO:0005819~spindle	3	12.5	0.055425258827463186	1639, 22919, 331	24	303	18224	7.518151815181517	0.9999987936248583	0.19179196796343156	52.07363735782642
GOTERM_BP_ALL	GO:0055080~cation homeostasis	4	16.666666666666664	0.05603795250182341	2395, 3710, 331, 10134	24	643	16792	4.352514256091239	1.0	0.3514072413707392	61.66818706569428
GOTERM_BP_ALL	GO:0009653~anatomical structure morphogenesis	8	33.33333333333333	0.05657449486492711	7189, 2620, 4137, 2934, 10013, 28988, 836, 118	24	2631	16792	2.127454706702141	1.0	0.3527704207718054	62.02885295978765
GOTERM_CC_ALL	GO:0005739~mitochondrion	6	25.0	0.05717541989279445	7189, 56616, 2395, 8678, 2288, 10134	24	1700	18224	2.6799999999999997	0.9999992255663213	0.19465053819414013	53.20653099064061
GOTERM_BP_ALL	GO:2000378~negative regulation of reactive oxygen species metabolic process	2	8.333333333333332	0.0573039292176125	10013, 8678	24	43	16792	32.542635658914726	1.0	0.3551004525695982	62.5140683131112
GOTERM_CC_ALL	GO:0044432~endoplasmic reticulum part	5	20.833333333333336	0.05739472692436111	10768, 3710, 8678, 2288, 10134	24	1177	18224	3.2257150948739732	0.9999992674492447	0.1926850483924517	53.34673504130036
GOTERM_MF_ALL	GO:0031625~ubiquitin protein ligase binding	3	12.5	0.057651101073758634	7189, 10013, 8678	24	287	16881	7.352351916376306	0.9999982249310767	0.42405108094066946	53.11699039021669
GOTERM_BP_ALL	GO:0070925~organelle assembly	4	16.666666666666664	0.058181714561889926	2934, 8678, 331, 28988	24	653	16792	4.285860132720776	1.0	0.358150450466181	63.090240102431814
GOTERM_BP_ALL	GO:0035556~intracellular signal transduction	8	33.33333333333333	0.05918371456894968	7189, 56616, 3710, 8678, 331, 28988, 836, 10134	24	2657	16792	2.1066365575210133	1.0	0.3617810821092531	63.73776914443769
GOTERM_BP_ALL	GO:0098771~inorganic ion homeostasis	4	16.666666666666664	0.0592684419749548	2395, 3710, 331, 10134	24	658	16792	4.253292806484295	1.0	0.3608100925730032	63.792030670808096
GOTERM_BP_ALL	GO:0051239~regulation of multicellular organismal process	8	33.33333333333333	0.05938763293538121	7189, 7431, 10768, 2395, 4137, 3710, 10013, 2288	24	2659	16792	2.1050520245706403	1.0	0.36001802318760145	63.868234335777466
GOTERM_MF_ALL	GO:0044389~ubiquitin-like protein ligase binding	3	12.5	0.05943838516731923	7189, 10013, 8678	24	292	16881	7.226455479452055	0.9999988375964346	0.4210857000661139	54.23878761104817
GOTERM_MF_ALL	GO:0032813~tumor necrosis factor receptor superfamily binding	2	8.333333333333332	0.05958451226727784	7189, 836	24	45	16881	31.26111111111111	0.9999988771820123	0.4095736317851354	54.329402099160475
GOTERM_BP_ALL	GO:1903146~regulation of mitophagy	2	8.333333333333332	0.05989127998536342	10013, 8678	24	45	16792	31.096296296296295	1.0	0.36113052841826965	64.18857547394745
GOTERM_BP_ALL	GO:0046907~intracellular transport	6	25.0	0.06082172048702392	10768, 1639, 4137, 10013, 8678, 10134	24	1594	16792	2.633626097867001	1.0	0.36432044857684276	64.77336661355858
GOTERM_BP_ALL	GO:0034613~cellular protein localization	6	25.0	0.0616351257654336	10768, 2934, 10013, 22919, 8678, 10134	24	1600	16792	2.62375	1.0	0.36690157178256444	65.27723549366479
GOTERM_BP_ALL	GO:0050793~regulation of developmental process	7	29.166666666666668	0.06203532966000387	7189, 7431, 2620, 2395, 4137, 2934, 2288	24	2129	16792	2.300454047283545	1.0	0.36746115849267325	65.52265053165198
GOTERM_BP_ALL	GO:0051098~regulation of binding	3	12.5	0.06291995386993467	7189, 22919, 118	24	300	16792	6.996666666666667	1.0	0.3703363662914867	66.05935184318386
GOTERM_CC_ALL	GO:0005634~nucleus	14	58.333333333333336	0.06294506204453196	840, 4137, 11076, 3710, 2934, 8678, 331, 839, 2288, 118, 836, 7189, 1639, 10013	24	7048	18224	1.5083238743851686	0.9999998214138364	0.20698516721713933	56.768664456988226
GOTERM_BP_ALL	GO:0070727~cellular macromolecule localization	6	25.0	0.06341965452023818	10768, 2934, 10013, 22919, 8678, 10134	24	1613	16792	2.6026038437693737	1.0	0.37134751975242686	66.35903939890885
GOTERM_CC_ALL	GO:0043235~receptor complex	3	12.5	0.06375156282251568	7189, 56616, 3710	24	328	18224	6.945121951219512	0.9999998546301715	0.2066804604302792	57.24616117891919
GOTERM_BP_ALL	GO:0030834~regulation of actin filament depolymerization	2	8.333333333333332	0.06375957387785228	2934, 118	24	48	16792	29.152777777777775	1.0	0.3715930404426556	66.5614774072048
GOTERM_BP_ALL	GO:0006911~phagocytosis, engulfment	2	8.333333333333332	0.0663299731245205	2934, 8678	24	50	16792	27.986666666666665	1.0	0.3822690252406912	68.05562189986253
GOTERM_BP_ALL	GO:0009966~regulation of signal transduction	8	33.33333333333333	0.06670620498537652	7189, 2395, 2934, 10013, 8678, 331, 28988, 10134	24	2728	16792	2.0518084066471163	1.0	0.38263065590225276	68.2689822346789
GOTERM_MF_ALL	GO:0003723~RNA binding	6	25.0	0.06826993371912078	5339, 7431, 10768, 22919, 2288, 118	24	1656	16881	2.548460144927536	0.9999998581940182	0.4423534015036661	59.42768973936412
GOTERM_CC_ALL	GO:0005881~cytoplasmic microtubule	2	8.333333333333332	0.06837757574002414	10013, 22919	24	56	18224	27.119047619047617	0.9999999555016295	0.2175542022618877	59.89234799803427
GOTERM_BP_ALL	GO:0050801~ion homeostasis	4	16.666666666666664	0.068547238589921	2395, 3710, 331, 10134	24	699	16792	4.003814973772055	1.0	0.389694896490533	69.29385551754386
GOTERM_BP_ALL	GO:0030042~actin filament depolymerization	2	8.333333333333332	0.06889362148418109	2934, 118	24	52	16792	26.91025641025641	1.0	0.3898837418014294	69.48316980664147
GOTERM_BP_ALL	GO:0030837~negative regulation of actin filament polymerization	2	8.333333333333332	0.06889362148418109	2934, 118	24	52	16792	26.91025641025641	1.0	0.3898837418014294	69.48316980664147
GOTERM_CC_ALL	GO:0005654~nucleoplasm	8	33.33333333333333	0.07036580391395154	840, 3710, 10013, 331, 839, 2288, 836, 118	24	2996	18224	2.0275923453493547	0.9999999732951798	0.22051381283317384	60.982536475417234
GOTERM_BP_ALL	GO:0007049~cell cycle	6	25.0	0.07189997870393919	2620, 1639, 22919, 8678, 331, 10121	24	1672	16792	2.5107655502392343	1.0	0.4019813404825371	71.08082235584709
GOTERM_BP_ALL	GO:0044707~single-multicellular organism process	13	54.166666666666664	0.0736281519080418	7189, 7431, 2395, 840, 1639, 4137, 3710, 10013, 8678, 2288, 28988, 836, 118	24	5943	16792	1.530484042851534	1.0	0.40819628552065623	71.96328240238978
GOTERM_BP_ALL	GO:0000422~mitophagy	2	8.333333333333332	0.07400073323142033	10013, 8678	24	56	16792	24.988095238095237	1.0	0.4084170400553665	72.15018812134724
GOTERM_BP_ALL	GO:0061726~mitochondrion disassembly	2	8.333333333333332	0.07400073323142033	10013, 8678	24	56	16792	24.988095238095237	1.0	0.4084170400553665	72.15018812134724
GOTERM_BP_ALL	GO:0007155~cell adhesion	6	25.0	0.07598917167056518	5339, 7189, 2934, 22919, 28988, 118	24	1699	16792	2.4708652148322545	1.0	0.41561807150428254	73.12804673403473
GOTERM_BP_ALL	GO:0010324~membrane invagination	2	8.333333333333332	0.0765442303474704	2934, 8678	24	58	16792	24.126436781609193	1.0	0.4165856583591184	73.39519218211757
GOTERM_BP_ALL	GO:0022610~biological adhesion	6	25.0	0.07691562005428115	5339, 7189, 2934, 22919, 28988, 118	24	1705	16792	2.4621700879765394	1.0	0.4167631161094546	73.57254318539665
GOTERM_BP_ALL	GO:0030099~myeloid cell differentiation	3	12.5	0.0794443769834658	7189, 836, 118	24	343	16792	6.119533527696793	1.0	0.4260215739373643	74.75089119625099
GOTERM_CC_ALL	GO:0005811~lipid particle	2	8.333333333333332	0.08010748993909199	7189, 10134	24	66	18224	23.01010101010101	0.9999999978464112	0.24502621796797341	65.93987752225931
GOTERM_CC_ALL	GO:0005768~endosome	4	16.666666666666664	0.080298401434321	7189, 10013, 8678, 28988	24	811	18224	3.745170571311138	0.9999999979506365	0.24259522037919234	66.030944225941
GOTERM_BP_ALL	GO:0032535~regulation of cellular component size	3	12.5	0.08387386709353406	4137, 2934, 118	24	354	16792	5.929378531073446	1.0	0.44284544397039327	76.69679722326977
GOTERM_BP_ALL	GO:0043507~positive regulation of JUN kinase activity	2	8.333333333333332	0.08539394826479041	7189, 28988	24	65	16792	21.528205128205126	1.0	0.44754043607691685	77.33144038705011
GOTERM_MF_ALL	GO:0005198~structural molecule activity	4	16.666666666666664	0.08817100048554782	5339, 7431, 4137, 118	24	782	16881	3.5978260869565215	0.9999999988500253	0.5205549200716708	69.19581173227066
GOTERM_CC_ALL	GO:0016234~inclusion body	2	8.333333333333332	0.08823423204437136	4137, 10013	24	73	18224	20.80365296803653	0.9999999997417118	0.260975278262472	69.62360682668017
GOTERM_BP_ALL	GO:0051704~multi-organism process	7	29.166666666666668	0.09019899200196943	7189, 7431, 2934, 8678, 2288, 836, 10134	24	2341	16792	2.0921258721344156	1.0	0.4650784678042599	79.23240676290338
GOTERM_BP_ALL	GO:0036473~cell death in response to oxidative stress	2	8.333333333333332	0.09041444698225577	56616, 10013	24	69	16792	20.280193236714975	1.0	0.46445152233389964	79.31403056838619
GOTERM_BP_ALL	GO:1903779~regulation of cardiac conduction	2	8.333333333333332	0.09041444698225577	10768, 3710	24	69	16792	20.280193236714975	1.0	0.46445152233389964	79.31403056838619
GOTERM_BP_ALL	GO:0019538~protein metabolic process	12	50.0	0.09131200870656109	7189, 56616, 2395, 840, 2934, 10013, 331, 839, 2288, 28988, 836, 10134	24	5457	16792	1.5385743082279641	1.0	0.46646261874684947	79.65083302481314
GOTERM_BP_ALL	GO:0006928~movement of cell or subcellular component	6	25.0	0.09158233459829757	7431, 1639, 4137, 2934, 10013, 22919	24	1795	16792	2.338718662952646	1.0	0.4660484551403491	79.75125626897072
GOTERM_BP_ALL	GO:0036498~IRE1-mediated unfolded protein response	2	8.333333333333332	0.09166544666550802	1639, 118	24	70	16792	19.99047619047619	1.0	0.4649209418278234	79.78203779430892
GOTERM_BP_ALL	GO:0048858~cell projection morphogenesis	4	16.666666666666664	0.09326184479692402	4137, 2934, 10013, 28988	24	797	16792	3.5115014638226683	1.0	0.46956040076027183	80.36481550982295
GOTERM_CC_ALL	GO:0044464~cell part	24	100.0	0.09456971606724275	2620, 2395, 840, 4137, 2934, 11076, 3710, 8678, 22919, 331, 839, 2288, 28988, 836, 118, 5339, 10768, 7431, 7189, 56616, 1639, 10013, 10121, 10134	24	16449	18224	1.1079092953978964	0.9999999999512079	0.27447336042856296	72.23646715609915
GOTERM_BP_ALL	GO:0051270~regulation of cellular component movement	4	16.666666666666664	0.09461373989566424	4137, 2934, 10013, 22919	24	802	16792	3.4896093100581878	1.0	0.4732142811150276	80.8459516282936
GOTERM_BP_ALL	GO:2001233~regulation of apoptotic signaling pathway	3	12.5	0.09464105581434573	2395, 2934, 10134	24	380	16792	5.523684210526316	1.0	0.4718778403392475	80.85555810412555
GOTERM_BP_ALL	GO:0048545~response to steroid hormone	3	12.5	0.09506314178132982	10013, 2288, 836	24	381	16792	5.509186351706036	1.0	0.4720238255613324	81.00342313283684
GOTERM_BP_ALL	GO:0019222~regulation of metabolic process	13	54.166666666666664	0.09522514608263788	7189, 7431, 10768, 2395, 56616, 840, 2934, 10013, 8678, 331, 28988, 836, 10134	24	6171	16792	1.473937233295522	1.0	0.4712021848876511	81.05989084609438
GOTERM_CC_ALL	GO:0030424~axon	3	12.5	0.09683106922176467	4137, 10013, 2288	24	418	18224	5.449760765550239	0.9999999999731596	0.2771461262970599	73.1177191337545
GOTERM_CC_ALL	GO:0043025~neuronal cell body	3	12.5	0.09722264025394887	3710, 10013, 2288	24	419	18224	5.436754176610978	0.9999999999758021	0.2750419741403741	73.26766771384713
GOTERM_CC_ALL	GO:0005623~cell	24	100.0	0.09848244086897634	2620, 2395, 840, 4137, 2934, 11076, 3710, 8678, 22919, 331, 839, 2288, 28988, 836, 118, 5339, 10768, 7431, 7189, 56616, 1639, 10013, 10121, 10134	24	16478	18224	1.105959461099648	0.9999999999826686	0.27515597409074344	73.74487849829816
GOTERM_BP_ALL	GO:0032990~cell part morphogenesis	4	16.666666666666664	0.0987198649949187	4137, 2934, 10013, 28988	24	817	16792	3.4255405956752347	1.0	0.4826363020632969	82.24026635212316
GOTERM_BP_ALL	GO:0070201~regulation of establishment of protein localization	4	16.666666666666664	0.0995500759850316	7189, 3710, 10013, 10134	24	820	16792	3.4130081300813004	1.0	0.4842176657069258	82.510329946389
