Category	Term	Count	%	PValue	Genes	List Total	Pop Hits	Pop Total	Fold Enrichment	Bonferroni	Benjamini	FDR
GOTERM_BP_ALL	GO:0007187~G-protein coupled receptor signaling pathway, coupled to cyclic nucleotide second messenger	10	83.33333333333334	1.561665094308001E-16	4988, 4985, 1132, 1812, 3360, 2778, 3362, 1128, 1268, 2774	12	193	16792	72.50431778929189	1.2323475573339238E-13	1.2323475573339238E-13	1.7763568394002505E-13
GOTERM_BP_ALL	GO:0007188~adenylate cyclase-modulating G-protein coupled receptor signaling pathway	8	66.66666666666666	2.706885100508459E-12	4988, 4985, 1132, 1812, 2778, 1128, 1268, 2774	12	167	16792	67.03393213572853	3.0045865795358395E-9	1.5022932897679198E-9	4.333589043170605E-9
GOTERM_BP_ALL	GO:0007186~G-protein coupled receptor signaling pathway	11	91.66666666666666	5.6580995302519853E-11	5179, 4988, 4985, 1132, 1812, 3360, 2778, 3362, 1128, 1268, 2774	12	1261	16792	12.20671424795136	6.280486597454171E-8	2.0934955768936447E-8	9.058502836722937E-8
GOTERM_BP_ALL	GO:0098916~anterograde trans-synaptic signaling	9	75.0	4.015086264159849E-10	5179, 4988, 4985, 1132, 1812, 3360, 3362, 1128, 1268	12	604	16792	20.850993377483444	4.4567445134369166E-7	1.1141863143215858E-7	6.428075405295886E-7
GOTERM_BP_ALL	GO:0099537~trans-synaptic signaling	9	75.0	4.015086264159849E-10	5179, 4988, 4985, 1132, 1812, 3360, 3362, 1128, 1268	12	604	16792	20.850993377483444	4.4567445134369166E-7	1.1141863143215858E-7	6.428075405295886E-7
GOTERM_BP_ALL	GO:0007268~chemical synaptic transmission	9	75.0	4.015086264159849E-10	5179, 4988, 4985, 1132, 1812, 3360, 3362, 1128, 1268	12	604	16792	20.850993377483444	4.4567445134369166E-7	1.1141863143215858E-7	6.428075405295886E-7
GOTERM_BP_ALL	GO:0099536~synaptic signaling	9	75.0	4.015086264159849E-10	5179, 4988, 4985, 1132, 1812, 3360, 3362, 1128, 1268	12	604	16792	20.850993377483444	4.4567445134369166E-7	1.1141863143215858E-7	6.428075405295886E-7
GOTERM_MF_ALL	GO:0004871~signal transducer activity	11	91.66666666666666	1.5027766524984277E-9	4988, 4985, 1132, 1812, 7442, 3360, 2778, 3362, 1128, 1268, 2774	12	1763	16881	8.777226318774815	2.043776078375359E-7	2.043776078375359E-7	1.7641085814368296E-6
GOTERM_BP_ALL	GO:0007267~cell-cell signaling	10	83.33333333333334	1.822656638130252E-8	5179, 4988, 4985, 1132, 1812, 3360, 2778, 3362, 1128, 1268	12	1517	16792	9.22434629751703	2.0231284196925436E-5	4.046289584169749E-6	2.9180377603132968E-5
GOTERM_BP_ALL	GO:0007191~adenylate cyclase-activating dopamine receptor signaling pathway	4	33.33333333333333	4.5859672449906774E-8	4988, 1812, 2778, 2774	12	12	16792	466.4444444444444	5.0902942047903466E-5	8.484003618414171E-6	7.342042687152883E-5
GOTERM_BP_ALL	GO:0007193~adenylate cyclase-inhibiting G-protein coupled receptor signaling pathway	5	41.66666666666667	9.467919805823779E-8	4988, 4985, 1132, 1128, 2774	12	71	16792	98.54460093896715	1.0508839262435288E-4	1.5013303698685476E-5	1.515794642470425E-4
GOTERM_BP_ALL	GO:0019233~sensory perception of pain	5	41.66666666666667	1.1200821326075275E-7	5179, 4988, 4985, 7442, 1268	12	74	16792	94.54954954954955	1.2432139513629537E-4	1.5541019697251635E-5	1.793228407209746E-4
GOTERM_BP_ALL	GO:0050877~neurological system process	9	75.0	1.5699276818384486E-7	5179, 4988, 4985, 1812, 7442, 2778, 1128, 1268, 2774	12	1288	16792	9.777950310559007	1.7424680367605916E-4	1.9362255484045576E-5	2.5134210115407285E-4
GOTERM_MF_ALL	GO:0004888~transmembrane signaling receptor activity	9	75.0	1.7092569363845818E-7	4988, 4985, 1132, 1812, 7442, 3360, 3362, 1128, 1268	12	1309	16881	9.672077922077923	2.324562613231773E-5	1.1622880611850128E-5	2.0064937887864787E-4
GOTERM_MF_ALL	GO:0099600~transmembrane receptor activity	9	75.0	2.3423355237632657E-7	4988, 4985, 1132, 1812, 7442, 3360, 3362, 1128, 1268	12	1363	16881	9.288884812912691	3.185525945847978E-5	1.0618532572337358E-5	2.7496627231782256E-4
GOTERM_MF_ALL	GO:0004930~G-protein coupled receptor activity	8	66.66666666666666	2.983454929761561E-7	4988, 4985, 1132, 1812, 3360, 3362, 1128, 1268	12	888	16881	12.673423423423422	4.057416994374119E-5	1.0143696826725446E-5	3.502270234601035E-4
GOTERM_CC_ALL	GO:0043005~neuron projection	8	66.66666666666666	3.148154817017561E-7	5179, 4988, 4985, 7442, 2778, 3362, 1128, 1268	12	966	18224	12.57694962042788	3.8721560643217856E-5	3.8721560643217856E-5	3.6300128691824085E-4
GOTERM_MF_ALL	GO:0038023~signaling receptor activity	9	75.0	3.1695172078841814E-7	4988, 4985, 1132, 1812, 7442, 3360, 3362, 1128, 1268	12	1417	16881	8.934897671136204	4.310451182809594E-5	8.621051009405356E-6	3.720687902553088E-4
GOTERM_BP_ALL	GO:1901698~response to nitrogen compound	8	66.66666666666666	3.2631779856160575E-7	5179, 4988, 1132, 1812, 7442, 2778, 1128, 1268	12	895	16792	12.50800744878957	3.6214722435778945E-4	3.622062556729588E-5	5.224272291992627E-4
GOTERM_BP_ALL	GO:1901699~cellular response to nitrogen compound	7	58.333333333333336	5.254017972292106E-7	5179, 4988, 1132, 1812, 7442, 2778, 1128	12	558	16792	17.55436081242533	5.830261222569133E-4	5.301642622290714E-5	8.411548380715672E-4
GOTERM_CC_ALL	GO:0005887~integral component of plasma membrane	9	75.0	5.321497929640086E-7	4988, 4985, 1132, 1812, 7442, 3360, 3362, 1128, 1268	12	1635	18224	8.359633027522936	6.54522998606577E-5	3.272668544829216E-5	6.136001876710928E-4
GOTERM_BP_ALL	GO:0007200~phospholipase C-activating G-protein coupled receptor signaling pathway	5	41.66666666666667	5.969545804190753E-7	4988, 4985, 1132, 1812, 1128	12	112	16792	62.4702380952381	6.624002980518684E-4	5.5216790668444204E-5	9.557085006051125E-4
GOTERM_CC_ALL	GO:0031226~intrinsic component of plasma membrane	9	75.0	7.232036980656875E-7	4988, 4985, 1132, 1812, 7442, 3360, 3362, 1128, 1268	12	1701	18224	8.035273368606703	8.895013072718339E-5	2.9650922744317576E-5	8.338958020215337E-4
GOTERM_CC_ALL	GO:0005886~plasma membrane	12	100.0	8.935203290031356E-7	5179, 4988, 4985, 1132, 1812, 7442, 3360, 2778, 3362, 1128, 1268, 2774	12	5141	18224	3.544835635090449	1.0989701044206157E-4	2.7475384934971814E-5	0.0010302798301053961
GOTERM_CC_ALL	GO:0044459~plasma membrane part	10	83.33333333333334	1.13735308976134E-6	4988, 4985, 1132, 1812, 7442, 3360, 2778, 3362, 1128, 1268	12	2635	18224	5.763440860215055	1.398847248083035E-4	2.7978510511950105E-5	0.0013114312071738077
GOTERM_CC_ALL	GO:0071944~cell periphery	12	100.0	1.1399649869559488E-6	5179, 4988, 4985, 1132, 1812, 7442, 3360, 2778, 3362, 1128, 1268, 2774	12	5256	18224	3.467275494672755	1.402059435448022E-4	2.3369022493002767E-5	0.001314442851529929
GOTERM_MF_ALL	GO:0060089~molecular transducer activity	9	75.0	1.1864691952346137E-6	4988, 4985, 1132, 1812, 7442, 3360, 3362, 1128, 1268	12	1680	16881	7.536160714285715	1.613468884653635E-4	2.6892956090485143E-5	0.0013927865607832324
GOTERM_MF_ALL	GO:0004872~receptor activity	9	75.0	1.1864691952346137E-6	4988, 4985, 1132, 1812, 7442, 3360, 3362, 1128, 1268	12	1680	16881	7.536160714285715	1.613468884653635E-4	2.6892956090485143E-5	0.0013927865607832324
GOTERM_BP_ALL	GO:0043279~response to alkaloid	5	41.66666666666667	1.2251284488576621E-6	5179, 4988, 1812, 7442, 1268	12	134	16792	52.21393034825871	0.0013589691752708966	1.0460171434489851E-4	0.0019613890092307074
GOTERM_CC_ALL	GO:0042995~cell projection	9	75.0	1.3613842309322427E-6	5179, 4988, 4985, 1812, 7442, 2778, 3362, 1128, 1268	12	1846	18224	7.404117009750812	1.6743635535176882E-4	2.3921195938414463E-5	0.0015697496894451213
GOTERM_BP_ALL	GO:0007212~dopamine receptor signaling pathway	4	33.33333333333333	1.475635292193673E-6	4988, 1812, 2778, 2774	12	36	16792	155.4814814814815	0.0016366156643906615	1.1699004061960228E-4	0.0023624375100839146
GOTERM_CC_ALL	GO:0097458~neuron part	8	66.66666666666666	2.801099688186782E-6	5179, 4988, 4985, 7442, 2778, 3362, 1128, 1268	12	1333	18224	9.11427856964241	3.4447639856438617E-4	4.306604065495989E-5	0.0032297950381510176
GOTERM_BP_ALL	GO:0044708~single-organism behavior	6	50.0	2.8870921456879674E-6	5179, 4988, 4985, 1812, 7442, 1268	12	395	16792	21.255696202531645	0.003199547411694037	2.1362230669252913E-4	0.004622078753158121
GOTERM_CC_ALL	GO:0030425~dendrite	6	50.0	4.353003433615442E-6	5179, 4988, 7442, 2778, 3362, 1128	12	466	18224	19.553648068669528	5.352772756530566E-4	5.9489406843638015E-5	0.0050191694600632
GOTERM_BP_ALL	GO:0003008~system process	9	75.0	4.985481336171224E-6	5179, 4988, 4985, 1812, 7442, 2778, 1128, 1268, 2774	12	2014	16792	6.253227408142999	0.005518614269813815	3.4580882420143233E-4	0.007981360937081572
GOTERM_CC_ALL	GO:0098590~plasma membrane region	7	58.333333333333336	6.681046871326895E-6	4988, 4985, 1132, 1812, 7442, 2778, 1128	12	936	18224	11.35754985754986	8.214339485840272E-4	8.21737745823059E-5	0.007703392815339161
GOTERM_MF_ALL	GO:0008227~G-protein coupled amine receptor activity	4	33.33333333333333	7.256673186369685E-6	1132, 3360, 3362, 1128	12	61	16881	92.24590163934425	9.864242975684556E-4	1.409773666418701E-4	0.00851827212259293
GOTERM_CC_ALL	GO:0044463~cell projection part	7	58.333333333333336	7.36928271865849E-6	5179, 4988, 4985, 1812, 7442, 1128, 1268	12	952	18224	11.166666666666668	9.060144350928612E-4	8.239888813821317E-5	0.008496912973066095
GOTERM_BP_ALL	GO:0007165~signal transduction	12	100.0	7.910962343999384E-6	5179, 4988, 4985, 1132, 1812, 7442, 3360, 2778, 3362, 1128, 1268, 2774	12	5775	16792	2.9077056277056275	0.0087427607783368	5.164079646462483E-4	0.012664546375351637
GOTERM_BP_ALL	GO:1901700~response to oxygen-containing compound	8	66.66666666666666	9.181192066405748E-6	5179, 4988, 1132, 1812, 7442, 2778, 1128, 1268	12	1466	16792	7.636198271941791	0.010139415965073728	5.660158624009037E-4	0.014697898842475077
GOTERM_BP_ALL	GO:0045761~regulation of adenylate cyclase activity	4	33.33333333333333	1.1665286016364753E-5	4988, 1812, 2778, 2774	12	71	16792	78.83568075117371	0.012865071287057273	6.812700933689353E-4	0.018674263240414657
GOTERM_BP_ALL	GO:0007600~sensory perception	7	58.333333333333336	1.2463251678272995E-5	5179, 4988, 4985, 7442, 2778, 1268, 2774	12	961	16792	10.192854665279224	0.01373904146992988	6.914755991432875E-4	0.019951559573228028
GOTERM_BP_ALL	GO:0007610~behavior	6	50.0	1.5437812416540774E-5	5179, 4988, 4985, 1812, 7442, 1268	12	557	16792	15.073608617594255	0.0169901161012731	8.156721134805478E-4	0.02471277692183138
GOTERM_BP_ALL	GO:0044700~single organism signaling	12	100.0	1.7504304111887417E-5	5179, 4988, 4985, 1132, 1812, 7442, 3360, 2778, 3362, 1128, 1268, 2774	12	6207	16792	2.7053326888996296	0.019242402812377657	8.82789549034424E-4	0.028020372476755817
GOTERM_BP_ALL	GO:0023052~signaling	12	100.0	1.9221883194489546E-5	5179, 4988, 4985, 1132, 1812, 7442, 3360, 2778, 3362, 1128, 1268, 2774	12	6260	16792	2.6824281150159743	0.021110482685979037	9.272435572587057E-4	0.030769425673726758
GOTERM_BP_ALL	GO:0007154~cell communication	12	100.0	1.9735059112601593E-5	5179, 4988, 4985, 1132, 1812, 7442, 3360, 2778, 3362, 1128, 1268, 2774	12	6275	16792	2.67601593625498	0.0216679349644745	9.123390560454858E-4	0.03159077025928214
GOTERM_BP_ALL	GO:0031279~regulation of cyclase activity	4	33.33333333333333	2.0058067733876637E-5	4988, 1812, 2778, 2774	12	85	16792	65.85098039215686	0.022018649823720482	8.901906841171092E-4	0.03210774642264935
GOTERM_BP_ALL	GO:0051339~regulation of lyase activity	4	33.33333333333333	2.150989759864139E-5	4988, 1812, 2778, 2774	12	87	16792	64.33716475095784	0.02359346069517776	9.178955191441185E-4	0.03443137305756405
GOTERM_CC_ALL	GO:0036477~somatodendritic compartment	6	50.0	2.399056529797988E-5	5179, 4988, 7442, 2778, 3362, 1128	12	662	18224	13.764350453172206	0.002946525376333331	2.4587601156900174E-4	0.027659124309320493
GOTERM_BP_ALL	GO:0007189~adenylate cyclase-activating G-protein coupled receptor signaling pathway	4	33.33333333333333	2.6277289471151336E-5	4988, 1812, 2778, 2774	12	93	16792	60.18637992831541	0.028746889318874036	0.0010797194439671198	0.04206113874865025
GOTERM_MF_ALL	GO:0030594~neurotransmitter receptor activity	4	33.33333333333333	2.757271372909678E-5	1132, 1812, 3362, 1128	12	95	16881	59.23157894736842	0.0037429185179586044	4.686327530299961E-4	0.0323627994704867
GOTERM_CC_ALL	GO:0045202~synapse	6	50.0	4.517513651641661E-5	5179, 4988, 4985, 1132, 7442, 1128	12	755	18224	12.06887417218543	0.005541257583737025	4.2734460873605773E-4	0.052077362084756995
GOTERM_BP_ALL	GO:0030817~regulation of cAMP biosynthetic process	4	33.33333333333333	4.5840116658789963E-5	4988, 1812, 2778, 2774	12	112	16792	49.976190476190474	0.04961080159923814	0.0018156246043417035	0.07336390126473358
GOTERM_BP_ALL	GO:0006171~cAMP biosynthetic process	4	33.33333333333333	4.960509059205699E-5	4988, 1812, 2778, 2774	12	115	16792	48.67246376811594	0.053574494132257344	0.0018969232615978493	0.07938723579034024
GOTERM_CC_ALL	GO:0098794~postsynapse	5	41.66666666666667	5.2470444427854446E-5	4988, 4985, 1132, 7442, 1128	12	376	18224	20.19503546099291	0.006433251446198884	4.608961825018909E-4	0.0604849833265142
GOTERM_BP_ALL	GO:0051716~cellular response to stimulus	12	100.0	5.859264939768908E-5	5179, 4988, 4985, 1132, 1812, 7442, 3360, 2778, 3362, 1128, 1268, 2774	12	6927	16792	2.4241374332322794	0.06296978082403859	0.0021656431462616643	0.09376446472998401
GOTERM_CC_ALL	GO:0032590~dendrite membrane	3	25.0	6.256165960232625E-5	4988, 4985, 7442	12	20	18224	227.79999999999998	0.0076657916418972905	5.128900835399408E-4	0.0721137382801329
GOTERM_BP_ALL	GO:0010033~response to organic substance	9	75.0	6.423406629850755E-5	5179, 4988, 4985, 1132, 1812, 7442, 2778, 1128, 1268	12	2822	16792	4.462792345854004	0.06881946338786793	0.0022974247297337103	0.1027879425460343
GOTERM_BP_ALL	GO:0030814~regulation of cAMP metabolic process	4	33.33333333333333	6.986652440513871E-5	4988, 1812, 2778, 2774	12	129	16792	43.39018087855297	0.07462345752427135	0.0024206452316228866	0.11179632844580123
GOTERM_BP_ALL	GO:0030802~regulation of cyclic nucleotide biosynthetic process	4	33.33333333333333	7.481474776449528E-5	4988, 1812, 2778, 2774	12	132	16792	42.4040404040404	0.07969254692764327	0.002513426242938488	0.11970974120099065
GOTERM_BP_ALL	GO:0010243~response to organonitrogen compound	6	50.0	8.243541188607175E-5	5179, 4988, 1812, 7442, 2778, 1268	12	789	16792	10.641318124207858	0.08744514380759927	0.0026877661464882463	0.13189588714234146
GOTERM_BP_ALL	GO:1900371~regulation of purine nucleotide biosynthetic process	4	33.33333333333333	8.911992147866517E-5	4988, 1812, 2778, 2774	12	140	16792	39.98095238095238	0.09419164237419664	0.002822509811282514	0.1425838878985619
GOTERM_BP_ALL	GO:0030808~regulation of nucleotide biosynthetic process	4	33.33333333333333	9.102466401052961E-5	4988, 1812, 2778, 2774	12	141	16792	39.69739952718676	0.0961049096096086	0.0028027863889397153	0.14562922382916899
GOTERM_BP_ALL	GO:0046058~cAMP metabolic process	4	33.33333333333333	9.491375291184369E-5	4988, 1812, 2778, 2774	12	143	16792	39.142191142191145	0.09999887515684469	0.002843497306688092	0.15184689732082868
GOTERM_BP_ALL	GO:0031667~response to nutrient levels	5	41.66666666666667	9.526762257197974E-5	5179, 4988, 7442, 3360, 1268	12	404	16792	17.31848184818482	0.10035235557457134	0.002779081145295459	0.1524126277510085
GOTERM_BP_ALL	GO:0052652~cyclic purine nucleotide metabolic process	4	33.33333333333333	1.009489363186422E-4	4988, 1812, 2778, 2774	12	146	16792	38.337899543378995	0.10600846767526195	0.002869183068807013	0.16149491664082527
GOTERM_BP_ALL	GO:0009190~cyclic nucleotide biosynthetic process	4	33.33333333333333	1.0723003030933753E-4	4988, 1812, 2778, 2774	12	149	16792	37.56599552572707	0.11222035618826554	0.002971369608130048	0.17153512757799305
GOTERM_BP_ALL	GO:0030799~regulation of cyclic nucleotide metabolic process	4	33.33333333333333	1.1825730176583375E-4	4988, 1812, 2778, 2774	12	154	16792	36.34632034632035	0.12302199534040814	0.0031966691805077607	0.18915972439854656
GOTERM_BP_ALL	GO:0014072~response to isoquinoline alkaloid	3	25.0	1.2571052947669894E-4	5179, 4988, 1268	12	26	16792	161.46153846153845	0.13024825549316454	0.003317044962704685	0.20107036920972154
GOTERM_BP_ALL	GO:0043278~response to morphine	3	25.0	1.2571052947669894E-4	5179, 4988, 1268	12	26	16792	161.46153846153845	0.13024825549316454	0.003317044962704685	0.20107036920972154
GOTERM_BP_ALL	GO:0009991~response to extracellular stimulus	5	41.66666666666667	1.26847135541691E-4	5179, 4988, 7442, 3360, 1268	12	435	16792	16.084291187739463	0.13134500926387693	0.0032692779849049503	0.20288660760303667
GOTERM_BP_ALL	GO:0014070~response to organic cyclic compound	6	50.0	1.589976056913915E-4	5179, 4988, 1812, 7442, 2778, 1268	12	906	16792	9.26710816777042	0.16180237281183318	0.004003359974199983	0.2542485815833051
GOTERM_BP_ALL	GO:1901701~cellular response to oxygen-containing compound	6	50.0	1.6403954165355848E-4	5179, 1132, 1812, 7442, 2778, 1128	12	912	16792	9.206140350877194	0.16648103812326143	0.004038463990622576	0.2623010764897904
GOTERM_BP_ALL	GO:0071417~cellular response to organonitrogen compound	5	41.66666666666667	1.8102700666082597E-4	5179, 4988, 1812, 7442, 2778	12	477	16792	14.6680642907058	0.18205335230240316	0.004359127116503547	0.2894273350032117
GOTERM_BP_ALL	GO:0071867~response to monoamine	3	25.0	1.914426170792462E-4	5179, 1812, 2778	12	32	16792	131.1875	0.19145718757265073	0.004511529538814285	0.3060559744164637
GOTERM_BP_ALL	GO:0071869~response to catecholamine	3	25.0	1.914426170792462E-4	5179, 1812, 2778	12	32	16792	131.1875	0.19145718757265073	0.004511529538814285	0.3060559744164637
GOTERM_BP_ALL	GO:0009187~cyclic nucleotide metabolic process	4	33.33333333333333	2.2005682382337144E-4	4988, 1812, 2778, 2774	12	190	16792	29.459649122807015	0.21673950838668132	0.005076445125775986	0.35172549636830475
GOTERM_BP_ALL	GO:0044057~regulation of system process	5	41.66666666666667	2.237205146649993E-4	4988, 4985, 7442, 2778, 1128	12	504	16792	13.882275132275133	0.21991902739467295	0.0050556982222021984	0.35757149007679123
GOTERM_BP_ALL	GO:0007626~locomotory behavior	4	33.33333333333333	2.269540531474006E-4	5179, 4988, 4985, 1812	12	192	16792	29.152777777777775	0.22271452573004846	0.005026277586315242	0.36273084105865605
GOTERM_CC_ALL	GO:0032589~neuron projection membrane	3	25.0	2.3011002959821874E-4	4988, 4985, 7442	12	38	18224	119.89473684210526	0.027909907056705485	0.0017676103461858883	0.26500997773470925
GOTERM_CC_ALL	GO:0045211~postsynaptic membrane	4	33.33333333333333	2.390564291128907E-4	4985, 1132, 7442, 1128	12	212	18224	28.654088050314467	0.028979264317169684	0.001728355020749417	0.27530027983050376
GOTERM_BP_ALL	GO:0001659~temperature homeostasis	3	25.0	2.4281560685846285E-4	1812, 7442, 1268	12	36	16792	116.61111111111111	0.23628305659340587	0.005271508563232441	0.3880355015449366
GOTERM_BP_ALL	GO:0071407~cellular response to organic cyclic compound	5	41.66666666666667	2.522298010567049E-4	5179, 4988, 1812, 7442, 2778	12	520	16792	13.455128205128206	0.24422411422592027	0.005370343142411915	0.4030515457682182
GOTERM_BP_ALL	GO:1900542~regulation of purine nucleotide metabolic process	4	33.33333333333333	2.752342669022219E-4	4988, 1812, 2778, 2774	12	205	16792	27.304065040650404	0.26328346981337025	0.005748547230725598	0.439735728720847
GOTERM_BP_ALL	GO:0007190~activation of adenylate cyclase activity	3	25.0	3.0019935387322143E-4	1812, 2778, 2774	12	40	16792	104.95	0.28342424582757986	0.006152685146435188	0.4795320921898383
GOTERM_BP_ALL	GO:0006140~regulation of nucleotide metabolic process	4	33.33333333333333	3.037862877520491E-4	4988, 1812, 2778, 2774	12	212	16792	26.402515723270437	0.28627247603229256	0.0061131293886745874	0.4852487287953844
GOTERM_BP_ALL	GO:0043269~regulation of ion transport	5	41.66666666666667	3.214478907662529E-4	4988, 4985, 1812, 1128, 1268	12	554	16792	12.62936221419976	0.30013268961330974	0.006352318858036887	0.5133922256120083
GOTERM_CC_ALL	GO:0044456~synapse part	5	41.66666666666667	3.3360590821025017E-4	4988, 4985, 1132, 7442, 1128	12	607	18224	12.509610104338277	0.04020962020760599	0.002277423435214865	0.3839934530134981
GOTERM_BP_ALL	GO:0042220~response to cocaine	3	25.0	4.150059048020159E-4	4988, 1812, 1268	12	47	16792	89.31914893617021	0.3691910075580409	0.008050788780202378	0.6623510854123937
GOTERM_BP_ALL	GO:0051049~regulation of transport	7	58.333333333333336	4.2598053259173673E-4	4988, 4985, 1812, 7442, 2778, 1128, 1268	12	1796	16792	5.453971789161099	0.376831997591607	0.008120968243550908	0.6798106846268026
GOTERM_BP_ALL	GO:0045762~positive regulation of adenylate cyclase activity	3	25.0	4.3289488855524833E-4	1812, 2778, 2774	12	48	16792	87.45833333333333	0.38159850377587023	0.008112967774111413	0.6908092964117318
GOTERM_BP_ALL	GO:0070887~cellular response to chemical stimulus	8	66.66666666666666	4.4060983865848815E-4	5179, 4988, 4985, 1132, 1812, 7442, 2778, 1128	12	2648	16792	4.2275931520644505	0.3868739270056393	0.008119932109763361	0.7030800591312225
GOTERM_BP_ALL	GO:0050896~response to stimulus	12	100.0	4.456034372889482E-4	5179, 4988, 4985, 1132, 1812, 7442, 3360, 2778, 3362, 1128, 1268, 2774	12	8329	16792	2.0160883659502944	0.39026451699795583	0.008077528710207837	0.7110217070438352
GOTERM_BP_ALL	GO:0009152~purine ribonucleotide biosynthetic process	4	33.33333333333333	4.64240397273954E-4	4988, 1812, 2778, 2774	12	245	16792	22.84625850340136	0.4027541797538504	0.008278870329177512	0.7406560304547227
GOTERM_BP_ALL	GO:0006164~purine nucleotide biosynthetic process	4	33.33333333333333	5.040830904871496E-4	4988, 1812, 2778, 2774	12	252	16792	22.21164021164021	0.4286042935025869	0.00884435972572073	0.8039814303548942
GOTERM_BP_ALL	GO:0050890~cognition	4	33.33333333333333	5.099487138074082E-4	1812, 2778, 1128, 1268	12	253	16792	22.12384716732543	0.43231435074887936	0.008807662150483897	0.8133009679569425
GOTERM_CC_ALL	GO:0097060~synaptic membrane	4	33.33333333333333	5.18147515711017E-4	4985, 1132, 7442, 1128	12	276	18224	22.00966183574879	0.06175921403639795	0.0033495703393963128	0.5958291023700713
GOTERM_BP_ALL	GO:0009260~ribonucleotide biosynthetic process	4	33.33333333333333	5.399378256795323E-4	4988, 1812, 2778, 2774	12	258	16792	21.695090439276484	0.4509099610267524	0.009180565749903113	0.8609360458352366
GOTERM_BP_ALL	GO:0046390~ribose phosphate biosynthetic process	4	33.33333333333333	5.584651539069583E-4	4988, 1812, 2778, 2774	12	261	16792	21.445721583652617	0.46209293778550176	0.009350997076604917	0.8903543647811429
GOTERM_BP_ALL	GO:0072522~purine-containing compound biosynthetic process	4	33.33333333333333	5.710414820679747E-4	4988, 1812, 2778, 2774	12	263	16792	21.282636248415713	0.46955398737423404	0.009418604647519313	0.9103188208924418
GOTERM_CC_ALL	GO:0031253~cell projection membrane	4	33.33333333333333	6.229721735552486E-4	4988, 4985, 1812, 7442	12	294	18224	20.66213151927438	0.07378552350157597	0.0038251382024020453	0.7159742230973043
GOTERM_BP_ALL	GO:0051349~positive regulation of lyase activity	3	25.0	6.99047270738345E-4	1812, 2778, 2774	12	61	16792	68.81967213114754	0.5398550853261705	0.01135000604488523	1.1133089005485153
GOTERM_BP_ALL	GO:0031281~positive regulation of cyclase activity	3	25.0	6.99047270738345E-4	1812, 2778, 2774	12	61	16792	68.81967213114754	0.5398550853261705	0.01135000604488523	1.1133089005485153
GOTERM_CC_ALL	GO:0016020~membrane	12	100.0	7.370843496201021E-4	5179, 4988, 4985, 1132, 1812, 7442, 3360, 2778, 3362, 1128, 1268, 2774	12	9462	18224	1.926019868949482	0.08670359719550935	0.004309487582822014	0.8466134857088803
GOTERM_BP_ALL	GO:0048518~positive regulation of biological process	10	83.33333333333334	8.543086436149695E-4	5179, 4988, 4985, 1812, 7442, 2778, 3362, 1128, 1268, 2774	12	5285	16792	2.6477451907915484	0.6127511960519774	0.013655012655164223	1.358997350341673
GOTERM_BP_ALL	GO:0009165~nucleotide biosynthetic process	4	33.33333333333333	9.471440703909269E-4	4988, 1812, 2778, 2774	12	313	16792	17.882854100106496	0.6507013923117281	0.014913787148473467	1.5056283134487591
GOTERM_BP_ALL	GO:0033555~multicellular organismal response to stress	3	25.0	9.725431021129055E-4	5179, 1812, 7442	12	72	16792	58.30555555555556	0.6604208170620975	0.015096828241425553	1.5457097569615108
GOTERM_BP_ALL	GO:1901293~nucleoside phosphate biosynthetic process	4	33.33333333333333	9.736770251303839E-4	4988, 1812, 2778, 2774	12	316	16792	17.71308016877637	0.660848376876791	0.014905956513220575	1.5474988099290377
GOTERM_BP_ALL	GO:0048871~multicellular organismal homeostasis	4	33.33333333333333	9.82625810615596E-4	1812, 7442, 2778, 1268	12	317	16792	17.65720294426919	0.6642038109506625	0.014837465951845208	1.5616167336271691
GOTERM_BP_ALL	GO:0042221~response to chemical	9	75.0	0.0010294386426806272	5179, 4988, 4985, 1132, 1812, 7442, 2778, 1128, 1268	12	4117	16792	3.059023560845276	0.6812236295827856	0.015330801377513859	1.635439400483607
GOTERM_CC_ALL	GO:0031252~cell leading edge	4	33.33333333333333	0.00107669291285369	4988, 4985, 7442, 2778	12	355	18224	17.111737089201878	0.1241010726646885	0.0060048336879998665	1.2344799278971585
GOTERM_BP_ALL	GO:0030819~positive regulation of cAMP biosynthetic process	3	25.0	0.0011693732527069591	1812, 2778, 2774	12	79	16792	53.139240506329116	0.7271311025951273	0.017167776123738654	1.8558034314543836
GOTERM_CC_ALL	GO:0031224~intrinsic component of membrane	10	83.33333333333334	0.0012045390261979374	4988, 4985, 1132, 1812, 7442, 3360, 2778, 3362, 1128, 1268	12	5981	18224	2.539151758345873	0.13778239930098213	0.006424819977932761	1.3801334199685877
GOTERM_BP_ALL	GO:0006939~smooth muscle contraction	3	25.0	0.0013207260250087892	1812, 7442, 1128	12	84	16792	49.976190476190474	0.7693778996010949	0.019117203928578186	2.093627300867329
GOTERM_BP_ALL	GO:0030816~positive regulation of cAMP metabolic process	3	25.0	0.0014158179031596462	1812, 2778, 2774	12	87	16792	48.25287356321839	0.7925098569043451	0.02021714114201778	2.242770733853272
GOTERM_BP_ALL	GO:0042391~regulation of membrane potential	4	33.33333333333333	0.0014186786175631402	4988, 4985, 1812, 1268	12	360	16792	15.548148148148147	0.7931686068127158	0.020000504731554347	2.2472542162868203
GOTERM_BP_ALL	GO:0006811~ion transport	6	50.0	0.0014495783053835951	4988, 4985, 1812, 7442, 1128, 1268	12	1458	16792	5.7585733882030175	0.8001522107816916	0.020175954714145683	2.2956697664885617
GOTERM_CC_ALL	GO:0030424~axon	4	33.33333333333333	0.0017234794076248301	5179, 4985, 1128, 1268	12	418	18224	14.532695374800637	0.19117350689886792	0.008801490422528313	1.969343769448717
GOTERM_BP_ALL	GO:0030804~positive regulation of cyclic nucleotide biosynthetic process	3	25.0	0.0017558219180562444	1812, 2778, 2774	12	97	16792	43.27835051546392	0.8578219807548908	0.0240885673025788	2.7742972562058155
GOTERM_BP_ALL	GO:0009719~response to endogenous stimulus	6	50.0	0.0019013598365530719	5179, 4988, 1812, 7442, 2778, 1268	12	1548	16792	5.423772609819122	0.8790669732324451	0.02574331576306854	3.000986775628789
GOTERM_BP_ALL	GO:0007218~neuropeptide signaling pathway	3	25.0	0.0019016824441454993	5179, 4988, 4985	12	101	16792	41.56435643564356	0.8791103533961778	0.025437663736266547	3.001488717573053
GOTERM_BP_ALL	GO:1900373~positive regulation of purine nucleotide biosynthetic process	3	25.0	0.001976712838941655	1812, 2778, 2774	12	103	16792	40.75728155339806	0.8887886369569566	0.026114676040312368	3.1181616421274483
GOTERM_BP_ALL	GO:0030810~positive regulation of nucleotide biosynthetic process	3	25.0	0.001976712838941655	1812, 2778, 2774	12	103	16792	40.75728155339806	0.8887886369569566	0.026114676040312368	3.1181616421274483
GOTERM_BP_ALL	GO:0007631~feeding behavior	3	25.0	0.001976712838941655	4988, 4985, 1812	12	103	16792	40.75728155339806	0.8887886369569566	0.026114676040312368	3.1181616421274483
GOTERM_CC_ALL	GO:0043679~axon terminus	3	25.0	0.0020207848593902823	5179, 4985, 1128	12	113	18224	40.31858407079646	0.22027034551834468	0.009902960190762644	2.3054571631275222
GOTERM_BP_ALL	GO:0030801~positive regulation of cyclic nucleotide metabolic process	3	25.0	0.0021309583306819966	1812, 2778, 2774	12	107	16792	39.23364485981309	0.9063215943494383	0.02779553124689116	3.3576015951888083
GOTERM_BP_ALL	GO:0032879~regulation of localization	7	58.333333333333336	0.0024024033229481287	4988, 4985, 1812, 7442, 2778, 1128, 1268	12	2473	16792	3.9609111740126703	0.9307391892131341	0.030922127243191655	3.77762712759544
GOTERM_CC_ALL	GO:0044306~neuron projection terminus	3	25.0	0.0024651258899830806	5179, 4985, 1128	12	125	18224	36.448	0.26183272915412326	0.011608435549011475	2.8058373975685447
GOTERM_BP_ALL	GO:0065008~regulation of biological quality	8	66.66666666666666	0.0027434323021045598	4988, 4985, 1812, 7442, 3360, 2778, 1128, 1268	12	3548	16792	3.1552048102217207	0.9526123993647682	0.03483680467040684	4.302899069540533
GOTERM_BP_ALL	GO:0048522~positive regulation of cellular process	9	75.0	0.0028155961016412567	4988, 4985, 1812, 7442, 2778, 3362, 1128, 1268, 2774	12	4744	16792	2.6547217537942664	0.9562699494107417	0.03533442325953351	4.413704625130865
GOTERM_CC_ALL	GO:0031256~leading edge membrane	3	25.0	0.0029515537105062714	4988, 4985, 7442	12	137	18224	33.25547445255474	0.3048154510614024	0.01337559032601876	3.350927803817083
GOTERM_BP_ALL	GO:0045471~response to ethanol	3	25.0	0.003124988401600791	5179, 4988, 1268	12	130	16792	32.292307692307695	0.9690124052929999	0.038710037462224345	4.8874061532277135
GOTERM_BP_ALL	GO:1900544~positive regulation of purine nucleotide metabolic process	3	25.0	0.0031723038708879286	1812, 2778, 2774	12	131	16792	32.04580152671756	0.9706027570430287	0.03885267448036556	4.959655159747312
GOTERM_BP_ALL	GO:0045981~positive regulation of nucleotide metabolic process	3	25.0	0.0031723038708879286	1812, 2778, 2774	12	131	16792	32.04580152671756	0.9706027570430287	0.03885267448036556	4.959655159747312
GOTERM_BP_ALL	GO:0009628~response to abiotic stimulus	5	41.66666666666667	0.003266962534284789	5179, 4988, 4985, 1812, 7442	12	1029	16792	6.799481697440881	0.9735438037565964	0.03955494090677414	5.104041098681133
GOTERM_BP_ALL	GO:0048878~chemical homeostasis	5	41.66666666666667	0.003504512082997174	4988, 1812, 7442, 2778, 1268	12	1049	16792	6.669844296155069	0.9796940365491987	0.041918493661761924	5.465478056584317
GOTERM_BP_ALL	GO:0010562~positive regulation of phosphorus metabolic process	5	41.66666666666667	0.003504512082997174	4988, 4985, 1812, 2778, 2774	12	1049	16792	6.669844296155069	0.9796940365491987	0.041918493661761924	5.465478056584317
GOTERM_BP_ALL	GO:0045937~positive regulation of phosphate metabolic process	5	41.66666666666667	0.003504512082997174	4988, 4985, 1812, 2778, 2774	12	1049	16792	6.669844296155069	0.9796940365491987	0.041918493661761924	5.465478056584317
GOTERM_BP_ALL	GO:0071702~organic substance transport	7	58.333333333333336	0.00350520101301012	4988, 4985, 1812, 7442, 2778, 1128, 1268	12	2657	16792	3.686613975661774	0.9797096134074885	0.04148043550574643	5.466524399535766
GOTERM_BP_ALL	GO:0002526~acute inflammatory response	3	25.0	0.0035129607192970207	4988, 7442, 1268	12	138	16792	30.42028985507247	0.9798842397086599	0.04113281432216542	5.478309047062268
GOTERM_BP_ALL	GO:0051239~regulation of multicellular organismal process	7	58.333333333333336	0.003519030049427497	5179, 4988, 4985, 7442, 2778, 1128, 1268	12	2659	16792	3.6838410429986213	0.9800197781894056	0.04077325354861405	5.4875255643653915
GOTERM_BP_ALL	GO:0030534~adult behavior	3	25.0	0.0037150122317554323	4988, 4985, 1812	12	142	16792	29.563380281690144	0.9839386952450568	0.0425557785773274	5.784679787663672
GOTERM_BP_ALL	GO:0009150~purine ribonucleotide metabolic process	4	33.33333333333333	0.004045908571303285	4988, 1812, 2778, 2774	12	520	16792	10.764102564102563	0.9888917599281005	0.04579401089357804	6.284407939822945
GOTERM_BP_ALL	GO:0046903~secretion	5	41.66666666666667	0.004136889846428604	4988, 7442, 2778, 1128, 1268	12	1098	16792	6.372191863995143	0.9899629516537874	0.046330265482520505	6.4213739925031765
GOTERM_BP_ALL	GO:0015031~protein transport	6	50.0	0.004313395637098486	4988, 4985, 1812, 2778, 1128, 1268	12	1860	16792	4.513978494623656	0.9917556316330529	0.04778219054718924	6.686556269220678
GOTERM_BP_ALL	GO:0009259~ribonucleotide metabolic process	4	33.33333333333333	0.004383098807940623	4988, 1812, 2778, 2774	12	535	16792	10.462305295950156	0.9923720286639771	0.04805864883720301	6.791084124089075
GOTERM_MF_ALL	GO:0016907~G-protein coupled acetylcholine receptor activity	2	16.666666666666664	0.004553241704862666	1132, 1128	12	7	16881	401.9285714285714	0.46240776977246334	0.0666375357584017	5.21628105229669
GOTERM_MF_ALL	GO:0099528~G-protein coupled neurotransmitter receptor activity	2	16.666666666666664	0.004553241704862666	1132, 1128	12	7	16881	401.9285714285714	0.46240776977246334	0.0666375357584017	5.21628105229669
GOTERM_CC_ALL	GO:0044425~membrane part	10	83.33333333333334	0.004573056475148637	4988, 4985, 1132, 1812, 7442, 3360, 2778, 3362, 1128, 1268	12	7057	18224	2.1520003778753956	0.430943766448304	0.01993350530809357	5.147879334619299
GOTERM_BP_ALL	GO:0007197~adenylate cyclase-inhibiting G-protein coupled acetylcholine receptor signaling pathway	2	16.666666666666664	0.004577331416561373	1132, 1128	12	7	16792	399.8095238095238	0.9938573671055562	0.049650073177297305	7.081779217819917
GOTERM_BP_ALL	GO:0006163~purine nucleotide metabolic process	4	33.33333333333333	0.004664978605188078	4988, 1812, 2778, 2774	12	547	16792	10.232784887263863	0.9944293407230216	0.05009047272087952	7.212676458657851
GOTERM_BP_ALL	GO:0019693~ribose phosphate metabolic process	4	33.33333333333333	0.004713017600646107	4988, 1812, 2778, 2774	12	549	16792	10.195506982392228	0.9947199323329131	0.050110830016721786	7.284347230772925
GOTERM_BP_ALL	GO:0097305~response to alcohol	3	25.0	0.005038715010695365	5179, 4988, 1268	12	166	16792	25.289156626506024	0.9963283417301532	0.0529827583503214	7.768897548515408
GOTERM_MF_ALL	GO:0004985~opioid receptor activity	2	16.666666666666664	0.005202163972095525	4988, 4985	12	8	16881	351.68749999999994	0.5080316816102696	0.06847671860614457	5.939083538976764
GOTERM_BP_ALL	GO:0007207~phospholipase C-activating G-protein coupled acetylcholine receptor signaling pathway	2	16.666666666666664	0.00522967871212988	1132, 1128	12	8	16792	349.8333333333333	0.9970329156068152	0.05442609212436211	8.051895107903128
GOTERM_BP_ALL	GO:0038003~opioid receptor signaling pathway	2	16.666666666666664	0.00522967871212988	4988, 4985	12	8	16792	349.8333333333333	0.9970329156068152	0.05442609212436211	8.051895107903128
GOTERM_BP_ALL	GO:0090407~organophosphate biosynthetic process	4	33.33333333333333	0.005287492777257196	4988, 1812, 2778, 2774	12	572	16792	9.785547785547786	0.9972182869967926	0.054503082415571225	8.137411655533267
GOTERM_BP_ALL	GO:0072521~purine-containing compound metabolic process	4	33.33333333333333	0.005365440254279314	4988, 1812, 2778, 2774	12	575	16792	9.734492753623188	0.9974500292110452	0.054779023516419834	8.25259080797791
GOTERM_BP_ALL	GO:0071495~cellular response to endogenous stimulus	5	41.66666666666667	0.0054474416096681405	5179, 4988, 1812, 7442, 2778	12	1185	16792	5.904360056258791	0.9976730331884447	0.05508974466545469	8.373614029421505
GOTERM_BP_ALL	GO:0050794~regulation of cellular process	12	100.0	0.0056375837638471035	5179, 4988, 4985, 1132, 1812, 7442, 3360, 2778, 3362, 1128, 1268, 2774	12	10489	16792	1.600915244541901	0.9981180066270005	0.05644986237378591	8.653663212959739
GOTERM_MF_ALL	GO:0031628~opioid receptor binding	2	16.666666666666664	0.005850701647579599	5179, 2778	12	9	16881	312.6111111111111	0.5497859899745592	0.06997925318076703	6.6564164351721296
GOTERM_BP_ALL	GO:0001660~fever generation	2	16.666666666666664	0.005881637335322248	7442, 1268	12	9	16792	310.962962962963	0.998566867310523	0.058303655810778676	9.011939384785316
GOTERM_CC_ALL	GO:0098984~neuron to neuron synapse	2	16.666666666666664	0.006021110773864299	5179, 1128	12	10	18224	303.7333333333333	0.524236892887069	0.025289726649330824	6.726767866077122
GOTERM_BP_ALL	GO:0045184~establishment of protein localization	6	50.0	0.006203435345871639	4988, 4985, 1812, 2778, 1128, 1268	12	2021	16792	4.154379020286987	0.9989995044218021	0.06086239951597616	9.482332581978826
GOTERM_BP_ALL	GO:0009605~response to external stimulus	6	50.0	0.006926358350132365	5179, 4988, 1812, 7442, 3360, 1268	12	2073	16792	4.050168837433671	0.9995539177347423	0.0671441289504131	10.530775132510561
GOTERM_CC_ALL	GO:0016021~integral component of membrane	9	75.0	0.006993356564321055	4988, 4985, 1132, 1812, 7442, 3360, 3362, 1128, 1268	12	5872	18224	2.327656675749319	0.5781918702129922	0.028363476269303578	7.77334980192631
GOTERM_BP_ALL	GO:0070848~response to growth factor	4	33.33333333333333	0.007043626143101777	5179, 4988, 4985, 7442	12	634	16792	8.828601472134595	0.9996087211320104	0.06765687791962316	10.699769502964484
GOTERM_CC_ALL	GO:0033267~axon part	3	25.0	0.0072966547070756616	5179, 4985, 1128	12	218	18224	20.89908256880734	0.5937468844723024	0.028639276830856986	8.097636037879663
GOTERM_BP_ALL	GO:0043950~positive regulation of cAMP-mediated signaling	2	16.666666666666664	0.007835183256337561	4988, 2778	12	12	16792	233.2222222222222	0.9998385482047999	0.07435841497859719	11.8326769255906
GOTERM_BP_ALL	GO:0009117~nucleotide metabolic process	4	33.33333333333333	0.008106057195394093	4988, 1812, 2778, 2774	12	667	16792	8.391804097951024	0.9998807620877446	0.07619016363078424	12.217257676135896
GOTERM_BP_ALL	GO:0006753~nucleoside phosphate metabolic process	4	33.33333333333333	0.00837733620960347	4988, 1812, 2778, 2774	12	675	16792	8.292345679012346	0.9999119857536916	0.07799082399212576	12.600836848686148
GOTERM_BP_ALL	GO:0032501~multicellular organismal process	10	83.33333333333334	0.008424533246188075	5179, 4988, 4985, 1812, 7442, 2778, 3362, 1128, 1268, 2774	12	7027	16792	1.9913666334614109	0.9999165150698943	0.07776532106530898	12.667411138589236
GOTERM_BP_ALL	GO:0007399~nervous system development	6	50.0	0.008436318135359916	5179, 4988, 1812, 3362, 1128, 1268	12	2170	16792	3.8691244239631333	0.9999176092071936	0.077231033961635	12.684027021872158
GOTERM_BP_ALL	GO:0051046~regulation of secretion	4	33.33333333333333	0.008654030953843029	4988, 7442, 2778, 1268	12	683	16792	8.195217179111761	0.9999354313093902	0.07850769768858035	12.990454494600767
GOTERM_BP_ALL	GO:0071310~cellular response to organic substance	6	50.0	0.008706557362471312	5179, 4988, 4985, 1812, 7442, 2778	12	2186	16792	3.840805123513266	0.9999391193869032	0.07832999506857918	13.064233497445876
GOTERM_BP_ALL	GO:0050789~regulation of biological process	12	100.0	0.00879897944117597	5179, 4988, 4985, 1132, 1812, 7442, 3360, 2778, 3362, 1128, 1268, 2774	12	10922	16792	1.5374473539644755	0.9999451051018461	0.07849838675078036	13.19390789456294
GOTERM_BP_ALL	GO:0071705~nitrogen compound transport	4	33.33333333333333	0.010196651867747994	1812, 7442, 2778, 1268	12	725	16792	7.7204597701149416	0.9999885369662523	0.08973516606649534	15.132962310786569
GOTERM_BP_ALL	GO:0055086~nucleobase-containing small molecule metabolic process	4	33.33333333333333	0.010312686100685971	4988, 1812, 2778, 2774	12	728	16792	7.688644688644689	0.9999899356956885	0.09000457031692277	15.29210266349379
GOTERM_BP_ALL	GO:0051240~positive regulation of multicellular organismal process	5	41.66666666666667	0.010640104247277637	5179, 4988, 7442, 2778, 1268	12	1431	16792	4.8893547635686	0.9999930293184707	0.09202182725104469	15.739647746989894
GOTERM_BP_ALL	GO:0051223~regulation of protein transport	4	33.33333333333333	0.01102546192804267	4988, 2778, 1128, 1268	12	746	16792	7.503127792672029	0.9999954765203442	0.09447806924919211	16.26354971352345
GOTERM_BP_ALL	GO:0031649~heat generation	2	16.666666666666664	0.011083339115838392	7442, 1268	12	17	16792	164.62745098039213	0.9999957610324345	0.09422969043856311	16.34197068690154
GOTERM_BP_ALL	GO:0002790~peptide secretion	3	25.0	0.011112983223092156	7442, 2778, 1268	12	250	16792	16.791999999999998	0.9999958997600396	0.09375730667985505	16.382110441900277
GOTERM_BP_ALL	GO:1901137~carbohydrate derivative biosynthetic process	4	33.33333333333333	0.01143379129411242	4988, 1812, 2778, 2774	12	756	16792	7.403880070546737	0.9999971398091713	0.09562287898387678	16.815348759795967
GOTERM_CC_ALL	GO:0045121~membrane raft	3	25.0	0.011565378905558006	4988, 4985, 1268	12	277	18224	16.447653429602887	0.7608900288277314	0.04372857675757347	12.552641226139938
GOTERM_CC_ALL	GO:0098857~membrane microdomain	3	25.0	0.011645351330542482	4988, 4985, 1268	12	278	18224	16.388489208633093	0.763257874561788	0.04272073334350002	12.634188005245495
GOTERM_BP_ALL	GO:0007213~G-protein coupled acetylcholine receptor signaling pathway	2	16.666666666666664	0.011731809057039164	1132, 1128	12	18	16792	155.4814814814815	0.9999979533339771	0.09727586348382578	17.215923344862162
GOTERM_BP_ALL	GO:0070588~calcium ion transmembrane transport	3	25.0	0.01233327586249414	4988, 1812, 7442	12	264	16792	15.90151515151515	0.9999989587177753	0.10127967897118395	18.01887096360687
GOTERM_BP_ALL	GO:0044765~single-organism transport	7	58.333333333333336	0.012637981942308826	4988, 4985, 1812, 7442, 2778, 1128, 1268	12	3415	16792	2.868326012689117	0.9999992606968444	0.10290776693304804	18.42285615098549
GOTERM_BP_ALL	GO:0015833~peptide transport	3	25.0	0.012692410649685869	7442, 2778, 1268	12	268	16792	15.664179104477611	0.9999993045791503	0.10258307215565599	18.494822014704383
GOTERM_BP_ALL	GO:0007204~positive regulation of cytosolic calcium ion concentration	3	25.0	0.012782916635146486	4988, 1812, 7442	12	269	16792	15.605947955390333	0.9999993718623057	0.10253903698971134	18.614357644799504
GOTERM_MF_ALL	GO:0031683~G-protein beta/gamma-subunit complex binding	2	16.666666666666664	0.012959291601368383	2778, 2774	12	20	16881	140.67499999999998	0.8303441713891788	0.13742394360642018	14.197615113993411
GOTERM_BP_ALL	GO:0006952~defense response	5	41.66666666666667	0.01307099810901055	5179, 4988, 1812, 7442, 1268	12	1518	16792	4.609134826526131	0.9999995456802849	0.1039938525407329	18.993747497831002
GOTERM_BP_ALL	GO:0044707~single-multicellular organism process	9	75.0	0.013158697477835648	5179, 4988, 4985, 1812, 7442, 2778, 3362, 1128, 1268	12	5943	16792	2.1191317516405856	0.9999995883550438	0.10391917294867392	19.10891384693194
GOTERM_MF_ALL	GO:0042923~neuropeptide binding	2	16.666666666666664	0.013603230145981136	4988, 4985	12	21	16881	133.97619047619045	0.844752994622151	0.13349511023618488	14.852430383684112
GOTERM_BP_ALL	GO:0030001~metal ion transport	4	33.33333333333333	0.013978444187144794	4988, 4985, 1812, 7442	12	814	16792	6.876330876330876	0.9999998363506226	0.10929744327263935	20.178002558081875
GOTERM_BP_ALL	GO:0008104~protein localization	6	50.0	0.014073929180503276	4988, 4985, 1812, 2778, 1128, 1268	12	2448	16792	3.4297385620915035	0.9999998530297636	0.1092434189854522	20.30166613608573
GOTERM_BP_ALL	GO:0070201~regulation of establishment of protein localization	4	33.33333333333333	0.014259045709117875	4988, 2778, 1128, 1268	12	820	16792	6.826016260162601	0.9999998806813083	0.1098462506857163	20.540900922871884
GOTERM_BP_ALL	GO:0095500~acetylcholine receptor signaling pathway	2	16.666666666666664	0.01432182497418929	1132, 1128	12	22	16792	127.21212121212122	0.9999998888253103	0.10955163956003111	20.62188051827274
GOTERM_BP_ALL	GO:0002438~acute inflammatory response to antigenic stimulus	2	16.666666666666664	0.01432182497418929	4988, 1268	12	22	16792	127.21212121212122	0.9999998888253103	0.10955163956003111	20.62188051827274
GOTERM_BP_ALL	GO:0015872~dopamine transport	2	16.666666666666664	0.01432182497418929	1812, 1268	12	22	16792	127.21212121212122	0.9999998888253103	0.10955163956003111	20.62188051827274
GOTERM_BP_ALL	GO:1905144~response to acetylcholine	2	16.666666666666664	0.01432182497418929	1132, 1128	12	22	16792	127.21212121212122	0.9999998888253103	0.10955163956003111	20.62188051827274
GOTERM_BP_ALL	GO:1905145~cellular response to acetylcholine	2	16.666666666666664	0.01432182497418929	1132, 1128	12	22	16792	127.21212121212122	0.9999998888253103	0.10955163956003111	20.62188051827274
GOTERM_BP_ALL	GO:1903831~signal transduction involved in cellular response to ammonium ion	2	16.666666666666664	0.01432182497418929	1132, 1128	12	22	16792	127.21212121212122	0.9999998888253103	0.10955163956003111	20.62188051827274
GOTERM_BP_ALL	GO:0042886~amide transport	3	25.0	0.014653108175897185	7442, 2778, 1268	12	289	16792	14.525951557093427	0.999999923447814	0.11119712582981756	21.04792610504943
GOTERM_BP_ALL	GO:0051480~regulation of cytosolic calcium ion concentration	3	25.0	0.014943411657208432	4988, 1812, 7442	12	292	16792	14.376712328767123	0.9999999448037156	0.11252424190727572	21.419506449126015
GOTERM_BP_ALL	GO:0043949~regulation of cAMP-mediated signaling	2	16.666666666666664	0.01496836402780205	4988, 2778	12	23	16792	121.68115942028986	0.9999999463340896	0.11194967402429568	21.451368148071246
GOTERM_BP_ALL	GO:0032098~regulation of appetite	2	16.666666666666664	0.015614517524666964	4988, 3360	12	24	16792	116.6111111111111	0.9999999740956793	0.11575412253456652	22.272236482649777
GOTERM_BP_ALL	GO:0032496~response to lipopolysaccharide	3	25.0	0.01592926365027044	5179, 4988, 1268	12	302	16792	13.90066225165563	0.9999999818359734	0.11718721041524793	22.669168050327425
GOTERM_BP_ALL	GO:0019220~regulation of phosphate metabolic process	5	41.66666666666667	0.016015776988473784	4988, 4985, 1812, 2778, 2774	12	1610	16792	4.345755693581781	0.9999999835248277	0.1170213389762611	22.777938024008225
GOTERM_BP_ALL	GO:0051174~regulation of phosphorus metabolic process	5	41.66666666666667	0.016049978067044383	4988, 4985, 1812, 2778, 2774	12	1611	16792	4.343058141940824	0.9999999841483632	0.1164982630024749	22.820898183308238
GOTERM_BP_ALL	GO:0065007~biological regulation	12	100.0	0.01624806182830612	5179, 4988, 4985, 1132, 1812, 7442, 3360, 2778, 3362, 1128, 1268, 2774	12	11548	16792	1.4541046068583305	0.9999999873229817	0.11710089584982497	23.069271895275534
GOTERM_BP_ALL	GO:0071242~cellular response to ammonium ion	2	16.666666666666664	0.01626028567312418	1132, 1128	12	25	16792	111.94666666666666	0.9999999874966311	0.1164354576471901	23.084574581599703
GOTERM_BP_ALL	GO:1902578~single-organism localization	7	58.333333333333336	0.016715179750357155	4988, 4985, 1812, 7442, 2778, 1128, 1268	12	3614	16792	2.7103855377236674	0.9999999925172458	0.11875836010591367	23.652018713414535
GOTERM_BP_ALL	GO:0060359~response to ammonium ion	2	16.666666666666664	0.016905668678717366	1132, 1128	12	26	16792	107.64102564102564	0.9999999939651982	0.11928242183534055	23.888470586150923
GOTERM_BP_ALL	GO:0042592~homeostatic process	5	41.66666666666667	0.01724155269091328	4988, 1812, 7442, 2778, 1268	12	1645	16792	4.253292806484296	0.9999999958701726	0.1207624799553011	24.303728060933906
GOTERM_BP_ALL	GO:0002237~response to molecule of bacterial origin	3	25.0	0.01735592028250293	5179, 4988, 1268	12	316	16792	13.284810126582279	0.9999999963706525	0.12076528956960997	24.44463666897958
GOTERM_MF_ALL	GO:0004993~G-protein coupled serotonin receptor activity	2	16.666666666666664	0.018100117249610945	3360, 3362	12	28	16881	100.48214285714285	0.916604942805557	0.1625891306011613	19.29935476039788
GOTERM_BP_ALL	GO:0006950~response to stress	7	58.333333333333336	0.01818886534165181	5179, 4988, 4985, 1812, 7442, 2778, 1268	12	3677	16792	2.663947058290273	0.9999999985841151	0.1254531526341478	25.463488120837585
GOTERM_BP_ALL	GO:0007210~serotonin receptor signaling pathway	2	16.666666666666664	0.018195280090345715	3360, 3362	12	28	16792	99.95238095238095	0.9999999985943464	0.12472808090252019	25.471284367471313
GOTERM_BP_ALL	GO:0001964~startle response	2	16.666666666666664	0.018195280090345715	5179, 1812	12	28	16792	99.95238095238095	0.9999999985943464	0.12472808090252019	25.471284367471313
GOTERM_CC_ALL	GO:0098589~membrane region	3	25.0	0.01843062839940726	4988, 4985, 1268	12	354	18224	12.870056497175142	0.8985428155496058	0.06508307127928548	19.305474514587683
GOTERM_MF_ALL	GO:0099589~serotonin receptor activity	2	16.666666666666664	0.01874100603526528	3360, 3362	12	29	16881	97.01724137931033	0.9236908783541659	0.1576257223279458	19.915526579050958
GOTERM_BP_ALL	GO:0071868~cellular response to monoamine stimulus	2	16.666666666666664	0.01883950890922962	1812, 2778	12	29	16792	96.50574712643677	0.9999999993216441	0.1281053544528189	26.2503739384505
GOTERM_BP_ALL	GO:0071870~cellular response to catecholamine stimulus	2	16.666666666666664	0.01883950890922962	1812, 2778	12	29	16792	96.50574712643677	0.9999999993216441	0.1281053544528189	26.2503739384505
GOTERM_BP_ALL	GO:0006936~muscle contraction	3	25.0	0.01894369207340417	1812, 7442, 1128	12	331	16792	12.682779456193353	0.9999999993970694	0.12799725185594246	26.375646905928885
GOTERM_MF_ALL	GO:0015464~acetylcholine receptor activity	2	16.666666666666664	0.020021642898355476	1132, 1128	12	31	16881	90.75806451612902	0.9361086779899302	0.15794566276448496	21.133899859025817
GOTERM_BP_ALL	GO:0042755~eating behavior	2	16.666666666666664	0.020126813805200303	4988, 4985	12	31	16792	90.2795698924731	0.9999999998420355	0.13469292607516636	27.78434132777753
GOTERM_BP_ALL	GO:0031328~positive regulation of cellular biosynthetic process	5	41.66666666666667	0.020429847552007895	4988, 1812, 7442, 2778, 2774	12	1729	16792	4.046655099286678	0.9999999998879393	0.13578714348899712	28.141064165175965
GOTERM_BP_ALL	GO:0051930~regulation of sensory perception of pain	2	16.666666666666664	0.020769890294443507	4988, 4985	12	32	16792	87.45833333333333	0.9999999999237776	0.1370958725688033	28.5393856982056
GOTERM_BP_ALL	GO:0051931~regulation of sensory perception	2	16.666666666666664	0.020769890294443507	4988, 4985	12	32	16792	87.45833333333333	0.9999999999237776	0.1370958725688033	28.5393856982056
GOTERM_BP_ALL	GO:0002209~behavioral defense response	2	16.666666666666664	0.021412583087609155	5179, 1812	12	33	16792	84.8080808080808	0.9999999999632222	0.14024491057630373	29.286580130971508
GOTERM_BP_ALL	GO:0001662~behavioral fear response	2	16.666666666666664	0.021412583087609155	5179, 1812	12	33	16792	84.8080808080808	0.9999999999632222	0.14024491057630373	29.286580130971508
GOTERM_BP_ALL	GO:0009891~positive regulation of biosynthetic process	5	41.66666666666667	0.02169655605906451	4988, 1812, 7442, 2778, 2774	12	1760	16792	3.975378787878788	0.9999999999733513	0.1411635308613065	29.61438829184646
GOTERM_BP_ALL	GO:0032880~regulation of protein localization	4	33.33333333333333	0.02187401137580291	4988, 2778, 1128, 1268	12	962	16792	5.818433818433818	0.9999999999782115	0.1414258647139931	29.818512405800423
GOTERM_BP_ALL	GO:0051173~positive regulation of nitrogen compound metabolic process	5	41.66666666666667	0.02198943451905267	4988, 1812, 7442, 2778, 2774	12	1767	16792	3.9596302584418037	0.9999999999808866	0.1413119653621554	29.95098382817153
GOTERM_BP_ALL	GO:0032940~secretion by cell	4	33.33333333333333	0.022115971595982258	4988, 7442, 2778, 1268	12	966	16792	5.794340924775707	0.9999999999834438	0.14126599453112187	30.09594134708302
GOTERM_BP_ALL	GO:0006812~cation transport	4	33.33333333333333	0.022665945904219505	4988, 4985, 1812, 7442	12	975	16792	5.740854700854701	0.9999999999911332	0.14373474238186157	30.722715964123857
GOTERM_BP_ALL	GO:0071312~cellular response to alkaloid	2	16.666666666666664	0.02269681840604145	4988, 7442	12	35	16792	79.96190476190476	0.9999999999914387	0.14311119950440643	30.757742952452148
GOTERM_BP_ALL	GO:0006816~calcium ion transport	3	25.0	0.02323279563961499	4988, 1812, 7442	12	369	16792	11.37669376693767	0.9999999999953432	0.1454539632271541	31.36320614981788
GOTERM_BP_ALL	GO:0042596~fear response	2	16.666666666666664	0.023338361342618415	5179, 1812	12	36	16792	77.74074074074075	0.9999999999958696	0.14526351965198214	31.481871150399854
GOTERM_BP_ALL	GO:0033036~macromolecule localization	6	50.0	0.025121949413997265	4988, 4985, 1812, 2778, 1128, 1268	12	2817	16792	2.9804756833510826	0.999999999999457	0.15473477319231477	33.4579296241903
GOTERM_CC_ALL	GO:0043025~neuronal cell body	3	25.0	0.02528488814213614	5179, 4988, 7442	12	419	18224	10.873508353221956	0.9571493887264767	0.08606973828484787	25.569157390147957
GOTERM_BP_ALL	GO:0031325~positive regulation of cellular metabolic process	6	50.0	0.025926442344852297	4988, 4985, 1812, 7442, 2778, 2774	12	2839	16792	2.9573793589292006	0.9999999999997828	0.15846903526078004	34.33163842148523
GOTERM_BP_ALL	GO:0050708~regulation of protein secretion	3	25.0	0.026008912429203727	4988, 2778, 1268	12	392	16792	10.709183673469388	0.9999999999998023	0.158080107748236	34.4205935599923
GOTERM_BP_ALL	GO:0006874~cellular calcium ion homeostasis	3	25.0	0.02613261467370137	4988, 1812, 7442	12	393	16792	10.681933842239186	0.9999999999998282	0.15792704496671883	34.55381136642826
GOTERM_BP_ALL	GO:0065009~regulation of molecular function	6	50.0	0.026824069801265022	4988, 4985, 1812, 2778, 1268, 2774	12	2863	16792	2.932588194201886	0.999999999999922	0.16093989546546716	35.29379479291504
GOTERM_BP_ALL	GO:0003012~muscle system process	3	25.0	0.02763625757713847	1812, 7442, 1128	12	405	16792	10.365432098765432	0.9999999999999691	0.1645758025052637	36.15296468701619
GOTERM_BP_ALL	GO:0055074~calcium ion homeostasis	3	25.0	0.02763625757713847	4988, 1812, 7442	12	405	16792	10.365432098765432	0.9999999999999691	0.1645758025052637	36.15296468701619
GOTERM_BP_ALL	GO:1904407~positive regulation of nitric oxide metabolic process	2	16.666666666666664	0.02781845295305798	4988, 7442	12	43	16792	65.08527131782945	0.9999999999999749	0.16471113321164899	36.344224984273886
GOTERM_BP_ALL	GO:0045429~positive regulation of nitric oxide biosynthetic process	2	16.666666666666664	0.02781845295305798	4988, 7442	12	43	16792	65.08527131782945	0.9999999999999749	0.16471113321164899	36.344224984273886
GOTERM_BP_ALL	GO:0072503~cellular divalent inorganic cation homeostasis	3	25.0	0.028658220498450383	4988, 1812, 7442	12	413	16792	10.164648910411621	0.9999999999999903	0.1684222931165288	37.21885112926612
GOTERM_BP_ALL	GO:0007271~synaptic transmission, cholinergic	2	16.666666666666664	0.02909504312575499	1132, 1128	12	45	16792	62.19259259259259	0.9999999999999941	0.16990863887240137	37.669339172428586
GOTERM_BP_ALL	GO:0023061~signal release	3	25.0	0.029175002758867058	4988, 2778, 1268	12	417	16792	10.06714628297362	0.9999999999999947	0.1694639245794186	37.75147138193352
GOTERM_BP_ALL	GO:0070838~divalent metal ion transport	3	25.0	0.029304799233550397	4988, 1812, 7442	12	418	16792	10.043062200956937	0.9999999999999954	0.16929000600385158	37.88457854651781
GOTERM_BP_ALL	GO:0009314~response to radiation	3	25.0	0.029304799233550397	5179, 4988, 1812	12	418	16792	10.043062200956937	0.9999999999999954	0.16929000600385158	37.88457854651781
GOTERM_BP_ALL	GO:0072511~divalent inorganic cation transport	3	25.0	0.02969562592097171	4988, 1812, 7442	12	421	16792	9.97149643705463	0.9999999999999971	0.17050283730681282	38.28376432750861
GOTERM_BP_ALL	GO:0002437~inflammatory response to antigenic stimulus	2	16.666666666666664	0.03037010919391469	4988, 1268	12	47	16792	59.54609929078014	0.9999999999999987	0.17319396862127256	38.96702201409482
GOTERM_BP_ALL	GO:0044281~small molecule metabolic process	5	41.66666666666667	0.030620090916559314	4988, 1812, 2778, 1268, 2774	12	1951	16792	3.5861951136169488	0.999999999999999	0.17363248197404624	39.21844954595738
GOTERM_BP_ALL	GO:0006953~acute-phase response	2	16.666666666666664	0.031007071199783583	7442, 1268	12	48	16792	58.30555555555555	0.9999999999999993	0.17477810942102368	39.60575359699817
GOTERM_BP_ALL	GO:0044763~single-organism cellular process	12	100.0	0.031273959497457864	5179, 4988, 4985, 1132, 1812, 7442, 3360, 2778, 3362, 1128, 1268, 2774	12	12256	16792	1.3701044386422976	0.9999999999999996	0.17529051140825969	39.87151573452081
GOTERM_BP_ALL	GO:0072507~divalent inorganic cation homeostasis	3	25.0	0.031280344605725575	4988, 1812, 7442	12	433	16792	9.695150115473442	0.9999999999999996	0.17445907322723053	39.877860450275485
GOTERM_BP_ALL	GO:0035094~response to nicotine	2	16.666666666666664	0.031643652794636046	5179, 1268	12	49	16792	57.115646258503396	0.9999999999999997	0.1754609639764717	40.23783819206268
GOTERM_BP_ALL	GO:0019637~organophosphate metabolic process	4	33.33333333333333	0.031697195187147045	4988, 1812, 2778, 2774	12	1108	16792	5.051744885679904	0.9999999999999997	0.1748775739166356	40.29071859654083
GOTERM_BP_ALL	GO:1903428~positive regulation of reactive oxygen species biosynthetic process	2	16.666666666666664	0.03227985418037979	4988, 7442	12	50	16792	55.97333333333333	0.9999999999999999	0.1769747758374024	40.8633445779885
GOTERM_CC_ALL	GO:0044297~cell body	3	25.0	0.03253340759556398	5179, 4988, 7442	12	480	18224	9.491666666666667	0.9828909769711954	0.10685304377544724	31.707366823560733
GOTERM_BP_ALL	GO:0051649~establishment of localization in cell	5	41.66666666666667	0.03344895535117668	4985, 1812, 7442, 2778, 1128	12	2004	16792	3.491350632069195	1.0	0.1819809556310914	41.99681958083199
GOTERM_BP_ALL	GO:0051966~regulation of synaptic transmission, glutamatergic	2	16.666666666666664	0.033551117148935834	1812, 1268	12	52	16792	53.82051282051282	1.0	0.18161930479748067	42.09489432308664
GOTERM_BP_ALL	GO:0032844~regulation of homeostatic process	3	25.0	0.033720754769129585	1812, 7442, 1268	12	451	16792	9.30820399113082	1.0	0.1815952876759327	42.257402133275036
GOTERM_BP_ALL	GO:0048856~anatomical structure development	8	66.66666666666666	0.03415020625592678	5179, 4988, 1812, 7442, 2778, 3362, 1128, 1268	12	5473	16792	2.045435166575309	1.0	0.18284994565941537	42.66689458461942
GOTERM_BP_ALL	GO:0044767~single-organism developmental process	8	66.66666666666666	0.034218300435744586	5179, 4988, 1812, 7442, 2778, 3362, 1128, 1268	12	5475	16792	2.04468797564688	1.0	0.18232342616026598	42.73157342111331
GOTERM_BP_ALL	GO:0009893~positive regulation of metabolic process	6	50.0	0.034646460623760256	4988, 4985, 1812, 7442, 2778, 2774	12	3052	16792	2.750982961992136	1.0	0.18355501686480236	43.13669398883394
GOTERM_BP_ALL	GO:0048584~positive regulation of response to stimulus	5	41.66666666666667	0.03489428527562265	5179, 4988, 2778, 3362, 1268	12	2030	16792	3.446633825944171	1.0	0.18390087632827712	43.36995372813897
GOTERM_BP_ALL	GO:0045428~regulation of nitric oxide biosynthetic process	2	16.666666666666664	0.03545516515013451	4988, 7442	12	55	16792	50.88484848484848	1.0	0.18574883393902952	43.8945616069862
GOTERM_BP_ALL	GO:0019933~cAMP-mediated signaling	2	16.666666666666664	0.03545516515013451	4988, 2778	12	55	16792	50.88484848484848	1.0	0.18574883393902952	43.8945616069862
GOTERM_BP_ALL	GO:0051937~catecholamine transport	2	16.666666666666664	0.03608908958112484	1812, 1268	12	56	16792	49.976190476190474	1.0	0.18792394097842413	44.48200402769354
GOTERM_BP_ALL	GO:0009306~protein secretion	3	25.0	0.03623560157232322	4988, 2778, 1268	12	469	16792	8.950959488272922	1.0	0.1877613805059719	44.61695027736396
GOTERM_BP_ALL	GO:0048731~system development	7	58.333333333333336	0.03796797929686487	5179, 4988, 1812, 2778, 3362, 1128, 1268	12	4291	16792	2.282762370853725	1.0	0.1950674820752225	46.18943222412769
GOTERM_BP_ALL	GO:0022029~telencephalon cell migration	2	16.666666666666664	0.03798859101095776	1812, 3362	12	59	16792	47.43502824858757	1.0	0.19428557122343493	46.20788698540631
GOTERM_BP_ALL	GO:0051952~regulation of amine transport	2	16.666666666666664	0.0386210015474769	1812, 1268	12	60	16792	46.64444444444444	1.0	0.19635323653010983	46.77124210068517
GOTERM_BP_ALL	GO:0006875~cellular metal ion homeostasis	3	25.0	0.039407861389207786	4988, 1812, 7442	12	491	16792	8.54989816700611	1.0	0.19910840263542873	47.46445960882254
GOTERM_BP_ALL	GO:0031644~regulation of neurological system process	2	16.666666666666664	0.03988468892983988	4988, 4985	12	62	16792	45.13978494623655	1.0	0.2004121557098194	47.8804127898466
GOTERM_BP_ALL	GO:0021885~forebrain cell migration	2	16.666666666666664	0.03988468892983988	1812, 3362	12	62	16792	45.13978494623655	1.0	0.2004121557098194	47.8804127898466
GOTERM_BP_ALL	GO:0032502~developmental process	8	66.66666666666666	0.039886666156610864	5179, 4988, 1812, 7442, 2778, 3362, 1128, 1268	12	5632	16792	1.987689393939394	1.0	0.1995397237160974	47.88213114704865
GOTERM_BP_ALL	GO:0050795~regulation of behavior	2	16.666666666666664	0.04051596618025532	5179, 1268	12	63	16792	44.42328042328042	1.0	0.2015196361343271	48.42634923857956
GOTERM_BP_ALL	GO:0008015~blood circulation	3	25.0	0.041631433625727556	1812, 1128, 1268	12	506	16792	8.296442687747035	1.0	0.20566157183244727	49.377935069009126
GOTERM_BP_ALL	GO:0019935~cyclic-nucleotide-mediated signaling	2	16.666666666666664	0.041777388822883225	4988, 2778	12	65	16792	43.05641025641025	1.0	0.2054256073888091	49.50122188942528
GOTERM_BP_ALL	GO:0003013~circulatory system process	3	25.0	0.04223254342279232	1812, 1128, 1268	12	510	16792	8.231372549019609	1.0	0.20656646153738578	49.88388094061599
GOTERM_BP_ALL	GO:0006809~nitric oxide biosynthetic process	2	16.666666666666664	0.0424075346191071	4988, 7442	12	66	16792	42.4040404040404	1.0	0.20645750280313546	50.03027527065203
GOTERM_BP_ALL	GO:1901135~carbohydrate derivative metabolic process	4	33.33333333333333	0.04295388803251719	4988, 1812, 2778, 2774	12	1247	16792	4.488639401229618	1.0	0.2079832879704534	50.48476844482723
GOTERM_BP_ALL	GO:0015837~amine transport	2	16.666666666666664	0.04366669617144865	1812, 1268	12	68	16792	41.15686274509803	1.0	0.21021988492394017	51.07190458187964
GOTERM_BP_ALL	GO:0015844~monoamine transport	2	16.666666666666664	0.04429571233698326	1812, 1268	12	69	16792	40.56038647342995	1.0	0.21206800556524874	51.58459411265065
GOTERM_BP_ALL	GO:1903426~regulation of reactive oxygen species biosynthetic process	2	16.666666666666664	0.04429571233698326	4988, 7442	12	69	16792	40.56038647342995	1.0	0.21206800556524874	51.58459411265065
GOTERM_BP_ALL	GO:0046209~nitric oxide metabolic process	2	16.666666666666664	0.044924352365837514	4988, 7442	12	70	16792	39.98095238095238	1.0	0.21389458939472317	52.09194165129627
GOTERM_CC_ALL	GO:0030054~cell junction	4	33.33333333333333	0.04505721292252906	4988, 1132, 7442, 1128	12	1379	18224	4.40512448634276	0.9965548004139293	0.14209692069636892	41.2339653484995
GOTERM_BP_ALL	GO:0098657~import into cell	2	16.666666666666664	0.04555261645423032	1812, 7442	12	71	16792	39.417840375586856	1.0	0.21570000809861656	52.59400253941686
GOTERM_BP_ALL	GO:0007606~sensory perception of chemical stimulus	3	25.0	0.04575433380023076	7442, 2778, 2774	12	533	16792	7.8761726078799255	1.0	0.21566941856829736	52.75415069388117
GOTERM_BP_ALL	GO:2001057~reactive nitrogen species metabolic process	2	16.666666666666664	0.047435155134799824	4988, 7442	12	74	16792	37.81981981981982	1.0	0.22189720292320647	54.06901027720402
GOTERM_BP_ALL	GO:0009617~response to bacterium	3	25.0	0.0474773904504553	5179, 4988, 1268	12	544	16792	7.716911764705881	1.0	0.2211703469531966	54.101603596852385
GOTERM_BP_ALL	GO:0055065~metal ion homeostasis	3	25.0	0.04970582403075739	4988, 1812, 7442	12	558	16792	7.523297491039427	1.0	0.22955893256531357	55.79087405029848
GOTERM_BP_ALL	GO:0051179~localization	8	66.66666666666666	0.049852066696190675	4988, 4985, 1812, 7442, 2778, 3362, 1128, 1268	12	5872	16792	1.9064486830154406	1.0	0.2292409403712211	55.89966995436424
GOTERM_BP_ALL	GO:0044711~single-organism biosynthetic process	4	33.33333333333333	0.05151715708091387	4988, 1812, 2778, 2774	12	1340	16792	4.177114427860696	1.0	0.23515387022445844	57.12082805073928
GOTERM_BP_ALL	GO:0030003~cellular cation homeostasis	3	25.0	0.052136690787009866	4988, 1812, 7442	12	573	16792	7.326352530541012	1.0	0.23674167576033278	57.56703906411262
GOTERM_BP_ALL	GO:0008344~adult locomotory behavior	2	16.666666666666664	0.05306253609772113	4985, 1812	12	83	16792	33.71887550200803	1.0	0.23954980131594816	58.225759885977354
GOTERM_BP_ALL	GO:1903409~reactive oxygen species biosynthetic process	2	16.666666666666664	0.05430895359189774	4988, 7442	12	85	16792	32.92549019607843	1.0	0.24360894155290935	59.097429583006345
GOTERM_BP_ALL	GO:0006873~cellular ion homeostasis	3	25.0	0.05461140479343346	4988, 1812, 7442	12	588	16792	7.139455782312925	1.0	0.24386620832138173	59.30635950734098
GOTERM_BP_ALL	GO:0022414~reproductive process	4	33.33333333333333	0.05475216435835065	4988, 1812, 2778, 1268	12	1373	16792	4.076717649915028	1.0	0.24348042780239643	59.403253084075615
GOTERM_BP_ALL	GO:0022600~digestive system process	2	16.666666666666664	0.05493160287049965	7442, 1128	12	86	16792	32.542635658914726	1.0	0.24325077047491794	59.52645818481243
GOTERM_BP_ALL	GO:0000003~reproduction	4	33.33333333333333	0.05495150465069742	4988, 1812, 2778, 1268	12	1375	16792	4.070787878787879	1.0	0.2423952674507912	59.54010141999737
GOTERM_BP_ALL	GO:1901566~organonitrogen compound biosynthetic process	4	33.33333333333333	0.05495150465069742	4988, 1812, 2778, 2774	12	1375	16792	4.070787878787879	1.0	0.2423952674507912	59.54010141999737
GOTERM_BP_ALL	GO:0051704~multi-organism process	5	41.66666666666667	0.05520495403920342	5179, 4988, 1812, 2778, 1268	12	2341	16792	2.988751245906308	1.0	0.24246245971981606	59.71347150111042
GOTERM_BP_ALL	GO:0006810~transport	7	58.333333333333336	0.055532817099052986	4988, 4985, 1812, 7442, 2778, 1128, 1268	12	4663	16792	2.100650511115877	1.0	0.24281980420859173	59.93671053555938
GOTERM_BP_ALL	GO:2000379~positive regulation of reactive oxygen species metabolic process	2	16.666666666666664	0.05555387944036992	4988, 7442	12	87	16792	32.16858237547892	1.0	0.24198148292934196	59.951011976611554
GOTERM_BP_ALL	GO:0050790~regulation of catalytic activity	5	41.66666666666667	0.05640354781840597	4988, 1812, 2778, 1268, 2774	12	2357	16792	2.9684627351152595	1.0	0.24435730544202017	60.523966416083695
GOTERM_BP_ALL	GO:0071363~cellular response to growth factor stimulus	3	25.0	0.05831839305482	5179, 4985, 7442	12	610	16792	6.881967213114754	1.0	0.2507891498036543	61.78714614228922
GOTERM_BP_ALL	GO:0007613~memory	2	16.666666666666664	0.06175619021340549	1812, 1268	12	97	16792	28.852233676975942	1.0	0.262868481784709	63.96041220666944
GOTERM_BP_ALL	GO:1903530~regulation of secretion by cell	3	25.0	0.06176613594161524	4988, 2778, 1268	12	630	16792	6.663492063492064	1.0	0.26194024317697395	63.966527992241716
GOTERM_CC_ALL	GO:0043204~perikaryon	2	16.666666666666664	0.06216947732051373	5179, 4988	12	106	18224	28.654088050314467	0.999627353819715	0.187598035151477	52.29361388396454
GOTERM_BP_ALL	GO:0022008~neurogenesis	4	33.33333333333333	0.06237524846399998	5179, 4988, 1812, 1268	12	1447	16792	3.868233126007832	1.0	0.2632547373736509	64.33923186079252
GOTERM_BP_ALL	GO:0051234~establishment of localization	7	58.333333333333336	0.06262474966868194	4988, 4985, 1812, 7442, 2778, 1128, 1268	12	4790	16792	2.044954766875435	1.0	0.2632230608483991	64.49085074190144
GOTERM_BP_ALL	GO:0098662~inorganic cation transmembrane transport	3	25.0	0.06263938439072399	4988, 1812, 7442	12	635	16792	6.611023622047244	1.0	0.262322956344768	64.49972529481674
GOTERM_BP_ALL	GO:0006954~inflammatory response	3	25.0	0.06298993437403236	4988, 7442, 1268	12	637	16792	6.590266875981162	1.0	0.26266818738250575	64.71167976162316
GOTERM_BP_ALL	GO:0055080~cation homeostasis	3	25.0	0.06404584518196181	4988, 1812, 7442	12	643	16792	6.528771384136859	1.0	0.2655957020577885	65.34297272004255
GOTERM_BP_ALL	GO:0051283~negative regulation of sequestering of calcium ion	2	16.666666666666664	0.06422672913617197	1812, 7442	12	101	16792	27.709570957095707	1.0	0.2653063250107248	65.45004895391813
GOTERM_BP_ALL	GO:0051209~release of sequestered calcium ion into cytosol	2	16.666666666666664	0.06422672913617197	1812, 7442	12	101	16792	27.709570957095707	1.0	0.2653063250107248	65.45004895391813
GOTERM_BP_ALL	GO:0050905~neuromuscular process	2	16.666666666666664	0.06484343910014109	5179, 1812	12	102	16792	27.437908496732025	1.0	0.26660152294659145	65.81279036991117
GOTERM_BP_ALL	GO:0002376~immune system process	5	41.66666666666667	0.0648926785777742	4988, 4985, 7442, 2778, 1268	12	2465	16792	2.8384043272481407	1.0	0.2658354096525092	65.8415979822736
GOTERM_MF_ALL	GO:0008144~drug binding	2	16.666666666666664	0.06635051177788391	1128, 1268	12	105	16881	26.795238095238094	0.9999118940102449	0.4226078063744606	55.33281708990736
GOTERM_BP_ALL	GO:1902656~calcium ion import into cytosol	2	16.666666666666664	0.06669135273071872	1812, 7442	12	105	16792	26.65396825396825	1.0	0.2713605313176688	66.87844923396193
GOTERM_BP_ALL	GO:0097553~calcium ion transmembrane import into cytosol	2	16.666666666666664	0.06669135273071872	1812, 7442	12	105	16792	26.65396825396825	1.0	0.2713605313176688	66.87844923396193
GOTERM_BP_ALL	GO:0098771~inorganic ion homeostasis	3	25.0	0.06671327312668437	4988, 1812, 7442	12	658	16792	6.379939209726444	1.0	0.27048892458654816	66.89090135471955
GOTERM_BP_ALL	GO:0007275~multicellular organism development	7	58.333333333333336	0.06782161121080459	5179, 4988, 1812, 2778, 3362, 1128, 1268	12	4877	16792	2.008475155491764	1.0	0.27348332226007155	67.51481456303978
GOTERM_BP_ALL	GO:0048583~regulation of response to stimulus	6	50.0	0.06804822580419559	5179, 4988, 1812, 2778, 3362, 1268	12	3636	16792	2.309130913091309	1.0	0.27333617254686393	67.64101711126958
GOTERM_BP_ALL	GO:0003014~renal system process	2	16.666666666666664	0.06915007374437633	7442, 2778	12	109	16792	25.67584097859327	1.0	0.2762659713741801	68.24811658757183
GOTERM_BP_ALL	GO:0030154~cell differentiation	6	50.0	0.06917270547159239	5179, 4988, 1812, 7442, 2778, 1268	12	3652	16792	2.2990142387732746	1.0	0.27539713472209104	68.26047362567024
GOTERM_BP_ALL	GO:0051282~regulation of sequestering of calcium ion	2	16.666666666666664	0.06976383321216059	1812, 7442	12	110	16792	25.44242424242424	1.0	0.2765153292281717	68.58164003924266
GOTERM_BP_ALL	GO:0051208~sequestering of calcium ion	2	16.666666666666664	0.07099024859507501	1812, 7442	12	112	16792	24.988095238095237	1.0	0.2798221341882823	69.23827213623208
GOTERM_BP_ALL	GO:0051641~cellular localization	5	41.66666666666667	0.07128343171414908	4985, 1812, 7442, 2778, 1128	12	2541	16792	2.7535091171454806	1.0	0.27988579353958987	69.39332764982777
GOTERM_MF_ALL	GO:0005262~calcium channel activity	2	16.666666666666664	0.07306459162509318	4988, 7442	12	116	16881	24.254310344827584	0.9999669837132459	0.4363098355441303	58.96126509214981
GOTERM_BP_ALL	GO:0045595~regulation of cell differentiation	4	33.33333333333333	0.07312621585115037	4988, 7442, 2778, 1268	12	1544	16792	3.625215889464594	1.0	0.2852488895395253	70.35126702997935
GOTERM_BP_ALL	GO:0050801~ion homeostasis	3	25.0	0.07419975607189701	4988, 1812, 7442	12	699	16792	6.005722460658083	1.0	0.28793992059744933	70.8962951306163
GOTERM_BP_ALL	GO:0010647~positive regulation of cell communication	4	33.33333333333333	0.07439870314418365	4988, 1812, 2778, 3362	12	1555	16792	3.5995712754555194	1.0	0.2876554978881526	70.99626160537905
GOTERM_BP_ALL	GO:0098655~cation transmembrane transport	3	25.0	0.07494502079854339	4988, 1812, 7442	12	703	16792	5.971550497866287	1.0	0.28854160512242477	71.26912083512353
GOTERM_BP_ALL	GO:0023056~positive regulation of signaling	4	33.33333333333333	0.07533087689427026	4988, 1812, 2778, 3362	12	1563	16792	3.5811473661761566	1.0	0.2888837428176242	71.46038510067049
GOTERM_BP_ALL	GO:0055082~cellular chemical homeostasis	3	25.0	0.07681943555157683	4988, 1812, 7442	12	713	16792	5.887798036465638	1.0	0.29289306593679154	72.18711763057466
GOTERM_BP_ALL	GO:0051238~sequestering of metal ion	2	16.666666666666664	0.07770929797778184	1812, 7442	12	123	16792	22.753387533875337	1.0	0.29488194464068485	72.61323515580555
GOTERM_BP_ALL	GO:0032101~regulation of response to external stimulus	3	25.0	0.07833041286547662	4988, 1812, 1268	12	721	16792	5.82246879334258	1.0	0.29596990821649927	72.90702535890158
GOTERM_BP_ALL	GO:0046907~intracellular transport	4	33.33333333333333	0.07899623263336794	4985, 1812, 2778, 1128	12	1594	16792	3.5115014638226683	1.0	0.2971953924126399	73.21867829309208
GOTERM_BP_ALL	GO:0098660~inorganic ion transmembrane transport	3	25.0	0.07908967394523905	4988, 1812, 7442	12	725	16792	5.790344827586207	1.0	0.29654620259787245	73.26214582524486
GOTERM_MF_ALL	GO:0015085~calcium ion transmembrane transporter activity	2	16.666666666666664	0.08154629487345574	4988, 7442	12	130	16881	21.64230769230769	0.9999905422291997	0.4560389157112401	63.159159223893305
GOTERM_BP_ALL	GO:0044699~single-organism process	12	100.0	0.08193246168598568	5179, 4988, 4985, 1132, 1812, 7442, 3360, 2778, 3362, 1128, 1268, 2774	12	13377	16792	1.2552889287583167	1.0	0.3047988176204026	74.55338588217629
GOTERM_BP_ALL	GO:0060402~calcium ion transport into cytosol	2	16.666666666666664	0.08256809815164913	1812, 7442	12	131	16792	21.36386768447837	1.0	0.30587325486540906	74.83399066560852
GOTERM_MF_ALL	GO:0008528~G-protein coupled peptide receptor activity	2	16.666666666666664	0.08275219003552	4988, 4985	12	132	16881	21.314393939393938	0.9999920897728275	0.4442116389822828	63.722995729607256
GOTERM_BP_ALL	GO:0001508~action potential	2	16.666666666666664	0.08317380914915742	1812, 1268	12	132	16792	21.2020202020202	1.0	0.3068438002108774	75.09868307660881
GOTERM_MF_ALL	GO:0001653~peptide receptor activity	2	16.666666666666664	0.08335459769838825	4988, 4985	12	133	16881	21.154135338345867	0.9999927658823834	0.4308734626513513	64.00169455376161
GOTERM_BP_ALL	GO:0060401~cytosolic calcium ion transport	2	16.666666666666664	0.08377915656901797	1812, 7442	12	133	16792	21.042606516290725	1.0	0.30780576667062565	75.36060713205327
GOTERM_BP_ALL	GO:0050880~regulation of blood vessel size	2	16.666666666666664	0.08498876148857193	1812, 1128	12	135	16792	20.73086419753086	1.0	0.3106692047307038	75.87626504994303
GOTERM_BP_ALL	GO:0035150~regulation of tube size	2	16.666666666666664	0.08559301937447768	1812, 1128	12	136	16792	20.578431372549016	1.0	0.31160469429514837	76.1300555994058
GOTERM_BP_ALL	GO:0046683~response to organophosphorus	2	16.666666666666664	0.08559301937447768	5179, 7442	12	136	16792	20.578431372549016	1.0	0.31160469429514837	76.1300555994058
GOTERM_BP_ALL	GO:0040012~regulation of locomotion	3	25.0	0.08740612451621874	1132, 1812, 1128	12	768	16792	5.466145833333333	1.0	0.3163060700845024	76.87662480226895
GOTERM_BP_ALL	GO:0048609~multicellular organismal reproductive process	3	25.0	0.09037155110827044	4988, 1812, 1268	12	783	16792	5.361430395913155	1.0	0.32450299656509807	78.05067753661685
GOTERM_BP_ALL	GO:0032504~multicellular organism reproduction	3	25.0	0.09216621922628888	4988, 1812, 1268	12	792	16792	5.30050505050505	1.0	0.3290075913249355	78.73381552101628
GOTERM_BP_ALL	GO:0002274~myeloid leukocyte activation	2	16.666666666666664	0.09221595528101242	7442, 1268	12	147	16792	19.038548752834465	1.0	0.3281666244723346	78.75246050955182
GOTERM_BP_ALL	GO:0014074~response to purine-containing compound	2	16.666666666666664	0.0952119396330439	5179, 7442	12	152	16792	18.412280701754387	1.0	0.336228642638153	79.84774657291993
GOTERM_BP_ALL	GO:2000377~regulation of reactive oxygen species metabolic process	2	16.666666666666664	0.09581005673841184	4988, 7442	12	153	16792	18.29193899782135	1.0	0.337019326140374	80.0599712008129
GOTERM_BP_ALL	GO:0048869~cellular developmental process	6	50.0	0.09582555920424993	5179, 4988, 1812, 7442, 2778, 1268	12	3992	16792	2.103206412825651	1.0	0.3360667231940522	80.06544384378915
GOTERM_BP_ALL	GO:0021543~pallium development	2	16.666666666666664	0.0981989324416982	1812, 3362	12	157	16792	17.825902335456476	1.0	0.34211593260429796	80.88687600182118
GOTERM_BP_ALL	GO:0043207~response to external biotic stimulus	3	25.0	0.09966179733133049	5179, 4988, 1268	12	829	16792	5.063932448733414	1.0	0.3454169764295889	81.37725512511093
GOTERM_BP_ALL	GO:0051707~response to other organism	3	25.0	0.09966179733133049	5179, 4988, 1268	12	829	16792	5.063932448733414	1.0	0.3454169764295889	81.37725512511093
GOTERM_BP_ALL	GO:0003018~vascular process in circulatory system	2	16.666666666666664	0.09998682229914367	1812, 1128	12	160	16792	17.491666666666664	1.0	0.3453624944555599	81.4845958696506
