Category	Term	Count	%	PValue	Genes	List Total	Pop Hits	Pop Total	Fold Enrichment	Bonferroni	Benjamini	FDR
GOTERM_BP_ALL	GO:0014047~glutamate secretion	6	100.0	7.650465642391242E-14	10497, 22999, 6844, 6616, 5864, 10815	6	42	16792	399.8095238095238	3.4651947977693E-11	3.4651947977693E-11	1.0862422072932532E-10
GOTERM_BP_ALL	GO:0006835~dicarboxylic acid transport	6	100.0	1.661531039943689E-12	10497, 22999, 6844, 6616, 5864, 10815	6	76	16792	220.94736842105263	7.526865797302662E-10	3.763432898651331E-10	2.3594903808543677E-9
GOTERM_BP_ALL	GO:0016079~synaptic vesicle exocytosis	6	100.0	3.1320965041887598E-12	10497, 22999, 6844, 6616, 5864, 10815	6	86	16792	195.25581395348837	1.4188187291708232E-9	4.729395763902744E-10	4.447653356720593E-9
GOTERM_BP_ALL	GO:0099003~vesicle mediated transport in synapse	6	100.0	7.490819680914025E-12	10497, 22999, 6844, 6616, 5864, 10815	6	102	16792	164.62745098039215	3.3933259535601223E-9	8.483315161456062E-10	1.0637246639078057E-8
GOTERM_BP_ALL	GO:0017156~calcium ion regulated exocytosis	6	100.0	1.2065087254432867E-11	10497, 22999, 6844, 6616, 5864, 10815	6	112	16792	149.92857142857144	5.4655023840055605E-9	1.0931004990055726E-9	1.71330061249364E-8
GOTERM_BP_ALL	GO:0099504~synaptic vesicle cycle	6	100.0	1.3802846671092797E-11	10497, 22999, 6844, 6616, 5864, 10815	6	115	16792	146.01739130434783	6.252690032404473E-9	1.0421149498895943E-9	1.9600643330619505E-8
GOTERM_BP_ALL	GO:0097480~establishment of synaptic vesicle localization	6	100.0	2.286428383154899E-11	10497, 22999, 6844, 6616, 5864, 10815	6	127	16792	132.2204724409449	1.0357512514325151E-8	1.4796446290432641E-9	3.2468261412788024E-8
GOTERM_BP_ALL	GO:0048489~synaptic vesicle transport	6	100.0	2.286428383154899E-11	10497, 22999, 6844, 6616, 5864, 10815	6	127	16792	132.2204724409449	1.0357512514325151E-8	1.4796446290432641E-9	3.2468261412788024E-8
GOTERM_BP_ALL	GO:0097479~synaptic vesicle localization	6	100.0	3.002558969008048E-11	10497, 22999, 6844, 6616, 5864, 10815	6	134	16792	125.31343283582089	1.3601568427112909E-8	1.700196095022477E-9	4.263757125144707E-8
GOTERM_BP_ALL	GO:0099643~signal release from synapse	6	100.0	3.6160435950952985E-11	10497, 22999, 6844, 6616, 5864, 10815	6	139	16792	120.80575539568346	1.638066471354449E-8	1.8200738693963103E-9	5.134935809891772E-8
GOTERM_BP_ALL	GO:0007269~neurotransmitter secretion	6	100.0	3.6160435950952985E-11	10497, 22999, 6844, 6616, 5864, 10815	6	139	16792	120.80575539568346	1.638066471354449E-8	1.8200738693963103E-9	5.134935809891772E-8
GOTERM_BP_ALL	GO:0099531~presynaptic process involved in chemical synaptic transmission	6	100.0	4.480438452808406E-11	10497, 22999, 6844, 6616, 5864, 10815	6	145	16792	115.80689655172415	2.0296385017104512E-8	2.0296385683238327E-9	6.362418369931788E-8
GOTERM_BP_ALL	GO:0001505~regulation of neurotransmitter levels	6	100.0	2.112819881199995E-10	10497, 22999, 6844, 6616, 5864, 10815	6	197	16792	85.23857868020305	9.57107377796973E-8	8.70097649485757E-9	3.0002965667463855E-7
GOTERM_BP_ALL	GO:0006836~neurotransmitter transport	6	100.0	2.112819881199995E-10	10497, 22999, 6844, 6616, 5864, 10815	6	197	16792	85.23857868020305	9.57107377796973E-8	8.70097649485757E-9	3.0002965667463855E-7
GOTERM_BP_ALL	GO:0051650~establishment of vesicle localization	6	100.0	5.967123621952196E-10	10497, 22999, 6844, 6616, 5864, 10815	6	242	16792	69.38842975206612	2.7031065641391905E-7	2.2525890819302674E-8	8.47357584099484E-7
GOTERM_BP_ALL	GO:0051648~vesicle localization	6	100.0	7.615791325227152E-10	10497, 22999, 6844, 6616, 5864, 10815	6	254	16792	66.11023622047244	3.4499528789311285E-7	2.6538103270468127E-8	1.0814756201682485E-6
GOTERM_CC_ALL	GO:0098793~presynapse	6	100.0	8.566082519697715E-10	10497, 22999, 6844, 6616, 5864, 10815	6	282	18224	64.62411347517731	9.936654965514435E-8	9.936654965514435E-8	9.772896270021647E-7
GOTERM_BP_ALL	GO:0046942~carboxylic acid transport	6	100.0	1.1363984314987443E-9	10497, 22999, 6844, 6616, 5864, 10815	6	275	16792	61.06181818181819	5.147883519462937E-7	3.67706053383543E-8	1.6137353675560462E-6
GOTERM_BP_ALL	GO:0045055~regulated exocytosis	6	100.0	1.4340032800095963E-9	10497, 22999, 6844, 6616, 5864, 10815	6	288	16792	58.30555555555556	6.4960326151553E-7	4.330689717946257E-8	2.036347224176893E-6
GOTERM_BP_ALL	GO:0015711~organic anion transport	6	100.0	2.8887233705339284E-9	10497, 22999, 6844, 6616, 5864, 10815	6	331	16792	50.73111782477341	1.3085908330268126E-6	8.178697719074535E-8	4.1021132601848365E-6
GOTERM_BP_ALL	GO:0006887~exocytosis	6	100.0	7.867981956801908E-9	10497, 22999, 6844, 6616, 5864, 10815	6	404	16792	41.56435643564356	3.5641894777782568E-6	2.0965855618282347E-7	1.1172877367737755E-5
GOTERM_BP_ALL	GO:0023061~signal release	6	100.0	9.225170511816218E-9	10497, 22999, 6844, 6616, 5864, 10815	6	417	16792	40.26858513189448	4.178993531223085E-6	2.3216676547921367E-7	1.3100144202748965E-5
GOTERM_BP_ALL	GO:0051656~establishment of organelle localization	6	100.0	9.563470174173079E-9	10497, 22999, 6844, 6616, 5864, 10815	6	420	16792	39.98095238095238	4.3322426039882345E-6	2.2801323651400196E-7	1.3580544366842418E-5
GOTERM_BP_ALL	GO:0006820~anion transport	6	100.0	1.6468957575557994E-8	10497, 22999, 6844, 6616, 5864, 10815	6	468	16792	35.88034188034188	7.460409993997885E-6	3.730218215425296E-7	2.3386636360811508E-5
GOTERM_BP_ALL	GO:0051640~organelle localization	6	100.0	2.0529679869211724E-8	10497, 22999, 6844, 6616, 5864, 10815	6	489	16792	34.33946830265849	9.29990182085838E-6	4.428544289059033E-7	2.9153037983675745E-5
GOTERM_CC_ALL	GO:0044456~synapse part	6	100.0	4.034509437191377E-8	10497, 22999, 6844, 6616, 5864, 10815	6	607	18224	30.023064250411863	4.6800200907970435E-6	2.3400127832085005E-6	4.602901624295441E-5
GOTERM_BP_ALL	GO:0017157~regulation of exocytosis	5	83.33333333333334	5.784785640404382E-8	10497, 22999, 6844, 5864, 10815	6	176	16792	79.50757575757576	2.6204736354284996E-5	1.191139277212372E-6	8.214645098592044E-5
GOTERM_BP_ALL	GO:0007268~chemical synaptic transmission	6	100.0	5.9254725616008634E-8	10497, 22999, 6844, 6616, 5864, 10815	6	604	16792	27.80132450331126	2.6842031225049467E-5	1.1670598180080205E-6	8.414426511116346E-5
GOTERM_BP_ALL	GO:0099536~synaptic signaling	6	100.0	5.9254725616008634E-8	10497, 22999, 6844, 6616, 5864, 10815	6	604	16792	27.80132450331126	2.6842031225049467E-5	1.1670598180080205E-6	8.414426511116346E-5
GOTERM_BP_ALL	GO:0099537~trans-synaptic signaling	6	100.0	5.9254725616008634E-8	10497, 22999, 6844, 6616, 5864, 10815	6	604	16792	27.80132450331126	2.6842031225049467E-5	1.1670598180080205E-6	8.414426511116346E-5
GOTERM_BP_ALL	GO:0098916~anterograde trans-synaptic signaling	6	100.0	5.9254725616008634E-8	10497, 22999, 6844, 6616, 5864, 10815	6	604	16792	27.80132450331126	2.6842031225049467E-5	1.1670598180080205E-6	8.414426511116346E-5
GOTERM_BP_ALL	GO:1903530~regulation of secretion by cell	6	100.0	7.320474627087474E-8	10497, 22999, 6844, 6616, 5864, 10815	6	630	16792	26.653968253968255	3.316120142693446E-5	1.3817386816938892E-6	1.0395388638784198E-4
GOTERM_BP_ALL	GO:0051046~regulation of secretion	6	100.0	1.0976841777986571E-7	10497, 22999, 6844, 6616, 5864, 10815	6	683	16792	24.585651537335284	4.972385972035198E-5	1.9890018616575134E-6	1.5587583402920657E-4
GOTERM_CC_ALL	GO:0045202~synapse	6	100.0	1.205010541917301E-7	10497, 22999, 6844, 6616, 5864, 10815	6	755	18224	24.13774834437086	1.397802544123028E-5	4.6593635233405095E-6	1.3747749892933925E-4
GOTERM_CC_ALL	GO:0070032~synaptobrevin 2-SNAP-25-syntaxin-1a-complexin I complex	3	50.0	3.612620345472655E-7	6844, 6616, 10815	6	4	18224	2278.0	4.190552551164295E-5	1.0476546013826749E-5	4.1215688146856166E-4
GOTERM_BP_ALL	GO:0050804~modulation of synaptic transmission	5	83.33333333333334	3.734671831973672E-7	10497, 22999, 6844, 6616, 5864	6	280	16792	49.97619047619048	1.6916635533004154E-4	6.506927505700588E-6	5.303384024823998E-4
GOTERM_BP_ALL	GO:0032940~secretion by cell	6	100.0	6.239206500924626E-7	10497, 22999, 6844, 6616, 5864, 10815	6	966	16792	17.38302277432712	2.8259620485493464E-4	1.0467950495307576E-5	8.859909218283946E-4
GOTERM_BP_ALL	GO:0046903~secretion	6	100.0	1.1852159573204276E-6	10497, 22999, 6844, 6616, 5864, 10815	6	1098	16792	15.293260473588342	5.367590401120781E-4	1.9174928544973824E-5	0.0016830452527427653
GOTERM_BP_ALL	GO:1902580~single-organism cellular localization	6	100.0	1.207002468249254E-6	10497, 22999, 6844, 6616, 5864, 10815	6	1102	16792	15.237749546279492	5.466229952555413E-4	1.8854044607552467E-5	0.0017139825612244586
GOTERM_CC_ALL	GO:0097458~neuron part	6	100.0	2.0792602287944833E-6	10497, 22999, 6844, 6616, 5864, 10815	6	1333	18224	13.671417854463616	2.4116535225071623E-4	4.823772398165893E-5	0.002372166647512941
GOTERM_BP_ALL	GO:0060627~regulation of vesicle-mediated transport	5	83.33333333333334	2.469299079160051E-6	10497, 22999, 6844, 5864, 10815	6	449	16792	31.165553080920567	0.0011179684710468374	3.7285767000350134E-5	0.0035064553806196663
GOTERM_BP_ALL	GO:0050806~positive regulation of synaptic transmission	4	66.66666666666666	2.6356161249423494E-6	10497, 22999, 6844, 6616	6	109	16792	102.70336391437309	0.0011932232203288873	3.851331247106682E-5	0.003742624891178714
GOTERM_CC_ALL	GO:0044306~neuron projection terminus	4	66.66666666666666	3.118925951231461E-6	10497, 6844, 5864, 10815	6	125	18224	97.19466666666666	3.6173053428534274E-4	6.029751112479609E-5	0.003558271342263275
GOTERM_BP_ALL	GO:1903305~regulation of regulated secretory pathway	4	66.66666666666666	3.522325751844092E-6	10497, 22999, 6844, 5864	6	120	16792	93.28888888888888	0.0015943440567208755	4.98617686022218E-5	0.005001740108523389
GOTERM_BP_ALL	GO:0006811~ion transport	6	100.0	4.904021636234188E-6	10497, 22999, 6844, 6616, 5864, 10815	6	1458	16792	11.517146776406035	0.002219061483023199	6.73167416543885E-5	0.006963699485118546
GOTERM_BP_ALL	GO:0016192~vesicle-mediated transport	6	100.0	5.541019355722711E-6	10497, 22999, 6844, 6616, 5864, 10815	6	1494	16792	11.23962516733601	0.0025069410838263195	7.382341381045876E-5	0.007868201706706657
GOTERM_BP_ALL	GO:0048167~regulation of synaptic plasticity	4	66.66666666666666	5.603521512700681E-6	10497, 6844, 6616, 5864	6	140	16792	79.96190476190476	0.002535183338284175	7.252315170480639E-5	0.007956950970844368
GOTERM_BP_ALL	GO:0007267~cell-cell signaling	6	100.0	5.981481242126087E-6	10497, 22999, 6844, 6616, 5864, 10815	6	1517	16792	11.069215557020435	0.0027059514020336684	7.526436489679877E-5	0.008493629254402446
GOTERM_MF_ALL	GO:0017075~syntaxin-1 binding	3	50.0	1.0718332532068773E-5	6844, 6616, 10815	6	18	16881	468.91666666666663	6.964527124447839E-4	6.964527124447839E-4	0.010923559521325288
GOTERM_BP_ALL	GO:0051049~regulation of transport	6	100.0	1.3927015080686868E-5	10497, 22999, 6844, 6616, 5864, 10815	6	1796	16792	9.34966592427617	0.006289121925935781	1.7049848413841495E-4	0.019775151796730395
GOTERM_BP_ALL	GO:0061025~membrane fusion	4	66.66666666666666	1.4246082901315208E-5	22999, 6844, 6616, 5864	6	191	16792	58.610820244328096	0.006432742276896164	1.6981509355085134E-4	0.02022815779170184
GOTERM_BP_ALL	GO:0015031~protein transport	6	100.0	1.6594892608980572E-5	10497, 22999, 6844, 6616, 5864, 10815	6	1860	16792	9.027956989247311	0.007489362633388508	1.927390831408804E-4	0.023562891267925323
GOTERM_BP_ALL	GO:2000300~regulation of synaptic vesicle exocytosis	3	50.0	2.1221787161212435E-5	10497, 22999, 5864	6	25	16792	335.84	0.009567508940648062	2.4031041065120107E-4	0.030131643823649856
GOTERM_BP_ALL	GO:0051649~establishment of localization in cell	6	100.0	2.4102736390760883E-5	10497, 22999, 6844, 6616, 5864, 10815	6	2004	16792	8.379241516966067	0.010859278838721509	2.6627359582998E-4	0.03422149386060891
GOTERM_BP_ALL	GO:0045184~establishment of protein localization	6	100.0	2.5143607526545015E-5	10497, 22999, 6844, 6616, 5864, 10815	6	2021	16792	8.308758040573974	0.01132557469485762	2.7115840623292975E-4	0.035699095970465056
GOTERM_BP_ALL	GO:0050803~regulation of synapse structure or activity	4	66.66666666666666	2.718780549951416E-5	10497, 6844, 6616, 5864	6	237	16792	47.23488045007032	0.0122407088115708	2.863832476923678E-4	0.038600943883049244
GOTERM_CC_ALL	GO:0044463~cell projection part	5	83.33333333333334	3.5471627720683456E-5	10497, 6844, 6616, 5864, 10815	6	952	18224	15.952380952380954	0.004106327680009847	5.876532348808583E-4	0.04046150131293835
GOTERM_CC_ALL	GO:0043005~neuron projection	5	83.33333333333334	3.758399541915981E-5	10497, 6844, 6616, 5864, 10815	6	966	18224	15.721187025534853	0.0043503351571563265	5.448297012384806E-4	0.04287054923564071
GOTERM_BP_ALL	GO:1902803~regulation of synaptic vesicle transport	3	50.0	4.203972687005792E-5	10497, 22999, 5864	6	35	16792	239.8857142857143	0.018864197803754923	4.3273353894923705E-4	0.05968168634301607
GOTERM_BP_ALL	GO:0008104~protein localization	6	100.0	6.561882169504E-5	10497, 22999, 6844, 6616, 5864, 10815	6	2448	16792	6.859477124183007	0.02928882065263494	6.603663407972471E-4	0.0931412463920811
GOTERM_BP_ALL	GO:0032879~regulation of localization	6	100.0	6.904144913973334E-5	10497, 22999, 6844, 6616, 5864, 10815	6	2473	16792	6.790133441164578	0.030792795069044754	6.797005547757307E-4	0.09799720885178553
GOTERM_BP_ALL	GO:0051641~cellular localization	6	100.0	7.907873156488273E-5	10497, 22999, 6844, 6616, 5864, 10815	6	2541	16792	6.6084218811491535	0.035189993881713844	7.619240963764318E-4	0.1122366600677438
GOTERM_CC_ALL	GO:0031201~SNARE complex	3	50.0	8.891285834089508E-5	6844, 6616, 10815	6	55	18224	165.67272727272726	0.010261339617201992	0.0011453824497167364	0.10139222765255251
GOTERM_BP_ALL	GO:0046928~regulation of neurotransmitter secretion	3	50.0	8.991338260216106E-5	10497, 22999, 5864	6	51	16792	164.62745098039215	0.03991417123090557	8.482357434300702E-4	0.12760518560215317
GOTERM_BP_ALL	GO:0071702~organic substance transport	6	100.0	9.887098163720984E-5	10497, 22999, 6844, 6616, 5864, 10815	6	2657	16792	6.319909672563041	0.04380247290369632	9.136796662643221E-4	0.14030952697215993
GOTERM_CC_ALL	GO:0043195~terminal bouton	3	50.0	1.168310857523281E-4	10497, 5864, 10815	6	63	18224	144.63492063492063	0.013461766623574123	0.0013544017369607753	0.13320956510251003
GOTERM_BP_ALL	GO:0033036~macromolecule localization	6	100.0	1.324763179841657E-4	10497, 22999, 6844, 6616, 5864, 10815	6	2817	16792	5.960951366702165	0.05825029670511994	0.001199594859496278	0.18795775661410996
GOTERM_BP_ALL	GO:0051588~regulation of neurotransmitter transport	3	50.0	1.3752908687744952E-4	10497, 22999, 5864	6	63	16792	133.26984126984127	0.06040369696967762	0.0012209199685531136	0.19512013282705354
GOTERM_BP_ALL	GO:0017158~regulation of calcium ion-dependent exocytosis	3	50.0	1.9513413432620705E-4	10497, 22999, 5864	6	75	16792	111.94666666666667	0.08460937156517545	0.0016986400691195724	0.27674239195479844
GOTERM_CC_ALL	GO:0005829~cytosol	6	100.0	2.2516316319018441E-4	10497, 22999, 6844, 6616, 5864, 10815	6	3399	18224	5.361576934392469	0.025783643309616133	0.002371897856299432	0.2565839733782216
GOTERM_MF_ALL	GO:0019905~syntaxin binding	3	50.0	2.843983860548219E-4	6844, 6616, 10815	6	91	16881	92.75274725274726	0.018318659964250306	0.009201665304311435	0.28947954496949535
GOTERM_BP_ALL	GO:0044765~single-organism transport	6	100.0	3.47078556057426E-4	10497, 22999, 6844, 6616, 5864, 10815	6	3415	16792	4.917130307467057	0.1455129035111571	0.002962656931308927	0.49173924271718183
GOTERM_CC_ALL	GO:0043679~axon terminus	3	50.0	3.764727614634466E-4	10497, 5864, 10815	6	113	18224	80.63716814159292	0.042738871147563806	0.0036333054174061408	0.42867075643874264
GOTERM_BP_ALL	GO:0065008~regulation of biological quality	6	100.0	4.201844833422762E-4	10497, 22999, 6844, 6616, 5864, 10815	6	3548	16792	4.732807215332581	0.17335800348928465	0.003519413994537479	0.595028361450145
GOTERM_BP_ALL	GO:0006906~vesicle fusion	3	50.0	4.2745305025362987E-4	6844, 6616, 5864	6	111	16792	75.63963963963964	0.17607652930920892	0.0035152185341630338	0.6052924473408994
GOTERM_BP_ALL	GO:1902578~single-organism localization	6	100.0	4.607709269339401E-4	10497, 22999, 6844, 6616, 5864, 10815	6	3614	16792	4.646375207526287	0.1884240731824508	0.0037212256732641613	0.6523286675907181
GOTERM_BP_ALL	GO:0090174~organelle membrane fusion	3	50.0	4.667335841263407E-4	6844, 6616, 5864	6	116	16792	72.37931034482759	0.19061426412551563	0.0037032954699676157	0.6607442134473951
GOTERM_CC_ALL	GO:0008021~synaptic vesicle	3	50.0	4.752715629011005E-4	6844, 6616, 5864	6	127	18224	71.74803149606299	0.05365171021310089	0.004232908700862126	0.540889958948576
GOTERM_CC_ALL	GO:0042995~cell projection	5	83.33333333333334	4.824203049982511E-4	10497, 6844, 6616, 5864, 10815	6	1846	18224	8.226796677500904	0.054436523751468346	0.003990179281980644	0.5490052768682419
GOTERM_MF_ALL	GO:0000149~SNARE binding	3	50.0	5.532978456841447E-4	6844, 6616, 10815	6	127	16881	66.46062992125985	0.03533492762084045	0.011919826949409074	0.5624879216418632
GOTERM_CC_ALL	GO:0070382~exocytic vesicle	3	50.0	5.853894958822996E-4	6844, 6616, 5864	6	141	18224	64.62411347517731	0.0656695147783708	0.004518100189271346	0.6658298512654093
GOTERM_BP_ALL	GO:0044801~single-organism membrane fusion	3	50.0	8.419607666414697E-4	6844, 6616, 5864	6	156	16792	53.82051282051282	0.3172106480408833	0.00655718108690484	1.1889995391109243
GOTERM_BP_ALL	GO:0048284~organelle fusion	3	50.0	9.187013019163689E-4	6844, 6616, 5864	6	163	16792	51.509202453987726	0.3405591339522298	0.007032157437403486	1.2967148625184222
GOTERM_CC_ALL	GO:0060203~clathrin-sculpted glutamate transport vesicle membrane	2	33.33333333333333	0.0010970926051715629	6844, 5864	6	4	18224	1518.6666666666665	0.11955921318452323	0.007926704342690272	1.2445320618252764
GOTERM_CC_ALL	GO:0060199~clathrin-sculpted glutamate transport vesicle	2	33.33333333333333	0.0010970926051715629	6844, 5864	6	4	18224	1518.6666666666665	0.11955921318452323	0.007926704342690272	1.2445320618252764
GOTERM_BP_ALL	GO:0060341~regulation of cellular localization	4	66.66666666666666	0.001132110970815013	10497, 22999, 6844, 5864	6	834	16792	13.422861710631494	0.4013850976356763	0.008515813095436697	1.595689523749666
GOTERM_CC_ALL	GO:0070083~clathrin-sculpted monoamine transport vesicle membrane	2	33.33333333333333	0.001371215247164963	6844, 5864	6	5	18224	1214.9333333333332	0.1471487420297346	0.009319252425396218	1.5532797088809724
GOTERM_CC_ALL	GO:0070081~clathrin-sculpted monoamine transport vesicle	2	33.33333333333333	0.001371215247164963	6844, 5864	6	5	18224	1214.9333333333332	0.1471487420297346	0.009319252425396218	1.5532797088809724
GOTERM_CC_ALL	GO:0033267~axon part	3	50.0	0.0013909950312782594	10497, 5864, 10815	6	218	18224	41.79816513761468	0.14910602773188342	0.008930316285955309	1.5755238171246577
GOTERM_BP_ALL	GO:0006810~transport	6	100.0	0.0016487011532590578	10497, 22999, 6844, 6616, 5864, 10815	6	4663	16792	3.6011151619129316	0.5264406238414561	0.012178965989897872	2.315920930442572
GOTERM_BP_ALL	GO:0051234~establishment of localization	6	100.0	0.0018858934014746405	10497, 22999, 6844, 6616, 5864, 10815	6	4790	16792	3.505636743215031	0.5747662637710222	0.013697521683669667	2.6449707792602695
GOTERM_BP_ALL	GO:0061024~membrane organization	4	66.66666666666666	0.002077816165336205	22999, 6844, 6616, 5864	6	1027	16792	10.900357026939306	0.6102422756675605	0.014844745050858754	2.9104651362100387
GOTERM_BP_ALL	GO:0098828~modulation of inhibitory postsynaptic potential	2	33.33333333333333	0.0020828367109181414	10497, 22999	6	7	16792	799.6190476190476	0.6111295409074939	0.014649588284255555	2.917401213714099
GOTERM_BP_ALL	GO:0097151~positive regulation of inhibitory postsynaptic potential	2	33.33333333333333	0.0020828367109181414	10497, 22999	6	7	16792	799.6190476190476	0.6111295409074939	0.014649588284255555	2.917401213714099
GOTERM_CC_ALL	GO:0061202~clathrin-sculpted gamma-aminobutyric acid transport vesicle membrane	2	33.33333333333333	0.0021932221093504995	6844, 5864	6	8	18224	759.3333333333333	0.22484569500872587	0.013315457883148585	2.473843718655544
GOTERM_CC_ALL	GO:0061200~clathrin-sculpted gamma-aminobutyric acid transport vesicle	2	33.33333333333333	0.0021932221093504995	6844, 5864	6	8	18224	759.3333333333333	0.22484569500872587	0.013315457883148585	2.473843718655544
GOTERM_BP_ALL	GO:0016082~synaptic vesicle priming	2	33.33333333333333	0.002380101281454746	10497, 6616	6	8	16792	699.6666666666666	0.6602247861895034	0.01647010630413248	3.3272636136039813
GOTERM_BP_ALL	GO:0016081~synaptic vesicle docking	2	33.33333333333333	0.002380101281454746	10497, 6616	6	8	16792	699.6666666666666	0.6602247861895034	0.01647010630413248	3.3272636136039813
GOTERM_BP_ALL	GO:0016050~vesicle organization	3	50.0	0.0029700637624525904	6844, 6616, 5864	6	295	16792	28.461016949152544	0.7400954599468981	0.02020877991432002	4.13593233623738
GOTERM_BP_ALL	GO:0046879~hormone secretion	3	50.0	0.0029700637624525904	6844, 6616, 10815	6	295	16792	28.461016949152544	0.7400954599468981	0.02020877991432002	4.13593233623738
GOTERM_BP_ALL	GO:0009914~hormone transport	3	50.0	0.0031918577874341953	6844, 6616, 10815	6	306	16792	27.437908496732028	0.7650127618017014	0.02138334851683743	4.438318317546674
GOTERM_CC_ALL	GO:0060198~clathrin-sculpted vesicle	2	33.33333333333333	0.0032883891466092014	6844, 5864	6	12	18224	506.22222222222223	0.3175607060956497	0.01892275862096493	3.688117831720583
GOTERM_MF_ALL	GO:0051020~GTPase binding	3	50.0	0.003365058465251709	10497, 22999, 5864	6	316	16881	26.71044303797468	0.1967567187929763	0.053301311685639785	3.3771013022423246
GOTERM_CC_ALL	GO:0030133~transport vesicle	3	50.0	0.0034606357519042755	6844, 6616, 5864	6	346	18224	26.33526011560694	0.331106190671822	0.01896686752730803	3.877837127545347
GOTERM_CC_ALL	GO:0030054~cell junction	4	66.66666666666666	0.003848999339763597	10497, 22999, 6844, 6616	6	1379	18224	8.81024897268552	0.3606769474536945	0.020128542259755133	4.304345897916706
GOTERM_BP_ALL	GO:0048172~regulation of short-term neuronal synaptic plasticity	2	33.33333333333333	0.004162201408206795	10497, 5864	6	14	16792	399.8095238095238	0.8488393390482518	0.027403005316955387	5.750854278493744
GOTERM_BP_ALL	GO:0060080~inhibitory postsynaptic potential	2	33.33333333333333	0.004458970331371067	10497, 22999	6	15	16792	373.1555555555555	0.8679309463247763	0.028913343834702454	6.148920115695466
GOTERM_BP_ALL	GO:0010646~regulation of cell communication	5	83.33333333333334	0.004471930327420263	10497, 22999, 6844, 6616, 5864	6	3020	16792	4.63355408388521	0.8687074935397574	0.028588081352097228	6.166268113769046
GOTERM_BP_ALL	GO:0023051~regulation of signaling	5	83.33333333333334	0.0047623869883071076	10497, 22999, 6844, 6616, 5864	6	3070	16792	4.5580890336590665	0.8849645306192684	0.029998784594177152	6.554286576987511
GOTERM_CC_ALL	GO:0030424~axon	3	50.0	0.005013083433948821	10497, 5864, 10815	6	418	18224	21.799043062200955	0.44176773987593754	0.02502842646445258	5.572443872331223
GOTERM_BP_ALL	GO:0051179~localization	6	100.0	0.005223203784196839	10497, 22999, 6844, 6616, 5864, 10815	6	5872	16792	2.8596730245231607	0.9067351754770523	0.0324118831199971	7.166828547424031
GOTERM_BP_ALL	GO:0006461~protein complex assembly	4	66.66666666666666	0.005568933210780839	10497, 22999, 6844, 6616	6	1445	16792	7.74717416378316	0.9203232441599161	0.03406089463074402	7.623937405525916
GOTERM_BP_ALL	GO:0070271~protein complex biogenesis	4	66.66666666666666	0.00557998073375551	10497, 22999, 6844, 6616	6	1446	16792	7.741816505301982	0.9207232166613637	0.03367415568566556	7.6385094179672315
GOTERM_CC_ALL	GO:0099503~secretory vesicle	3	50.0	0.006224883785557023	6844, 6616, 5864	6	467	18224	19.511777301927197	0.5153572909848216	0.0297300745949185	6.87621850318828
GOTERM_BP_ALL	GO:0010647~positive regulation of cell communication	4	66.66666666666666	0.006868671088673982	10497, 22999, 6844, 6616	6	1555	16792	7.199142550911039	0.9559417717844956	0.04077528437481881	9.32374403031464
GOTERM_BP_ALL	GO:0044700~single organism signaling	6	100.0	0.00689374793664431	10497, 22999, 6844, 6616, 5864, 10815	6	6207	16792	2.7053326888996296	0.956442861514744	0.04039415179029704	9.356251949255178
GOTERM_BP_ALL	GO:0023056~positive regulation of signaling	4	66.66666666666666	0.00696997053167666	10497, 22999, 6844, 6616	6	1563	16792	7.162294732352313	0.9579313103904257	0.040313606344624664	9.454995235984509
GOTERM_MF_ALL	GO:0030742~GTP-dependent protein binding	2	33.33333333333333	0.007089237115864675	10497, 5864	6	24	16881	234.45833333333331	0.3702557755867345	0.08834012906425037	6.994416248710211
GOTERM_BP_ALL	GO:0023052~signaling	6	100.0	0.007193235279502201	10497, 22999, 6844, 6616, 5864, 10815	6	6260	16792	2.6824281150159743	0.9620054212863782	0.041060290621201756	9.743650588572406
GOTERM_BP_ALL	GO:0007154~cell communication	6	100.0	0.007279858023939785	10497, 22999, 6844, 6616, 5864, 10815	6	6275	16792	2.67601593625498	0.9634779076212923	0.04103114644306627	9.85541321385055
GOTERM_BP_ALL	GO:0009306~protein secretion	3	50.0	0.007360561470995778	10497, 6616, 10815	6	469	16792	17.901918976545844	0.9647984858934582	0.04097038867986558	9.959422853276735
GOTERM_BP_ALL	GO:0010817~regulation of hormone levels	3	50.0	0.007544829374972157	6844, 6616, 10815	6	475	16792	17.675789473684212	0.9676378683617551	0.04147069170003337	10.196487125564824
GOTERM_CC_ALL	GO:0048786~presynaptic active zone	2	33.33333333333333	0.008204747278555453	10497, 22999	6	30	18224	202.48888888888888	0.6154481351785979	0.03750563213411684	8.97105711960493
GOTERM_BP_ALL	GO:0071822~protein complex subunit organization	4	66.66666666666666	0.008473435334181843	10497, 22999, 6844, 6616	6	1674	16792	6.687375547590601	0.9788226096201074	0.04592215670847355	11.38235278433487
GOTERM_BP_ALL	GO:0065003~macromolecular complex assembly	4	66.66666666666666	0.00900110615936734	10497, 22999, 6844, 6616	6	1710	16792	6.546588693957115	0.9833602849588697	0.048151077302642564	12.049706073858047
GOTERM_BP_ALL	GO:0006904~vesicle docking involved in exocytosis	2	33.33333333333333	0.0103795068261679	10497, 6616	6	35	16792	159.92380952380952	0.991142480836982	0.054713970839728954	13.771014012055826
GOTERM_MF_ALL	GO:0005484~SNAP receptor activity	2	33.33333333333333	0.011499553369670502	6844, 6616	6	39	16881	144.28205128205127	0.5284838831622309	0.11776810018468475	11.119930870231421
GOTERM_BP_ALL	GO:1903307~positive regulation of regulated secretory pathway	2	33.33333333333333	0.012739819387609479	10497, 5864	6	43	16792	130.1705426356589	0.9969972148869773	0.0660495950276132	16.645973328720864
GOTERM_BP_ALL	GO:0060291~long-term synaptic potentiation	2	33.33333333333333	0.013918285606702933	6844, 6616	6	47	16792	119.09219858156028	0.9982519809232882	0.07116925306710631	18.0478033188203
GOTERM_BP_ALL	GO:0048168~regulation of neuronal synaptic plasticity	2	33.33333333333333	0.014212726250089442	10497, 5864	6	48	16792	116.6111111111111	0.998473162299848	0.07182513580537397	18.39461318141079
GOTERM_BP_ALL	GO:0003008~system process	4	66.66666666666666	0.014283058566686338	10497, 22999, 6616, 5864	6	2014	16792	5.558424362793777	0.9985217223092939	0.07137977838021381	18.47725269355579
GOTERM_BP_ALL	GO:0048278~vesicle docking	2	33.33333333333333	0.016859528279229947	10497, 6616	6	57	16792	98.19883040935672	0.999548294620845	0.08290546796627785	21.451493211131368
GOTERM_MF_ALL	GO:0048306~calcium-dependent protein binding	2	33.33333333333333	0.017063441531746427	6844, 6616	6	58	16881	97.01724137931033	0.6732942873031116	0.14769739004489113	16.08879409900511
GOTERM_CC_ALL	GO:0042734~presynaptic membrane	2	33.33333333333333	0.017167675509723264	22999, 6616	6	63	18224	96.42328042328042	0.8658427750365973	0.07435023575557576	17.92722352093641
GOTERM_CC_ALL	GO:0044444~cytoplasmic part	6	100.0	0.017227627578024717	10497, 22999, 6844, 6616, 5864, 10815	6	8090	18224	2.2526576019777504	0.8667887385464643	0.07194099216215621	17.98432232919972
GOTERM_BP_ALL	GO:0007399~nervous system development	4	66.66666666666666	0.017597168293647825	10497, 22999, 6616, 5864	6	2170	16792	5.158832565284178	0.9996784923235996	0.08548461731134904	22.284251773312704
GOTERM_BP_ALL	GO:0051223~regulation of protein transport	3	50.0	0.018021735808128544	10497, 6844, 6616	6	746	16792	11.254691689008043	0.9997356682483938	0.08655382887013285	22.75983825730945
GOTERM_BP_ALL	GO:0099565~chemical synaptic transmission, postsynaptic	2	33.33333333333333	0.01950064200205216	10497, 22999	6	66	16792	84.8080808080808	0.9998664533251063	0.09241498630088041	24.395417644765015
GOTERM_BP_ALL	GO:0022406~membrane docking	2	33.33333333333333	0.02067264684719837	10497, 6616	6	70	16792	79.96190476190476	0.9999223159612579	0.09674573830618827	25.668653213907078
GOTERM_BP_ALL	GO:0051128~regulation of cellular component organization	4	66.66666666666666	0.02126704234095654	10497, 22999, 6616, 5864	6	2323	16792	4.8190558186253405	0.9999409950497202	0.09840924122232808	26.306743851342684
GOTERM_BP_ALL	GO:0070201~regulation of establishment of protein localization	3	50.0	0.021581473350121668	10497, 6844, 6616	6	820	16792	10.239024390243902	0.9999489877564848	0.09880738217178053	26.64222641172764
GOTERM_CC_ALL	GO:0030665~clathrin-coated vesicle membrane	2	33.33333333333333	0.02202916142132487	6844, 5864	6	81	18224	74.99588477366255	0.9245246758309048	0.08815377039443817	22.44140898344078
GOTERM_BP_ALL	GO:0045921~positive regulation of exocytosis	2	33.33333333333333	0.02242855249094932	10497, 5864	6	76	16792	73.64912280701755	0.9999655432507015	0.10150994595714491	27.538967673400073
GOTERM_BP_ALL	GO:0044802~single-organism membrane organization	3	50.0	0.023937422465216646	6844, 6616, 5864	6	866	16792	9.695150115473442	0.9999828848405373	0.10698326532378344	29.11110492085598
GOTERM_CC_ALL	GO:0008076~voltage-gated potassium channel complex	2	33.33333333333333	0.024452679586497703	6844, 6616	6	90	18224	67.4962962962963	0.9434011663496943	0.09428124389668291	24.606108544547023
GOTERM_BP_ALL	GO:0060078~regulation of postsynaptic membrane potential	2	33.33333333333333	0.024473924855479466	10497, 22999	6	83	16792	67.43775100401606	0.9999866582231396	0.10822091540509482	29.66241890071448
GOTERM_CC_ALL	GO:0005886~plasma membrane	5	83.33333333333334	0.02450262227259594	10497, 22999, 6844, 6616, 5864	6	5141	18224	2.954029695908708	0.9437362947289153	0.09146650250094257	24.65013209403346
GOTERM_BP_ALL	GO:0048522~positive regulation of cellular process	5	83.33333333333334	0.024635168891014497	10497, 22999, 6844, 6616, 5864	6	4744	16792	2.949690837549185	0.9999876207958306	0.10786364046352415	29.82733390655471
GOTERM_CC_ALL	GO:0034705~potassium channel complex	2	33.33333333333333	0.024721662523611666	6844, 6616	6	91	18224	66.75457875457874	0.9451830282325527	0.08941636687937293	24.842935146714616
GOTERM_BP_ALL	GO:0043933~macromolecular complex subunit organization	4	66.66666666666666	0.02494506557334676	10497, 22999, 6844, 6616	6	2461	16792	4.548828389543545	0.9999892804818938	0.10812959565072544	30.143277096290877
GOTERM_CC_ALL	GO:0071944~cell periphery	5	83.33333333333334	0.02659584501523951	10497, 22999, 6844, 6616, 5864	6	5256	18224	2.8893962455606297	0.9561458496332709	0.09309283213286823	26.474315135103677
GOTERM_BP_ALL	GO:0051050~positive regulation of transport	3	50.0	0.02683973349326804	10497, 6844, 5864	6	920	16792	9.126086956521739	0.9999955586090399	0.11487391724829765	32.04633653818232
GOTERM_BP_ALL	GO:0032880~regulation of protein localization	3	50.0	0.0291970572359982	10497, 6844, 6616	6	962	16792	8.727650727650728	0.9999985195930728	0.12330834303012428	34.346818785167066
GOTERM_BP_ALL	GO:0022607~cellular component assembly	4	66.66666666666666	0.02956554562224958	10497, 22999, 6844, 6616	6	2618	16792	4.276037687802393	0.999998753501006	0.12365195792848283	34.69980886159523
GOTERM_CC_ALL	GO:0098796~membrane protein complex	3	50.0	0.030795141715899112	6844, 6616, 10815	6	1074	18224	8.48417132216015	0.9734412541722934	0.10412232545038691	30.01294632130065
GOTERM_BP_ALL	GO:0048518~positive regulation of biological process	5	83.33333333333334	0.03668627465224708	10497, 22999, 6844, 6616, 5864	6	5285	16792	2.6477451907915484	0.9999999556605883	0.15024044433196815	41.1840744783709
GOTERM_CC_ALL	GO:0016023~cytoplasmic, membrane-bounded vesicle	3	50.0	0.03690813616116324	6844, 6616, 5864	6	1183	18224	7.702451394759088	0.9872516252660757	0.12041445629088332	34.88699314135211
GOTERM_CC_ALL	GO:0016020~membrane	6	100.0	0.037711642898680536	10497, 22999, 6844, 6616, 5864, 10815	6	9462	18224	1.926019868949482	0.9884280427266553	0.11962284124339961	35.50407918768194
GOTERM_CC_ALL	GO:0030662~coated vesicle membrane	2	33.33333333333333	0.0378293326034416	6844, 5864	6	140	18224	43.39047619047619	0.9885910651682375	0.11684977056942836	35.594014474403345
GOTERM_MF_ALL	GO:0017137~Rab GTPase binding	2	33.33333333333333	0.03906902382076753	10497, 22999	6	134	16881	41.99253731343283	0.9250118623898771	0.2766073847406144	33.380822172301826
GOTERM_BP_ALL	GO:0044085~cellular component biogenesis	4	66.66666666666666	0.03957612716175321	10497, 22999, 6844, 6616	6	2914	16792	3.8416838252116214	0.9999999886311953	0.15988228787837688	43.64062310077276
GOTERM_CC_ALL	GO:0030136~clathrin-coated vesicle	2	33.33333333333333	0.04207872718751738	6844, 5864	6	156	18224	38.94017094017094	0.9931725446021987	0.1260905089803248	38.76565235063411
GOTERM_CC_ALL	GO:0030658~transport vesicle membrane	2	33.33333333333333	0.04260884409678142	6844, 5864	6	158	18224	38.447257383966246	0.9935971738717632	0.1244661536173296	39.1511551394082
GOTERM_CC_ALL	GO:0031410~cytoplasmic vesicle	3	50.0	0.04298652746097171	6844, 6616, 5864	6	1284	18224	7.0965732087227416	0.9938836265390995	0.12250745439391997	39.42445560322593
GOTERM_CC_ALL	GO:0097708~intracellular vesicle	3	50.0	0.043110796175113375	6844, 6616, 5864	6	1286	18224	7.085536547433903	0.993975070917832	0.11996732301054269	39.51413416881145
GOTERM_BP_ALL	GO:0030182~neuron differentiation	3	50.0	0.04591555908134241	22999, 6616, 5864	6	1226	16792	6.848287112561174	0.9999999994339869	0.18198265154494842	48.699235523802784
GOTERM_CC_ALL	GO:0034703~cation channel complex	2	33.33333333333333	0.046577244572479914	6844, 6616	6	173	18224	35.11368015414258	0.9960452456262826	0.12623798867112523	41.96740742892502
GOTERM_BP_ALL	GO:0009749~response to glucose	2	33.33333333333333	0.0478937852092824	10497, 6844	6	164	16792	34.130081300813	0.9999999997789522	0.18761564108092676	50.189216672387026
GOTERM_BP_ALL	GO:0009746~response to hexose	2	33.33333333333333	0.04932457694121571	10497, 6844	6	169	16792	33.12031558185404	0.9999999998881549	0.1911694194697926	51.24169577918678
GOTERM_BP_ALL	GO:0050877~neurological system process	3	50.0	0.05029197933741727	22999, 6616, 5864	6	1288	16792	6.5186335403726705	0.9999999999294791	0.19301529755358293	51.941554842298075
GOTERM_BP_ALL	GO:0034284~response to monosaccharide	2	33.33333333333333	0.050753648038031986	10497, 6844	6	174	16792	32.16858237547892	0.9999999999434206	0.1930579472597581	52.2722431498198
GOTERM_BP_ALL	GO:0030030~cell projection organization	3	50.0	0.051230215436887355	22999, 6616, 5864	6	1301	16792	6.453497309761722	0.9999999999549326	0.1931523140747381	52.61138359119472
GOTERM_CC_ALL	GO:0005802~trans-Golgi network	2	33.33333333333333	0.05368719861523897	6844, 6616	6	200	18224	30.373333333333335	0.9983403100923939	0.14136187982131376	46.71755113171656
GOTERM_MF_ALL	GO:0005516~calmodulin binding	2	33.33333333333333	0.05474688478956636	10497, 6844	6	189	16881	29.772486772486772	0.9742588689646389	0.33410911597703186	43.66386806954904
GOTERM_BP_ALL	GO:0048699~generation of neurons	3	50.0	0.05535181536363882	22999, 6616, 5864	6	1357	16792	6.187177597641857	0.9999999999937288	0.2057149952951539	55.45237661155979
GOTERM_CC_ALL	GO:0005794~Golgi apparatus	3	50.0	0.05599420738407623	10497, 6844, 6616	6	1482	18224	6.148448043184885	0.9987495668738113	0.14396843620169675	48.1808623782015
GOTERM_BP_ALL	GO:0044707~single-multicellular organism process	5	83.33333333333334	0.056209788465872594	10497, 22999, 6844, 6616, 5864	6	5943	16792	2.3545908351562064	0.9999999999958449	0.20698841101562604	56.02349770653448
GOTERM_BP_ALL	GO:0009743~response to carbohydrate	2	33.33333333333333	0.05758928707041585	10497, 6844	6	198	16792	28.269360269360266	0.999999999997858	0.20997879841490652	56.927528309637296
GOTERM_BP_ALL	GO:0016043~cellular component organization	5	83.33333333333334	0.06206736710641253	10497, 22999, 6844, 6616, 5864	6	6109	16792	2.290609483276041	0.9999999999997524	0.22307251632922342	59.744500121418895
GOTERM_BP_ALL	GO:0022008~neurogenesis	3	50.0	0.06224093835584437	22999, 6616, 5864	6	1447	16792	5.8023496890117485	0.9999999999997723	0.221942675545029	59.85015819495069
GOTERM_CC_ALL	GO:0030135~coated vesicle	2	33.33333333333333	0.0641424357659857	6844, 5864	6	240	18224	25.31111111111111	0.9995425626989688	0.16034970500337586	53.060653993971954
GOTERM_BP_ALL	GO:0050808~synapse organization	2	33.33333333333333	0.06692393361770058	10497, 5864	6	231	16792	24.23088023088023	0.9999999999999765	0.23524031128854805	62.60539329570647
GOTERM_BP_ALL	GO:0071840~cellular component organization or biogenesis	5	83.33333333333334	0.06793610230273343	10497, 22999, 6844, 6616, 5864	6	6265	16792	2.2335727587124237	0.9999999999999856	0.23668726493334136	63.17731910251363
GOTERM_CC_ALL	GO:0012505~endomembrane system	4	66.66666666666666	0.0681932167890756	10497, 6844, 6616, 5864	6	3878	18224	3.1328863675434073	0.999723432817849	0.16645528314595648	55.32710608318615
GOTERM_BP_ALL	GO:0030072~peptide hormone secretion	2	33.33333333333333	0.06973796158410749	6616, 10815	6	241	16792	23.225449515905947	0.999999999999994	0.24056767474600727	64.17538483300076
GOTERM_CC_ALL	GO:0005737~cytoplasm	6	100.0	0.07222758192220044	10497, 22999, 6844, 6616, 5864, 10815	6	10775	18224	1.691322505800464	0.9998328104882124	0.17225636771776798	57.484707505326284
GOTERM_BP_ALL	GO:0002790~peptide secretion	2	33.33333333333333	0.07226477798276534	6616, 10815	6	250	16792	22.38933333333333	0.9999999999999982	0.246599731799377	65.53270390388984
GOTERM_BP_ALL	GO:0046883~regulation of hormone secretion	2	33.33333333333333	0.07338604354042545	6844, 6616	6	254	16792	22.036745406824146	0.999999999999999	0.24824588876985332	66.11956074978005
GOTERM_CC_ALL	GO:0097060~synaptic membrane	2	33.33333333333333	0.07347294514569062	22999, 6616	6	276	18224	22.00966183574879	0.9998569327523896	0.17167077671634157	58.13126777123352
GOTERM_BP_ALL	GO:1902589~single-organism organelle organization	3	50.0	0.07567795730595835	6844, 6616, 5864	6	1612	16792	5.208436724565757	0.9999999999999997	0.2533827358377442	67.29033651081453
GOTERM_CC_ALL	GO:0034702~ion channel complex	2	33.33333333333333	0.07605150043314123	6844, 6616	6	286	18224	21.24009324009324	0.9998964522453434	0.17399610044282798	59.44156022419478
GOTERM_MF_ALL	GO:0017016~Ras GTPase binding	2	33.33333333333333	0.07718510432360512	10497, 22999	6	269	16881	20.9182156133829	0.994599316256107	0.4067402633542918	55.89895929404503
GOTERM_BP_ALL	GO:0015833~peptide transport	2	33.33333333333333	0.07730193852701378	6616, 10815	6	268	16792	20.88557213930348	0.9999999999999999	0.2564381597765739	68.09702544413774
GOTERM_CC_ALL	GO:0043234~protein complex	4	66.66666666666666	0.07977883643656586	6844, 6616, 5864, 10815	6	4118	18224	2.950299498138255	0.9999352116106655	0.178664960986068	61.269553789351626
GOTERM_CC_ALL	GO:0098791~Golgi subcompartment	2	33.33333333333333	0.08042186671131507	6844, 6616	6	303	18224	20.048404840484046	0.9999402577286876	0.17676157217358313	61.577201672139495
GOTERM_BP_ALL	GO:0042886~amide transport	2	33.33333333333333	0.08315094750606686	6616, 10815	6	289	16792	19.3679354094579	1.0	0.27177514458364194	70.85172418777206
GOTERM_MF_ALL	GO:0031267~small GTPase binding	2	33.33333333333333	0.08328029369334103	10497, 22999	6	291	16881	19.33676975945017	0.9964894361749104	0.4017916882157433	58.7792356444105
GOTERM_CC_ALL	GO:0031984~organelle subcompartment	2	33.33333333333333	0.08528680668217363	6844, 6616	6	322	18224	18.86542443064182	0.9999677110884102	0.18352625543145962	63.83349355979807
GOTERM_CC_ALL	GO:1902495~transmembrane transporter complex	2	33.33333333333333	0.08579770546409785	6844, 6616	6	324	18224	18.74897119341564	0.9999697373043804	0.1813573308677855	64.06328586527744
GOTERM_CC_ALL	GO:1990351~transporter complex	2	33.33333333333333	0.08732903225380331	6844, 6616	6	330	18224	18.408080808080808	0.9999750855475397	0.18127021244878105	64.74409029253798
GOTERM_MF_ALL	GO:0019899~enzyme binding	3	50.0	0.09031938084380318	10497, 22999, 5864	6	1789	16881	4.717998882057015	0.9978729326677276	0.4011540687836844	61.89366957979463
GOTERM_BP_ALL	GO:1903532~positive regulation of secretion by cell	2	33.33333333333333	0.09365945205287257	10497, 5864	6	327	16792	17.11722731906218	1.0	0.2997968348284541	75.25318168466507
GOTERM_CC_ALL	GO:0030141~secretory granule	2	33.33333333333333	0.09444811582428732	6844, 5864	6	358	18224	16.9683426443203	0.9999899550617558	0.19194026269207543	67.75727994554205
GOTERM_BP_ALL	GO:0050794~regulation of cellular process	6	100.0	0.09506110259779929	10497, 22999, 6844, 6616, 5864, 10815	6	10489	16792	1.600915244541901	1.0	0.30170988066577875	75.79113147901695
GOTERM_MF_ALL	GO:0060589~nucleoside-triphosphatase regulator activity	2	33.33333333333333	0.09755913762673968	22999, 5864	6	343	16881	16.40524781341108	0.9987346261028276	0.4014592006044245	64.87397250987748
