Category	Term	Count	%	PValue	Genes	List Total	Pop Hits	Pop Total	Fold Enrichment	Bonferroni	Benjamini	FDR
GOTERM_MF_ALL	GO:0008009~chemokine activity	3	100.0	8.254042586156914E-6	2920, 6347, 6348	3	49	16881	344.51020408163265	2.8059923080370197E-4	2.8059923080370197E-4	0.0072584308973722145
GOTERM_MF_ALL	GO:0042379~chemokine receptor binding	3	100.0	1.3707606437724484E-5	2920, 6347, 6348	3	63	16881	267.95238095238096	4.659532232489383E-4	2.330037569998611E-4	0.012053923703281288
GOTERM_BP_ALL	GO:0070098~chemokine-mediated signaling pathway	3	100.0	2.355699469199922E-5	2920, 6347, 6348	3	82	16792	204.78048780487805	0.016748718303502663	0.016748718303502663	0.035633567383219766
GOTERM_BP_ALL	GO:0002690~positive regulation of leukocyte chemotaxis	3	100.0	2.355699469199922E-5	2920, 6347, 6348	3	82	16792	204.78048780487805	0.016748718303502663	0.016748718303502663	0.035633567383219766
GOTERM_BP_ALL	GO:0030593~neutrophil chemotaxis	3	100.0	2.4727396415628366E-5	2920, 6347, 6348	3	84	16792	199.9047619047619	0.017573514971204518	0.00882570401124938	0.03740367023884472
GOTERM_BP_ALL	GO:1990266~neutrophil migration	3	100.0	3.10050056605602E-5	2920, 6347, 6348	3	94	16792	178.63829787234042	0.021985647498419136	0.007382922570153494	0.04689735873288914
GOTERM_BP_ALL	GO:0002688~regulation of leukocyte chemotaxis	3	100.0	3.511205170894139E-5	2920, 6347, 6348	3	100	16792	167.92	0.02486151586941654	0.006274180378657346	0.05310802808474735
GOTERM_BP_ALL	GO:0071621~granulocyte chemotaxis	3	100.0	3.726133487415615E-5	2920, 6347, 6348	3	103	16792	163.02912621359224	0.026363136422992484	0.005329124537268859	0.056358027461544946
GOTERM_BP_ALL	GO:0002687~positive regulation of leukocyte migration	3	100.0	4.175142148663653E-5	2920, 6347, 6348	3	109	16792	154.05504587155963	0.02949273847901812	0.004976972649618938	0.06314731165675269
GOTERM_BP_ALL	GO:0097530~granulocyte migration	3	100.0	4.568822728429929E-5	2920, 6347, 6348	3	114	16792	147.2982456140351	0.03222843615998039	0.004668953153137312	0.0690996472109906
GOTERM_BP_ALL	GO:0050921~positive regulation of chemotaxis	3	100.0	5.149767583977978E-5	2920, 6347, 6348	3	121	16792	138.77685950413223	0.03625137840339232	0.004604962541154056	0.07788275921358778
GOTERM_BP_ALL	GO:0002685~regulation of leukocyte migration	3	100.0	8.575852629515981E-5	2920, 6347, 6348	3	156	16792	107.64102564102564	0.05963906132200547	0.0068091011981871175	0.1296659380904619
GOTERM_BP_ALL	GO:0097529~myeloid leukocyte migration	3	100.0	8.909949121535547E-5	2920, 6347, 6348	3	159	16792	105.61006289308176	0.0618891700900156	0.0063683536710968935	0.13471426075822857
GOTERM_BP_ALL	GO:0050920~regulation of chemotaxis	3	100.0	1.2204097972776989E-4	2920, 6347, 6348	3	186	16792	90.27956989247312	0.08378911994042904	0.00792377844084391	0.18447732152555574
GOTERM_BP_ALL	GO:0030595~leukocyte chemotaxis	3	100.0	1.327944888976293E-4	2920, 6347, 6348	3	194	16792	86.55670103092784	0.090827079227215	0.007903598597113537	0.20071709608170396
GOTERM_MF_ALL	GO:0005125~cytokine activity	3	100.0	1.7217680159952744E-4	2920, 6347, 6348	3	222	16881	76.04054054054053	0.005837410995521375	0.0019496021435795319	0.15131196115841794
GOTERM_BP_ALL	GO:0060326~cell chemotaxis	3	100.0	2.2255366108446317E-4	2920, 6347, 6348	3	251	16792	66.90039840637449	0.14750568134832187	0.012201013087306034	0.33617371246924543
GOTERM_MF_ALL	GO:0001664~G-protein coupled receptor binding	3	100.0	2.3088859261415174E-4	2920, 6347, 6348	3	257	16881	65.68482490272373	0.007820379018545931	0.001960854645352783	0.20286248724584732
GOTERM_BP_ALL	GO:0032103~positive regulation of response to external stimulus	3	100.0	2.518917309568183E-4	2920, 6347, 6348	3	267	16792	62.891385767790254	0.16525510980959046	0.012819205077566176	0.38041089130049777
GOTERM_MF_ALL	GO:0005126~cytokine receptor binding	3	100.0	2.6059191593439377E-4	2920, 6347, 6348	3	273	16881	61.83516483516484	0.00882213435271284	0.001770686437918001	0.22893381446045247
GOTERM_BP_ALL	GO:0032496~response to lipopolysaccharide	3	100.0	3.2239956812595607E-4	2920, 6347, 6348	3	302	16792	55.60264900662252	0.20641748945530047	0.015295008901004215	0.48665060085333334
GOTERM_BP_ALL	GO:0002237~response to molecule of bacterial origin	3	100.0	3.530357199098947E-4	2920, 6347, 6348	3	316	16792	53.139240506329116	0.22366511810993817	0.01569867719282847	0.5327795186000905
GOTERM_BP_ALL	GO:0050900~leukocyte migration	3	100.0	5.000807364607384E-4	2920, 6347, 6348	3	376	16792	44.659574468085104	0.3013794785191697	0.020875932810726305	0.7539076947152834
GOTERM_BP_ALL	GO:0030335~positive regulation of cell migration	3	100.0	5.51968546208402E-4	2920, 6347, 6348	3	395	16792	42.51139240506329	0.32690628659687604	0.02175273853783488	0.8318275998356661
GOTERM_BP_ALL	GO:2000147~positive regulation of cell motility	3	100.0	5.918402315933452E-4	2920, 6347, 6348	3	409	16792	41.0562347188264	0.3458869408566517	0.022093085684386282	0.8916640727108183
GOTERM_BP_ALL	GO:0051272~positive regulation of cellular component movement	3	100.0	6.241433191656445E-4	2920, 6347, 6348	3	420	16792	39.98095238095238	0.36087196275732925	0.022133893432799034	0.9401174279355939
GOTERM_BP_ALL	GO:0040017~positive regulation of locomotion	3	100.0	6.301088212840588E-4	2920, 6347, 6348	3	422	16792	39.791469194312796	0.363601552796611	0.021290582667163882	0.9490630251172916
GOTERM_BP_ALL	GO:0043615~astrocyte cell migration	2	66.66666666666666	8.335813875932739E-4	6347, 6348	3	7	16792	1599.2380952380952	0.4500495523479463	0.026812492374706953	1.253729961132266
GOTERM_BP_ALL	GO:0009617~response to bacterium	3	100.0	0.0010476585028688318	2920, 6347, 6348	3	544	16792	30.867647058823525	0.528372078896794	0.032148618583958344	1.5733305503328188
GOTERM_BP_ALL	GO:0006935~chemotaxis	3	100.0	0.0010787273486240717	2920, 6347, 6348	3	552	16792	30.42028985507247	0.5387730135302995	0.031730066940815926	1.619633580450952
GOTERM_BP_ALL	GO:0042330~taxis	3	100.0	0.0010826428743900606	2920, 6347, 6348	3	553	16792	30.365280289330922	0.5400674579228866	0.0305893969798281	1.6254675871896995
GOTERM_BP_ALL	GO:0019221~cytokine-mediated signaling pathway	3	100.0	0.0010865654935002115	2920, 6347, 6348	3	554	16792	30.310469314079427	0.5413606096293946	0.02953546865932355	1.631311838809446
GOTERM_BP_ALL	GO:2000501~regulation of natural killer cell chemotaxis	2	66.66666666666666	0.001190724153603676	6347, 6348	3	10	16792	1119.4666666666665	0.5744010941889929	0.031143900184844253	1.7863777071698617
GOTERM_BP_ALL	GO:0035747~natural killer cell chemotaxis	2	66.66666666666666	0.0014287838641319174	6347, 6348	3	12	16792	932.8888888888888	0.6412647324084015	0.03595107631955652	2.139931617250035
GOTERM_BP_ALL	GO:0006954~inflammatory response	3	100.0	0.0014368702760553498	2920, 6347, 6348	3	637	16792	26.361067503924648	0.6433416133407741	0.03492641440673283	2.151920236828331
GOTERM_BP_ALL	GO:0030334~regulation of cell migration	3	100.0	0.0016617576472415653	2920, 6347, 6348	3	685	16792	24.513868613138687	0.696529631803475	0.038969414295254245	2.4847810777787305
GOTERM_BP_ALL	GO:0071345~cellular response to cytokine stimulus	3	100.0	0.001765284999705819	2920, 6347, 6348	3	706	16792	23.784702549575073	0.7182761181632649	0.04004168167611821	2.637658503554696
GOTERM_BP_ALL	GO:0032101~regulation of response to external stimulus	3	100.0	0.0018411483114267433	2920, 6347, 6348	3	721	16792	23.28987517337032	0.7332171069537707	0.04045038215994223	2.7495426824295954
GOTERM_BP_ALL	GO:2000145~regulation of cell motility	3	100.0	0.0019186076255000993	2920, 6347, 6348	3	736	16792	22.815217391304348	0.7476562455737438	0.04086759890280511	2.8636567680214053
GOTERM_BP_ALL	GO:0040012~regulation of locomotion	3	100.0	0.0020891883567156926	2920, 6347, 6348	3	768	16792	21.864583333333332	0.7767615915407663	0.04314496906879495	3.1145177793767354
GOTERM_BP_ALL	GO:0034097~response to cytokine	3	100.0	0.002278389115347193	2920, 6347, 6348	3	802	16792	20.93765586034913	0.8051390050794697	0.0456527505270109	3.392054170670278
GOTERM_BP_ALL	GO:0051270~regulation of cellular component movement	3	100.0	0.002278389115347193	2920, 6347, 6348	3	802	16792	20.93765586034913	0.8051390050794697	0.0456527505270109	3.392054170670278
GOTERM_BP_ALL	GO:0051707~response to other organism	3	100.0	0.0024344781452146818	2920, 6347, 6348	3	829	16792	20.255729794933657	0.8258170335586653	0.04738629671904948	3.6204602283080645
GOTERM_BP_ALL	GO:0043207~response to external biotic stimulus	3	100.0	0.0024344781452146818	2920, 6347, 6348	3	829	16792	20.255729794933657	0.8258170335586653	0.04738629671904948	3.6204602283080645
GOTERM_BP_ALL	GO:1901623~regulation of lymphocyte chemotaxis	2	66.66666666666666	0.0024997014413082317	6347, 6348	3	21	16792	533.0793650793651	0.8337944100635949	0.04734342702515282	3.7157524087562344
GOTERM_BP_ALL	GO:0033993~response to lipid	3	100.0	0.002620068391863646	2920, 6347, 6348	3	860	16792	19.525581395348837	0.8475706943609527	0.048296203301744556	3.891379283552465
GOTERM_BP_ALL	GO:0009607~response to biotic stimulus	3	100.0	0.0026999252561349385	2920, 6347, 6348	3	873	16792	19.234822451317296	0.8560752150131126	0.048489175888025926	4.007732938398057
GOTERM_BP_ALL	GO:0048246~macrophage chemotaxis	2	66.66666666666666	0.003094407383767818	6347, 6348	3	26	16792	430.56410256410254	0.8916219777957067	0.054038349128858854	4.580576776086421
GOTERM_BP_ALL	GO:0002684~positive regulation of immune system process	3	100.0	0.0032652080086185654	2920, 6347, 6348	3	960	16792	17.491666666666667	0.9041513275977962	0.05558987035204599	4.827611680707133
GOTERM_BP_ALL	GO:0072678~T cell migration	2	66.66666666666666	0.004402136242978933	6347, 6348	3	37	16792	302.55855855855856	0.9577140095773031	0.07255024030825585	6.4568321181031285
GOTERM_BP_ALL	GO:0071622~regulation of granulocyte chemotaxis	2	66.66666666666666	0.004520978124756273	2920, 6347	3	38	16792	294.5964912280702	0.961182765552315	0.07277182789475634	6.625620728377224
GOTERM_MF_ALL	GO:0048020~CCR chemokine receptor binding	2	66.66666666666666	0.004733581123318035	6347, 6348	3	40	16881	281.34999999999997	0.14898360070165761	0.02652906745736716	4.086772944951833
GOTERM_BP_ALL	GO:2000401~regulation of lymphocyte migration	2	66.66666666666666	0.0047586406077737495	6347, 6348	3	40	16792	279.8666666666666	0.9672904852652494	0.07478515322649248	6.96231490535264
GOTERM_BP_ALL	GO:0016477~cell migration	3	100.0	0.004967724009219131	2920, 6347, 6348	3	1184	16792	14.182432432432433	0.9718648245026464	0.0762831186364068	7.25758352309408
GOTERM_BP_ALL	GO:0008347~glial cell migration	2	66.66666666666666	0.004996274718073992	6347, 6348	3	42	16792	266.53968253968253	0.9724377457831855	0.07510208893878312	7.297834997755692
GOTERM_BP_ALL	GO:0007186~G-protein coupled receptor signaling pathway	3	100.0	0.005635165098808907	2920, 6347, 6348	3	1261	16792	13.316415543219668	0.9826096621596754	0.08259786798008317	8.194301916816338
GOTERM_BP_ALL	GO:0031663~lipopolysaccharide-mediated signaling pathway	2	66.66666666666666	0.00582777066244711	6347, 6348	3	49	16792	228.46258503401359	0.9848648402425241	0.08360425777029012	8.4629663759193
GOTERM_BP_ALL	GO:0051674~localization of cell	3	100.0	0.006268990832239702	2920, 6347, 6348	3	1330	16792	12.625563909774437	0.9889906979903703	0.0879137387711394	9.075656853950386
GOTERM_BP_ALL	GO:0048870~cell motility	3	100.0	0.006268990832239702	2920, 6347, 6348	3	1330	16792	12.625563909774437	0.9889906979903703	0.0879137387711394	9.075656853950386
GOTERM_CC_ALL	GO:0005615~extracellular space	3	100.0	0.006274367355130383	2920, 6347, 6348	3	1444	18224	12.62049861495845	0.21766420325493585	0.21766420325493585	5.563119799423877
GOTERM_BP_ALL	GO:0090280~positive regulation of calcium ion import	2	66.66666666666666	0.006421483536776945	6347, 6348	3	54	16792	207.30864197530863	0.9901378412761562	0.08824229991331378	9.286520318828085
GOTERM_BP_ALL	GO:0048247~lymphocyte chemotaxis	2	66.66666666666666	0.0066589190332945825	6347, 6348	3	56	16792	199.9047619047619	0.9916909682285445	0.08965319783841785	9.613931826975275
GOTERM_BP_ALL	GO:0002682~regulation of immune system process	3	100.0	0.006729831190912904	2920, 6347, 6348	3	1378	16792	12.185776487663281	0.9921055782020083	0.08890460315984672	9.711501866402205
GOTERM_BP_ALL	GO:0032760~positive regulation of tumor necrosis factor production	2	66.66666666666666	0.007015019077320036	6347, 6348	3	59	16792	189.74011299435028	0.9935745819385569	0.0908414049033347	10.102907532402439
GOTERM_BP_ALL	GO:0002548~monocyte chemotaxis	2	66.66666666666666	0.007252383640607927	6347, 6348	3	61	16792	183.51912568306008	0.9945867562715395	0.09212304525331816	10.427469247399412
GOTERM_BP_ALL	GO:1903557~positive regulation of tumor necrosis factor superfamily cytokine production	2	66.66666666666666	0.007252383640607927	6347, 6348	3	61	16792	183.51912568306008	0.9945867562715395	0.09212304525331816	10.427469247399412
GOTERM_MF_ALL	GO:0005102~receptor binding	3	100.0	0.007495955098327111	2920, 6347, 6348	3	1462	16881	11.546511627906977	0.2257206031509893	0.03588632421412985	6.40266509306564
GOTERM_BP_ALL	GO:1901700~response to oxygen-containing compound	3	100.0	0.007617151750996785	2920, 6347, 6348	3	1466	16792	11.454297407912687	0.9958406836974918	0.09487306284201602	10.924104544043523
GOTERM_BP_ALL	GO:0006952~defense response	3	100.0	0.00816729730785863	2920, 6347, 6348	3	1518	16792	11.061923583662713	0.9972052058664673	0.09967542645461469	11.668271184007374
GOTERM_BP_ALL	GO:0040011~locomotion	3	100.0	0.008296977818831779	2920, 6347, 6348	3	1530	16792	10.97516339869281	0.9974553178839692	0.09949775701291497	11.842838771243457
GOTERM_BP_ALL	GO:0006955~immune response	3	100.0	0.008526376556637096	2920, 6347, 6348	3	1551	16792	10.826563507414571	0.9978442653698	0.10044544884340456	12.150851817585862
GOTERM_BP_ALL	GO:0072676~lymphocyte migration	2	66.66666666666666	0.009505931865778193	6347, 6348	3	80	16792	139.9333333333333	0.9989388000277651	0.10959050284692806	13.454824136543008
GOTERM_BP_ALL	GO:0071347~cellular response to interleukin-1	2	66.66666666666666	0.010454028195369617	6347, 6348	3	88	16792	127.21212121212122	0.9994659348449157	0.11801763004329757	14.699684854085348
GOTERM_BP_ALL	GO:0006928~movement of cell or subcellular component	3	100.0	0.011421099219698574	2920, 6347, 6348	3	1795	16792	9.354874651810585	0.9997350714941713	0.1262991355427422	15.952216764863413
GOTERM_BP_ALL	GO:0032640~tumor necrosis factor production	2	66.66666666666666	0.011993716489400624	6347, 6348	3	101	16792	110.83828382838283	0.9998251322811936	0.13024177851602114	16.68574155372019
GOTERM_BP_ALL	GO:0090279~regulation of calcium ion import	2	66.66666666666666	0.012112104396886583	6347, 6348	3	102	16792	109.7516339869281	0.9998395295067178	0.12950119837395435	16.83664913805577
GOTERM_BP_ALL	GO:0032680~regulation of tumor necrosis factor production	2	66.66666666666666	0.012467225560396455	6347, 6348	3	105	16792	106.615873015873	0.9998759952274581	0.1311196512558751	17.28778774859745
GOTERM_BP_ALL	GO:0051928~positive regulation of calcium ion transport	2	66.66666666666666	0.012467225560396455	6347, 6348	3	105	16792	106.615873015873	0.9998759952274581	0.1311196512558751	17.28778774859745
GOTERM_BP_ALL	GO:1903555~regulation of tumor necrosis factor superfamily cytokine production	2	66.66666666666666	0.012822282883301549	6347, 6348	3	108	16792	103.65432098765432	0.9999041788270872	0.13268605239394515	17.736559510392414
GOTERM_BP_ALL	GO:0071706~tumor necrosis factor superfamily cytokine production	2	66.66666666666666	0.013177276366091851	6347, 6348	3	111	16792	100.85285285285285	0.999925960337943	0.13420289822520592	18.182976419211016
GOTERM_BP_ALL	GO:0070555~response to interleukin-1	2	66.66666666666666	0.013532206008530558	6347, 6348	3	114	16792	98.19883040935672	0.9999427932561922	0.13567252819830034	18.6270504112534
GOTERM_BP_ALL	GO:0050729~positive regulation of inflammatory response	2	66.66666666666666	0.013887071811160969	6347, 6348	3	117	16792	95.68091168091168	0.9999558012611657	0.1370971369264694	19.06879336532048
GOTERM_BP_ALL	GO:0048584~positive regulation of response to stimulus	3	100.0	0.014608280446734583	2920, 6347, 6348	3	2030	16792	8.27192118226601	0.9999738430328496	0.14180056752386905	19.959673900009335
GOTERM_BP_ALL	GO:0009605~response to external stimulus	3	100.0	0.015233863714656492	2920, 6347, 6348	3	2073	16792	8.100337674867342	0.9999834103626267	0.1455002192683178	20.72500613539381
GOTERM_BP_ALL	GO:0071346~cellular response to interferon-gamma	2	66.66666666666666	0.016014925985007034	6347, 6348	3	135	16792	82.92345679012344	0.9999906079115056	0.1504404358035656	21.670957173459826
GOTERM_BP_ALL	GO:0071310~cellular response to organic substance	3	100.0	0.01694035908120022	2920, 6347, 6348	3	2186	16792	7.681610247026532	0.9999952162946325	0.1564558086570741	22.778110586736886
GOTERM_BP_ALL	GO:0043491~protein kinase B signaling	2	66.66666666666666	0.016959901243735247	6347, 6348	3	143	16792	78.28438228438229	0.999995283994724	0.1546525165221868	22.80133174513933
GOTERM_BP_ALL	GO:0008360~regulation of cell shape	2	66.66666666666666	0.017196074124253218	6347, 6348	3	145	16792	77.20459770114942	0.9999960303259754	0.15470130087913492	23.081451246189065
GOTERM_BP_ALL	GO:0071222~cellular response to lipopolysaccharide	2	66.66666666666666	0.017668334766631353	6347, 6348	3	149	16792	75.13199105145414	0.9999971875228667	0.1566888289076862	23.638744718048756
GOTERM_BP_ALL	GO:0071219~cellular response to molecule of bacterial origin	2	66.66666666666666	0.018376512929488536	6347, 6348	3	155	16792	72.22365591397849	0.999998323039739	0.16052671759699788	24.467370908463405
GOTERM_BP_ALL	GO:0034341~response to interferon-gamma	2	66.66666666666666	0.0190844357319218	6347, 6348	3	161	16792	69.53209109730848	0.999999000286545	0.16425015315352165	25.287299394422302
GOTERM_BP_ALL	GO:0070509~calcium ion import	2	66.66666666666666	0.0190844357319218	6347, 6348	3	161	16792	69.53209109730848	0.999999000286545	0.16425015315352165	25.287299394422302
GOTERM_BP_ALL	GO:0051704~multi-organism process	3	100.0	0.019428455811993983	2920, 6347, 6348	3	2341	16792	7.173002990175139	0.9999992225936466	0.16502211033315717	25.682741213397442
GOTERM_BP_ALL	GO:0097305~response to alcohol	2	66.66666666666666	0.019674176333703	6347, 6348	3	166	16792	67.43775100401606	0.9999993504574769	0.16501518582844787	25.963992716076866
GOTERM_BP_ALL	GO:0071216~cellular response to biotic stimulus	2	66.66666666666666	0.020735262536244723	6347, 6348	3	175	16792	63.969523809523814	0.9999997011981309	0.1712142192880559	27.16713532474232
GOTERM_BP_ALL	GO:0070374~positive regulation of ERK1 and ERK2 cascade	2	66.66666666666666	0.020970981443545346	6347, 6348	3	177	16792	63.2467043314501	0.9999997485684474	0.1710588467729829	27.431921324532926
GOTERM_BP_ALL	GO:0002376~immune system process	3	100.0	0.02154163385741548	2920, 6347, 6348	3	2465	16792	6.812170385395538	0.999999834474223	0.17338508070403535	28.06922434862742
GOTERM_BP_ALL	GO:0032879~regulation of localization	3	100.0	0.021681713210381946	2920, 6347, 6348	3	2473	16792	6.790133441164578	0.9999998506232732	0.17251058895094284	28.224863562253276
GOTERM_BP_ALL	GO:0043523~regulation of neuron apoptotic process	2	66.66666666666666	0.022855711259954222	6347, 6348	3	193	16792	58.0034542314335	0.9999999368480952	0.17909988797592424	29.516959930558905
GOTERM_BP_ALL	GO:0051924~regulation of calcium ion transport	2	66.66666666666666	0.024150409645297393	6347, 6348	3	204	16792	54.87581699346405	0.9999999755922394	0.18634273764290088	30.9166942988503
GOTERM_BP_ALL	GO:0051402~neuron apoptotic process	2	66.66666666666666	0.024150409645297393	6347, 6348	3	204	16792	54.87581699346405	0.9999999755922394	0.18634273764290088	30.9166942988503
GOTERM_BP_ALL	GO:0070887~cellular response to chemical stimulus	3	100.0	0.024859531223613902	2920, 6347, 6348	3	2648	16792	6.341389728096677	0.9999999855066685	0.18931750892356547	31.672298738074666
GOTERM_BP_ALL	GO:0043270~positive regulation of ion transport	2	66.66666666666666	0.025209069925248025	6347, 6348	3	213	16792	52.55712050078247	0.9999999887919282	0.18975698117812823	32.04190316998703
GOTERM_BP_ALL	GO:0007166~cell surface receptor signaling pathway	3	100.0	0.025255467486780918	2920, 6347, 6348	3	2669	16792	6.291494941925816	0.9999999891679857	0.18813217162691664	32.09082363200062
GOTERM_BP_ALL	GO:0010033~response to organic substance	3	100.0	0.028234565473973804	2920, 6347, 6348	3	2822	16792	5.950389794472006	0.9999999987934157	0.20605067672842703	35.163957443581296
GOTERM_BP_ALL	GO:0042063~gliogenesis	2	66.66666666666666	0.028381603395797168	6347, 6348	3	240	16792	46.64444444444444	0.9999999989174754	0.20497160127168124	35.31222015112561
GOTERM_BP_ALL	GO:0070371~ERK1 and ERK2 cascade	2	66.66666666666666	0.028733787916275788	6347, 6348	3	243	16792	46.06858710562414	0.9999999991652673	0.2052385648581464	35.66605183421733
GOTERM_BP_ALL	GO:0071356~cellular response to tumor necrosis factor	2	66.66666666666666	0.02885116856774617	6347, 6348	3	244	16792	45.87978142076502	0.9999999992345571	0.2040017815162889	35.78357930271413
GOTERM_BP_ALL	GO:0070372~regulation of ERK1 and ERK2 cascade	2	66.66666666666666	0.029437965433559518	6347, 6348	3	249	16792	44.95850066934404	0.9999999995037444	0.20575622150879536	36.36810942974077
GOTERM_BP_ALL	GO:1901214~regulation of neuron death	2	66.66666666666666	0.030376471561326494	6347, 6348	3	257	16792	43.559014267185475	0.9999999997519979	0.20966110889645728	37.29267135750275
GOTERM_BP_ALL	GO:0034612~response to tumor necrosis factor	2	66.66666666666666	0.03108005323630603	6347, 6348	3	263	16792	42.565272496831426	0.9999999998526257	0.21202996186673406	37.97755446893372
GOTERM_BP_ALL	GO:0070997~neuron death	2	66.66666666666666	0.032720750747949785	6347, 6348	3	277	16792	40.41395908543923	0.9999999999562789	0.22000730170528482	39.54760407570619
GOTERM_BP_ALL	GO:0050727~regulation of inflammatory response	2	66.66666666666666	0.03705018730931567	6347, 6348	3	314	16792	35.65180467091295	0.9999999999982468	0.24351162257173764	43.51425940581844
GOTERM_BP_ALL	GO:0010959~regulation of metal ion transport	2	66.66666666666666	0.03798500489910946	6347, 6348	3	322	16792	34.76604554865424	0.9999999999991263	0.24672620240044463	44.3382034790431
GOTERM_BP_ALL	GO:0006816~calcium ion transport	2	66.66666666666666	0.04346789009441835	6347, 6348	3	369	16792	30.33785004516712	0.9999999999999855	0.27520034457698717	48.949199488263304
GOTERM_CC_ALL	GO:0044421~extracellular region part	3	100.0	0.045273078185510685	2920, 6347, 6348	3	3878	18224	4.6993295513151105	0.8358323439394313	0.5948239196835914	34.382109144480424
GOTERM_BP_ALL	GO:0001819~positive regulation of cytokine production	2	66.66666666666666	0.04544720255665824	6347, 6348	3	386	16792	29.00172711571675	0.9999999999999967	0.283583341977362	50.524239206363376
GOTERM_BP_ALL	GO:0002683~negative regulation of immune system process	2	66.66666666666666	0.04567992807256874	6347, 6348	3	388	16792	28.852233676975942	0.9999999999999972	0.2824570217226231	50.70641906370541
GOTERM_BP_ALL	GO:0006874~cellular calcium ion homeostasis	2	66.66666666666666	0.04626161772791282	6347, 6348	3	393	16792	28.485156912637827	0.9999999999999982	0.2831970178591732	51.159035381405914
GOTERM_BP_ALL	GO:0048583~regulation of response to stimulus	3	100.0	0.04687586583336712	2920, 6347, 6348	3	3636	16792	4.618261826182618	0.9999999999999989	0.28409401194389905	51.63277050803081
GOTERM_BP_ALL	GO:0031349~positive regulation of defense response	2	66.66666666666666	0.04730821222813628	6347, 6348	3	402	16792	27.84742951907131	0.9999999999999992	0.28403278251463226	51.963637999886224
GOTERM_BP_ALL	GO:0055074~calcium ion homeostasis	2	66.66666666666666	0.04765694938241704	6347, 6348	3	405	16792	27.641152263374483	0.9999999999999993	0.28354431442667627	52.22897930444817
GOTERM_BP_ALL	GO:0006950~response to stress	3	100.0	0.047939129692898624	2920, 6347, 6348	3	3677	16792	4.566766385640467	0.9999999999999994	0.2827262805904456	52.44267740088745
GOTERM_BP_ALL	GO:0072503~cellular divalent inorganic cation homeostasis	2	66.66666666666666	0.048586603018680084	6347, 6348	3	413	16792	27.105730427764325	0.9999999999999997	0.28376779816292896	52.929645961783244
GOTERM_BP_ALL	GO:0070838~divalent metal ion transport	2	66.66666666666666	0.04916740600773478	6347, 6348	3	418	16792	26.78149920255183	0.9999999999999998	0.28445773443839384	53.36250525925048
GOTERM_BP_ALL	GO:0072511~divalent inorganic cation transport	2	66.66666666666666	0.049515802682416614	6347, 6348	3	421	16792	26.590657165479016	0.9999999999999999	0.2839852621303065	53.62037062191616
GOTERM_BP_ALL	GO:0072507~divalent inorganic cation homeostasis	2	66.66666666666666	0.050908750972384995	6347, 6348	3	433	16792	25.853733641262508	1.0	0.28864036774332347	54.63811405734342
GOTERM_BP_ALL	GO:0019058~viral life cycle	2	66.66666666666666	0.05345983659786614	6347, 6348	3	455	16792	24.603663003663	1.0	0.2987528022839754	56.44816939467773
GOTERM_BP_ALL	GO:0051222~positive regulation of protein transport	2	66.66666666666666	0.05403914998137278	6347, 6348	3	460	16792	24.33623188405797	1.0	0.2992789588010917	56.849697385074684
GOTERM_BP_ALL	GO:0043410~positive regulation of MAPK cascade	2	66.66666666666666	0.05693305690987783	6347, 6348	3	485	16792	23.081786941580756	1.0	0.3106037405023433	58.80424070260717
GOTERM_BP_ALL	GO:0006875~cellular metal ion homeostasis	2	66.66666666666666	0.05762693489273809	6347, 6348	3	491	16792	22.799728445349626	1.0	0.3115452742738234	59.26043389068438
GOTERM_BP_ALL	GO:0071396~cellular response to lipid	2	66.66666666666666	0.05970703667575607	6347, 6348	3	509	16792	21.99345121152587	1.0	0.31875743171621174	60.59989551558389
GOTERM_BP_ALL	GO:0042221~response to chemical	3	100.0	0.060100383868873924	2920, 6347, 6348	3	4117	16792	4.078698081127034	1.0	0.3182649049534274	60.848517160251504
GOTERM_BP_ALL	GO:1904951~positive regulation of establishment of protein localization	2	66.66666666666666	0.06063078864922418	6347, 6348	3	517	16792	21.653127014829142	1.0	0.31839085704223546	61.18144898175806
GOTERM_BP_ALL	GO:0071407~cellular response to organic cyclic compound	2	66.66666666666666	0.06097707860116859	6347, 6348	3	520	16792	21.528205128205126	1.0	0.3177035029674262	61.39738441469681
GOTERM_CC_ALL	GO:0005576~extracellular region	3	100.0	0.06434136240269878	2920, 6347, 6348	3	4623	18224	3.9420289855072466	0.9252554011434231	0.5787629087942583	45.381030565849386
GOTERM_BP_ALL	GO:0043269~regulation of ion transport	2	66.66666666666666	0.06489723631840619	6347, 6348	3	554	16792	20.206979542719615	1.0	0.33254590052926714	63.764899398290794
GOTERM_BP_ALL	GO:0055065~metal ion homeostasis	2	66.66666666666666	0.06535789225343196	6347, 6348	3	558	16792	20.062126642771805	1.0	0.332262256919978	64.03402047076466
GOTERM_BP_ALL	GO:0022604~regulation of cell morphogenesis	2	66.66666666666666	0.06650903554597368	6347, 6348	3	568	16792	19.708920187793428	1.0	0.33490462757025075	64.69839471186003
GOTERM_BP_ALL	GO:0030003~cellular cation homeostasis	2	66.66666666666666	0.06708434119302445	6347, 6348	3	573	16792	19.536940081442697	1.0	0.3350910177402122	65.02611611469892
GOTERM_BP_ALL	GO:0001817~regulation of cytokine production	2	66.66666666666666	0.06754445802978304	6347, 6348	3	577	16792	19.401502021952627	1.0	0.33479692615763557	65.28617322992434
GOTERM_BP_ALL	GO:0006873~cellular ion homeostasis	2	66.66666666666666	0.06880919413206221	6347, 6348	3	588	16792	19.038548752834465	1.0	0.3378236680868454	65.9917257398168
GOTERM_BP_ALL	GO:0001816~cytokine production	2	66.66666666666666	0.07374492716365999	6347, 6348	3	631	16792	17.741151611199154	1.0	0.3555834006829456	68.61908975278187
GOTERM_BP_ALL	GO:0043547~positive regulation of GTPase activity	2	66.66666666666666	0.07408879118931551	6347, 6348	3	634	16792	17.65720294426919	1.0	0.35469707423107744	68.79487998126439
GOTERM_BP_ALL	GO:0055080~cation homeostasis	2	66.66666666666666	0.07512000022693555	6347, 6348	3	643	16792	17.410057024364956	1.0	0.3565284991366997	69.31655631793528
GOTERM_MF_ALL	GO:0004672~protein kinase activity	2	66.66666666666666	0.07575704871494499	6347, 6348	3	652	16881	17.260736196319016	0.931336015393672	0.2845304992250933	49.98262233140864
GOTERM_BP_ALL	GO:0098771~inorganic ion homeostasis	2	66.66666666666666	0.07683740515655837	6347, 6348	3	658	16792	17.01317122593718	1.0	0.36099587342344164	70.1673317661158
GOTERM_BP_ALL	GO:0031347~regulation of defense response	2	66.66666666666666	0.07889618435011131	6347, 6348	3	676	16792	16.56015779092702	1.0	0.366681586721585	71.15817746216078
GOTERM_BP_ALL	GO:0043408~regulation of MAPK cascade	2	66.66666666666666	0.0791247957279828	6347, 6348	3	678	16792	16.511307767944935	1.0	0.3653218774796648	71.26628658297629
GOTERM_BP_ALL	GO:0048522~positive regulation of cellular process	3	100.0	0.07980292648463669	2920, 6347, 6348	3	4744	16792	3.539629005059022	1.0	0.36567814022416345	71.58474899884285
GOTERM_BP_ALL	GO:0043087~regulation of GTPase activity	2	66.66666666666666	0.08061007807412743	6347, 6348	3	691	16792	16.200675349734684	1.0	0.36651371363486385	71.95950471814453
GOTERM_BP_ALL	GO:0050801~ion homeostasis	2	66.66666666666666	0.08152350213979574	6347, 6348	3	699	16792	16.01525989508822	1.0	0.367732760516134	72.37803266879482
GOTERM_BP_ALL	GO:0055082~cellular chemical homeostasis	2	66.66666666666666	0.08312090187841613	6347, 6348	3	713	16792	15.700794763908368	1.0	0.371447639560171	73.09596538816085
GOTERM_BP_ALL	GO:0051093~negative regulation of developmental process	2	66.66666666666666	0.08608381285397475	6347, 6348	3	739	16792	15.148398737032023	1.0	0.38003184120132094	74.38169076145175
GOTERM_BP_ALL	GO:0002252~immune effector process	2	66.66666666666666	0.08642537863918338	6347, 6348	3	742	16792	15.087151841868822	1.0	0.37907349446353233	74.52616281550354
GOTERM_BP_ALL	GO:0051223~regulation of protein transport	2	66.66666666666666	0.08688070037629383	6347, 6348	3	746	16792	15.006255585344057	1.0	0.3785334448378319	74.71756722641562
GOTERM_BP_ALL	GO:0045321~leukocyte activation	2	66.66666666666666	0.08699451307484313	6347, 6348	3	747	16792	14.986166889781346	1.0	0.37679135370243444	74.76520060441383
GOTERM_MF_ALL	GO:0016773~phosphotransferase activity, alcohol group as acceptor	2	66.66666666666666	0.09073118745379227	6347, 6348	3	784	16881	14.354591836734693	0.9605962060854677	0.30185011470771395	56.67514922759731
GOTERM_BP_ALL	GO:0030001~metal ion transport	2	66.66666666666666	0.0946038054001245	6347, 6348	3	814	16792	13.752661752661751	1.0	0.4010893531625678	77.76639168677511
GOTERM_BP_ALL	GO:0070201~regulation of establishment of protein localization	2	66.66666666666666	0.0952836811218866	6347, 6348	3	820	16792	13.652032520325202	1.0	0.40120042175870274	78.01764401879323
GOTERM_BP_ALL	GO:0019725~cellular homeostasis	2	66.66666666666666	0.09675586915850731	6347, 6348	3	833	16792	13.438975590236094	1.0	0.4039749987303929	78.55264078712025
GOTERM_BP_ALL	GO:0045087~innate immune response	2	66.66666666666666	0.09709543461668152	6347, 6348	3	836	16792	13.390749601275916	1.0	0.4029336776424599	78.67430163156573
GOTERM_BP_ALL	GO:0000165~MAPK cascade	2	66.66666666666666	0.09766123518294112	6347, 6348	3	841	16792	13.311137534680935	1.0	0.4026568677029776	78.87558824891757
GOTERM_BP_ALL	GO:0048518~positive regulation of biological process	3	100.0	0.0990441463951967	2920, 6347, 6348	3	5285	16792	3.177294228949858	1.0	0.40507635069882564	79.36012306819671
