Category	Term	Count	%	PValue	Genes	List Total	Pop Hits	Pop Total	Fold Enrichment	Bonferroni	Benjamini	FDR
GOTERM_MF_ALL	GO:0051082~unfolded protein binding	5	45.45454545454545	3.477659852447448E-7	3304, 3303, 3313, 3336, 3329	11	110	16881	69.75619834710744	4.034004761976906E-5	4.034004761976906E-5	3.967595272436064E-4
GOTERM_BP_ALL	GO:0006986~response to unfolded protein	5	45.45454545454545	2.1276250643251447E-6	3304, 3303, 5610, 3336, 3329	11	172	16792	44.376321353065535	0.002174195761187603	0.002174195761187603	0.003371275113916994
GOTERM_BP_ALL	GO:0035966~response to topologically incorrect protein	5	45.45454545454545	3.031927404021624E-6	3304, 3303, 5610, 3336, 3329	11	188	16792	40.59961315280464	0.0030968612383210914	0.001549631297739995	0.0048041325351855235
GOTERM_MF_ALL	GO:0097367~carbohydrate derivative binding	9	81.81818181818183	3.3437836996023394E-6	3304, 3303, 3313, 9361, 5610, 81570, 3336, 3329, 351	11	2241	16881	6.163198247535597	3.878043420955102E-4	1.9392097371973005E-4	0.003814799060675167
GOTERM_MF_ALL	GO:0005524~ATP binding	8	72.72727272727273	3.979532528954681E-6	3304, 3303, 3313, 9361, 5610, 81570, 3336, 3329	11	1495	16881	8.212100942535725	4.615201586805062E-4	1.53863725725345E-4	0.004540086347615269
GOTERM_MF_ALL	GO:0032559~adenyl ribonucleotide binding	8	72.72727272727273	4.6739416306414494E-6	3304, 3303, 3313, 9361, 5610, 81570, 3336, 3329	11	1531	16881	8.019001246956831	5.420315440063384E-4	1.3553543829447623E-4	0.005332290097781467
GOTERM_MF_ALL	GO:0030554~adenyl nucleotide binding	8	72.72727272727273	4.905523497412807E-6	3304, 3303, 3313, 9361, 5610, 81570, 3336, 3329	11	1542	16881	7.961796957905907	5.688802476634391E-4	1.1380194835208801E-4	0.005596484704051274
GOTERM_CC_ALL	GO:0005739~mitochondrion	8	72.72727272727273	5.657168436949717E-6	3304, 8192, 3303, 3313, 9361, 81570, 3336, 3329	11	1700	18224	7.796363636363636	0.0010064719970549474	0.0010064719970549474	0.00695498178066023
GOTERM_BP_ALL	GO:0006457~protein folding	5	45.45454545454545	6.634499400117738E-6	3304, 3303, 3313, 3336, 3329	11	229	16792	33.33068678046844	0.006764134952842782	0.0022598145660421842	0.010512178518207183
GOTERM_BP_ALL	GO:0009408~response to heat	4	36.36363636363637	1.5702400202924832E-5	3304, 3303, 81570, 3329	11	87	16792	70.18599791013584	0.015935348679827488	0.004007867357215034	0.024878338865452765
GOTERM_MF_ALL	GO:0035639~purine ribonucleoside triphosphate binding	8	72.72727272727273	1.615744841598281E-5	3304, 3303, 3313, 9361, 5610, 81570, 3336, 3329	11	1841	16881	6.668707718137376	0.0018725237937506911	3.123310741716123E-4	0.01843220564023973
GOTERM_MF_ALL	GO:0032550~purine ribonucleoside binding	8	72.72727272727273	1.6693709727620143E-5	3304, 3303, 3313, 9361, 5610, 81570, 3336, 3329	11	1850	16881	6.636265356265356	0.0019346127117594314	2.7660266585760596E-4	0.019043912375149574
GOTERM_MF_ALL	GO:0032549~ribonucleoside binding	8	72.72727272727273	1.6875762388016525E-5	3304, 3303, 3313, 9361, 5610, 81570, 3336, 3329	11	1853	16881	6.625521267723103	0.0019556900962365287	2.4467068263289704E-4	0.01925157684731227
GOTERM_MF_ALL	GO:0001883~purine nucleoside binding	8	72.72727272727273	1.6875762388016525E-5	3304, 3303, 3313, 9361, 5610, 81570, 3336, 3329	11	1853	16881	6.625521267723103	0.0019556900962365287	2.4467068263289704E-4	0.01925157684731227
GOTERM_MF_ALL	GO:0001882~nucleoside binding	8	72.72727272727273	1.730706736741746E-5	3304, 3303, 3313, 9361, 5610, 81570, 3336, 3329	11	1860	16881	6.60058651026393	0.002005623232282816	2.2304592020738756E-4	0.01974355776496184
GOTERM_MF_ALL	GO:0032555~purine ribonucleotide binding	8	72.72727272727273	1.8857035628902422E-5	3304, 3303, 3313, 9361, 5610, 81570, 3336, 3329	11	1884	16881	6.516502605674581	0.0021850460610001177	2.1871975307652392E-4	0.021511557164244355
GOTERM_MF_ALL	GO:0017076~purine nucleotide binding	8	72.72727272727273	1.9744312881214036E-5	3304, 3303, 3313, 9361, 5610, 81570, 3336, 3329	11	1897	16881	6.471845497675757	0.0022877420253007985	2.0819313435693765E-4	0.022523633211091187
GOTERM_MF_ALL	GO:0032553~ribonucleotide binding	8	72.72727272727273	1.9953985578768466E-5	3304, 3303, 3313, 9361, 5610, 81570, 3336, 3329	11	1900	16881	6.461626794258374	0.0023120086022417885	1.9287184956717773E-4	0.022762795775888023
GOTERM_CC_ALL	GO:0005759~mitochondrial matrix	5	45.45454545454545	5.478573172866824E-5	8192, 3313, 9361, 3336, 3329	11	425	18224	19.49090909090909	0.009704729596127892	0.004864194994536386	0.06733546549665403
GOTERM_BP_ALL	GO:0006979~response to oxidative stress	5	45.45454545454545	5.6043481944139306E-5	3304, 3303, 9361, 3329, 351	11	394	16792	19.372404245500693	0.055721456076332165	0.011401324347131148	0.08876676840908759
GOTERM_BP_ALL	GO:0009266~response to temperature stimulus	4	36.36363636363637	7.388814788459242E-5	3304, 3303, 81570, 3329	11	146	16792	41.823163138231635	0.07280406203561307	0.012519367103679069	0.11701527610763485
GOTERM_BP_ALL	GO:0042026~protein refolding	3	27.27272727272727	8.022069498523257E-5	3304, 3303, 3329	11	23	16792	199.11462450592884	0.07879166475764288	0.011655691771694454	0.12703804164111432
GOTERM_MF_ALL	GO:0016887~ATPase activity	5	45.45454545454545	8.365845819426956E-5	3304, 3303, 9361, 81570, 3329	11	439	16881	17.478774073307104	0.009657847622230653	7.462435063264605E-4	0.0954029544933288
GOTERM_MF_ALL	GO:0000166~nucleotide binding	8	72.72727272727273	9.125552282403211E-5	3304, 3303, 3313, 9361, 5610, 81570, 3336, 3329	11	2389	16881	5.139008333650444	0.010530287870760047	7.558658805006946E-4	0.10406242830790502
GOTERM_MF_ALL	GO:1901265~nucleoside phosphate binding	8	72.72727272727273	9.150742309401257E-5	3304, 3303, 3313, 9361, 5610, 81570, 3336, 3329	11	2390	16881	5.136858120958539	0.010559202822359004	7.074394318337118E-4	0.10434954376445926
GOTERM_MF_ALL	GO:0036094~small molecule binding	8	72.72727272727273	1.4780938648399018E-4	3304, 3303, 3313, 9361, 5610, 81570, 3336, 3329	11	2571	16881	4.775220112442983	0.017000980329390458	0.001071123195003243	0.16850352995751994
GOTERM_BP_ALL	GO:0009628~response to abiotic stimulus	6	54.54545454545454	1.6636362825187814E-4	3304, 3303, 9361, 81570, 3329, 351	11	1029	16792	8.90113967664988	0.15650739998298568	0.021050791450573314	0.26328621427039733
GOTERM_BP_ALL	GO:0006915~apoptotic process	7	63.63636363636363	1.8230150673798908E-4	3304, 3303, 3313, 5610, 3336, 3329, 351	11	1747	16792	6.1166675339543115	0.17015093370743606	0.02051023770120053	0.2884752992878159
GOTERM_BP_ALL	GO:0034605~cellular response to heat	3	27.27272727272727	2.459883796787056E-4	3304, 3303, 81570	11	40	16792	114.49090909090908	0.22250422458838504	0.024853640409747912	0.3890699964168909
GOTERM_BP_ALL	GO:0012501~programmed cell death	7	63.63636363636363	2.528768192369325E-4	3304, 3303, 3313, 5610, 3336, 3329, 351	11	1852	16792	5.769880227763597	0.2279652371126466	0.02324606678035579	0.39994472523322555
GOTERM_CC_ALL	GO:0044444~cytoplasmic part	11	100.0	2.9628116959010744E-4	3304, 8192, 3303, 3313, 644, 9361, 5610, 81570, 3336, 3329, 351	11	8090	18224	2.2526576019777504	0.0513789378459355	0.017428293439465614	0.3636539363222835
GOTERM_BP_ALL	GO:0008219~cell death	7	63.63636363636363	3.4498129602472167E-4	3304, 3303, 3313, 5610, 3336, 3329, 351	11	1958	16792	5.457516946791717	0.29740647469142034	0.028986327109830512	0.5452425618141188
GOTERM_MF_ALL	GO:0031625~ubiquitin protein ligase binding	4	36.36363636363637	5.341231303538938E-4	3304, 3303, 3313, 3329	11	287	16881	21.388660120367437	0.06009346140836713	0.003638941516280525	0.6076808181528781
GOTERM_MF_ALL	GO:0044389~ubiquitin-like protein ligase binding	4	36.36363636363637	5.617483148284707E-4	3304, 3303, 3313, 3329	11	292	16881	21.02241594022416	0.06310223722092789	0.003614624455755666	0.6390186262061559
GOTERM_BP_ALL	GO:0042981~regulation of apoptotic process	6	54.54545454545454	7.055499012572323E-4	3304, 3303, 3313, 5610, 3336, 3329	11	1400	16792	6.542337662337663	0.5142359631432325	0.05402671064331399	1.1121431466803333
GOTERM_BP_ALL	GO:0043067~regulation of programmed cell death	6	54.54545454545454	7.36435671822763E-4	3304, 3303, 3313, 5610, 3336, 3329	11	1413	16792	6.482146303802354	0.5293550233081619	0.052408930438796686	1.160561972473706
GOTERM_MF_ALL	GO:0017111~nucleoside-triphosphatase activity	5	45.45454545454545	7.558553641143311E-4	3304, 3303, 9361, 81570, 3329	11	779	16881	9.850040844906056	0.08397568999144367	0.0046058014233291145	0.8589581751474951
GOTERM_BP_ALL	GO:0043066~negative regulation of apoptotic process	5	45.45454545454545	9.271134851649387E-4	3304, 3303, 3313, 5610, 3329	11	818	16792	9.33096243609691	0.612824430807059	0.061299181896003585	1.4589911668018485
GOTERM_MF_ALL	GO:0016462~pyrophosphatase activity	5	45.45454545454545	9.342292769919585E-4	3304, 3303, 9361, 81570, 3329	11	824	16881	9.31211385701677	0.10275044882106277	0.00540639501590634	1.060679038484602
GOTERM_MF_ALL	GO:0016818~hydrolase activity, acting on acid anhydrides, in phosphorus-containing anhydrides	5	45.45454545454545	9.427959706088967E-4	3304, 3303, 9361, 81570, 3329	11	826	16881	9.289566365837551	0.10364247229709345	0.005196731888676975	1.0703575762304074
GOTERM_MF_ALL	GO:0016817~hydrolase activity, acting on acid anhydrides	5	45.45454545454545	9.514187840789675E-4	3304, 3303, 9361, 81570, 3329	11	828	16881	9.267127799736494	0.10453945151439403	0.005006385782153067	1.080098645137828
GOTERM_BP_ALL	GO:0043069~negative regulation of programmed cell death	5	45.45454545454545	9.74925307696214E-4	3304, 3303, 3313, 5610, 3329	11	829	16792	9.207149906788025	0.6313232651352674	0.0604598187294515	1.5336887963525836
GOTERM_BP_ALL	GO:0010941~regulation of cell death	6	54.54545454545454	9.977456315206545E-4	3304, 3303, 3313, 5610, 3336, 3329	11	1509	16792	6.0697632387493226	0.6398387086638617	0.05830212527351364	1.5693228642242096
GOTERM_BP_ALL	GO:0045087~innate immune response	5	45.45454545454545	0.0010062546061747478	3304, 3303, 5610, 3329, 351	11	836	16792	9.130056546324488	0.6429633096128883	0.05561144817909269	1.582606584838575
GOTERM_BP_ALL	GO:0045862~positive regulation of proteolysis	4	36.36363636363637	0.0010315902445102013	3303, 3336, 3329, 351	11	358	16792	17.056373793803964	0.6521074189636273	0.05405576422813829	1.6221491775907926
GOTERM_BP_ALL	GO:0043085~positive regulation of catalytic activity	6	54.54545454545454	0.0011591089603576333	3304, 3303, 5610, 3336, 3329, 351	11	1559	16792	5.875094757711819	0.6946987287689865	0.05759749762682076	1.8209480918144783
GOTERM_BP_ALL	GO:1904722~positive regulation of mRNA endonucleolytic cleavage involved in unfolded protein response	2	18.181818181818183	0.0011907241535767954	3304, 3303	11	2	16792	1526.5454545454547	0.7044261631032758	0.056387645133930575	1.8701772358366786
GOTERM_BP_ALL	GO:0031439~positive regulation of mRNA cleavage	2	18.181818181818183	0.0011907241535767954	3304, 3303	11	2	16792	1526.5454545454547	0.7044261631032758	0.056387645133930575	1.8701772358366786
GOTERM_BP_ALL	GO:1902380~positive regulation of endoribonuclease activity	2	18.181818181818183	0.0011907241535767954	3304, 3303	11	2	16792	1526.5454545454547	0.7044261631032758	0.056387645133930575	1.8701772358366786
GOTERM_BP_ALL	GO:0001819~positive regulation of cytokine production	4	36.36363636363637	0.0012824634466839589	3304, 3303, 5610, 3329	11	386	16792	15.819123881300047	0.7309349471216853	0.0579272918969691	2.012896871455594
GOTERM_BP_ALL	GO:0060548~negative regulation of cell death	5	45.45454545454545	0.0013105082807175243	3304, 3303, 3313, 5610, 3329	11	897	16792	8.509171987432856	0.7385544413486698	0.05665891221196817	2.056487642574034
GOTERM_CC_ALL	GO:0044429~mitochondrial part	5	45.45454545454545	0.001396098972913981	8192, 3313, 9361, 3336, 3329	11	990	18224	8.367309458218548	0.2201699346885475	0.06027670305582533	1.7029655058882875
GOTERM_BP_ALL	GO:0051345~positive regulation of hydrolase activity	5	45.45454545454545	0.001423119244565747	3304, 3303, 3336, 3329, 351	11	917	16792	8.32358481213443	0.7670398560016343	0.05889791754070062	2.2313387416397323
GOTERM_BP_ALL	GO:0006950~response to stress	8	72.72727272727273	0.0015292289136304448	3304, 3303, 9361, 5610, 81570, 3336, 3329, 351	11	3677	16792	3.321284644102158	0.7910371017840784	0.06070336320392722	2.3958276282960322
GOTERM_MF_ALL	GO:0016787~hydrolase activity	7	63.63636363636363	0.001599813939906728	3304, 8192, 3303, 9361, 81570, 3329, 351	11	2603	16881	4.126951419690567	0.16949972683461578	0.008042571929924192	1.810079476993498
GOTERM_BP_ALL	GO:0006508~proteolysis	6	54.54545454545454	0.0016899123688796384	8192, 3303, 9361, 3336, 3329, 351	11	1693	16792	5.41008430435483	0.8227586196740652	0.064381805775374	2.64442208380794
GOTERM_BP_ALL	GO:0022607~cellular component assembly	7	63.63636363636363	0.0016979745514046488	3304, 8192, 3303, 9361, 5610, 3329, 351	11	2618	16792	4.081672338356831	0.8242168862692725	0.062359860412063206	2.6568794986725375
GOTERM_BP_ALL	GO:1904720~regulation of mRNA endonucleolytic cleavage involved in unfolded protein response	2	18.181818181818183	0.0017856075816915376	3304, 3303	11	3	16792	1017.6969696969697	0.839315001862471	0.06321058230921262	2.792190821549756
GOTERM_BP_ALL	GO:0031437~regulation of mRNA cleavage	2	18.181818181818183	0.0017856075816915376	3304, 3303	11	3	16792	1017.6969696969697	0.839315001862471	0.06321058230921262	2.792190821549756
GOTERM_BP_ALL	GO:0070426~positive regulation of nucleotide-binding oligomerization domain containing signaling pathway	2	18.181818181818183	0.0017856075816915376	3304, 3303	11	3	16792	1017.6969696969697	0.839315001862471	0.06321058230921262	2.792190821549756
GOTERM_BP_ALL	GO:0070434~positive regulation of nucleotide-binding oligomerization domain containing 2 signaling pathway	2	18.181818181818183	0.0017856075816915376	3304, 3303	11	3	16792	1017.6969696969697	0.839315001862471	0.06321058230921262	2.792190821549756
GOTERM_MF_ALL	GO:0019899~enzyme binding	6	54.54545454545454	0.002119333839460188	3304, 3303, 3313, 9361, 3329, 351	11	1789	16881	5.146907871334925	0.2181587822747797	0.010201920634772654	2.3914187892290384
GOTERM_BP_ALL	GO:0008637~apoptotic mitochondrial changes	3	27.27272727272727	0.0021593100162903963	3304, 3303, 3329	11	119	16792	38.48433919022154	0.890448718531003	0.07341906352688643	3.3672370706486987
GOTERM_BP_ALL	GO:0010608~posttranscriptional regulation of gene expression	4	36.36363636363637	0.0022851468740934006	3304, 3303, 5610, 351	11	472	16792	12.936825885978429	0.9037089909201722	0.07504729971711765	3.5601540803724463
GOTERM_BP_ALL	GO:0070054~mRNA splicing, via endonucleolytic cleavage and ligation	2	18.181818181818183	0.002380172113457287	3304, 3303	11	4	16792	763.2727272727274	0.9126487941831443	0.07562671835306245	3.70559546276803
GOTERM_BP_ALL	GO:0070055~mRNA endonucleolytic cleavage involved in unfolded protein response	2	18.181818181818183	0.002380172113457287	3304, 3303	11	4	16792	763.2727272727274	0.9126487941831443	0.07562671835306245	3.70559546276803
GOTERM_BP_ALL	GO:0030969~mRNA splicing via endonucleolytic cleavage and ligation involved in unfolded protein response	2	18.181818181818183	0.002380172113457287	3304, 3303	11	4	16792	763.2727272727274	0.9126487941831443	0.07562671835306245	3.70559546276803
GOTERM_BP_ALL	GO:0010286~heat acclimation	2	18.181818181818183	0.002380172113457287	3304, 3303	11	4	16792	763.2727272727274	0.9126487941831443	0.07562671835306245	3.70559546276803
GOTERM_BP_ALL	GO:0070370~cellular heat acclimation	2	18.181818181818183	0.002380172113457287	3304, 3303	11	4	16792	763.2727272727274	0.9126487941831443	0.07562671835306245	3.70559546276803
GOTERM_BP_ALL	GO:0044093~positive regulation of molecular function	6	54.54545454545454	0.0024644593962964596	3304, 3303, 5610, 3336, 3329, 351	11	1840	16792	4.9778656126482215	0.9198819175516106	0.07585189019254435	3.8344298060527082
GOTERM_BP_ALL	GO:0010033~response to organic substance	7	63.63636363636363	0.0025402606386897013	3304, 3303, 9361, 5610, 3336, 3329, 351	11	2822	16792	3.7866116873912765	0.925874294532656	0.0758198601844069	3.9501551734685503
GOTERM_CC_ALL	GO:0070013~intracellular organelle lumen	8	72.72727272727273	0.0025434379468296	3304, 8192, 3303, 3313, 9361, 3336, 3329, 351	11	4328	18224	3.062342463451521	0.36447806986270037	0.08667339592297796	3.0825038450469022
GOTERM_BP_ALL	GO:0030968~endoplasmic reticulum unfolded protein response	3	27.27272727272727	0.0026481134040173063	3304, 3303, 5610	11	132	16792	34.69421487603305	0.9336368438230831	0.07668307810311559	4.114588559826182
GOTERM_BP_ALL	GO:0051092~positive regulation of NF-kappaB transcription factor activity	3	27.27272727272727	0.002687688102400199	3304, 3303, 5610	11	133	16792	34.43335611756664	0.936276793180644	0.07564866040581042	4.174858364262269
GOTERM_BP_ALL	GO:0034620~cellular response to unfolded protein	3	27.27272727272727	0.0027676791982447434	3304, 3303, 5610	11	135	16792	33.92323232323232	0.9412968082011894	0.07573574222738222	4.296571471901678
GOTERM_BP_ALL	GO:0050821~protein stabilization	3	27.27272727272727	0.002808095036531503	3304, 3303, 3329	11	136	16792	33.67379679144384	0.9436809350654958	0.07480360754471027	4.358012440514935
GOTERM_CC_ALL	GO:0043233~organelle lumen	8	72.72727272727273	0.0028182319734163775	3304, 8192, 3303, 3313, 9361, 3336, 3329, 351	11	4400	18224	3.0122314049586776	0.3948951308749098	0.08031640180419675	3.4102598721911126
GOTERM_BP_ALL	GO:0060699~regulation of endoribonuclease activity	2	18.181818181818183	0.0029744179008812707	3304, 3303	11	5	16792	610.6181818181818	0.9525160647031153	0.0770625223688991	4.610471036467823
GOTERM_BP_ALL	GO:1902036~regulation of hematopoietic stem cell differentiation	2	18.181818181818183	0.0029744179008812707	3313, 5610	11	5	16792	610.6181818181818	0.9525160647031153	0.0770625223688991	4.610471036467823
GOTERM_BP_ALL	GO:0044085~cellular component biogenesis	7	63.63636363636363	0.0030137774151394914	3304, 8192, 3303, 9361, 5610, 3329, 351	11	2914	16792	3.667061833156548	0.954395529557547	0.0761199805981726	4.670122737489768
GOTERM_CC_ALL	GO:0031974~membrane-enclosed lumen	8	72.72727272727273	0.0030524883434175135	3304, 8192, 3303, 3313, 9361, 3336, 3329, 351	11	4457	18224	2.9737083647785916	0.41967900596466745	0.07479424393833045	3.6888609342139334
GOTERM_BP_ALL	GO:0035967~cellular response to topologically incorrect protein	3	27.27272727272727	0.0033588631337086523	3304, 3303, 5610	11	149	16792	30.73581452104942	0.967996200978405	0.08244936869753561	5.191626404456684
GOTERM_MF_ALL	GO:0055131~C3HC4-type RING finger domain binding	2	18.181818181818183	0.0035495571484732186	3304, 3303	11	6	16881	511.5454545454545	0.33799430855989887	0.01636387799347283	3.9756452059660274
GOTERM_BP_ALL	GO:1903265~positive regulation of tumor necrosis factor-mediated signaling pathway	2	18.181818181818183	0.003568345095604991	3304, 3303	11	6	16792	508.8484848484849	0.9741887682318823	0.0853317005616282	5.506896682735363
GOTERM_BP_ALL	GO:0070432~regulation of nucleotide-binding oligomerization domain containing 2 signaling pathway	2	18.181818181818183	0.003568345095604991	3304, 3303	11	6	16792	508.8484848484849	0.9741887682318823	0.0853317005616282	5.506896682735363
GOTERM_BP_ALL	GO:0010952~positive regulation of peptidase activity	3	27.27272727272727	0.003628844361134738	3336, 3329, 351	11	155	16792	29.546041055718472	0.9757432370195516	0.08474177756306522	5.597765094529494
GOTERM_BP_ALL	GO:0051701~interaction with host	3	27.27272727272727	0.003767545055114293	3304, 3303, 5610	11	158	16792	28.985040276179515	0.9789631015172727	0.08588765375536567	5.805781229808915
GOTERM_BP_ALL	GO:0002221~pattern recognition receptor signaling pathway	3	27.27272727272727	0.003814326421396455	3304, 3303, 3329	11	159	16792	28.80274442538593	0.9799498123202421	0.08501961742288655	5.875844603976555
GOTERM_BP_ALL	GO:0001817~regulation of cytokine production	4	36.36363636363637	0.004042612987079775	3304, 3303, 5610, 3329	11	577	16792	10.582637466519616	0.9841403159540772	0.08797541586890945	6.217044215327405
GOTERM_BP_ALL	GO:0060700~regulation of ribonuclease activity	2	18.181818181818183	0.004161953850097394	3304, 3303	11	7	16792	436.1558441558442	0.9859700869257826	0.08857993260531427	6.394950813309885
GOTERM_BP_ALL	GO:1901029~negative regulation of mitochondrial outer membrane permeabilization involved in apoptotic signaling pathway	2	18.181818181818183	0.004161953850097394	3304, 3303	11	7	16792	436.1558441558442	0.9859700869257826	0.08857993260531427	6.394950813309885
GOTERM_CC_ALL	GO:0048471~perinuclear region of cytoplasm	4	36.36363636363637	0.00428125381768158	3304, 3303, 5610, 351	11	639	18224	10.370749751031441	0.5340603424528743	0.0910474559520511	5.13817796763425
GOTERM_MF_ALL	GO:1901363~heterocyclic compound binding	9	81.81818181818183	0.005184275584588515	3304, 3303, 3313, 9361, 5610, 81570, 3336, 3329, 351	11	5971	16881	2.3131346964875688	0.45279962419247843	0.022923186949135865	5.757633827091169
GOTERM_BP_ALL	GO:0001816~cytokine production	4	36.36363636363637	0.0051995577388985635	3304, 3303, 5610, 3329	11	631	16792	9.676991787926813	0.9951705577643545	0.10726777408222199	7.928481297643685
GOTERM_CC_ALL	GO:0005737~cytoplasm	11	100.0	0.0052118751793115954	3304, 8192, 3303, 3313, 644, 9361, 5610, 81570, 3336, 3329, 351	11	10775	18224	1.691322505800464	0.6055014361505866	0.09818769156632601	6.222473415295893
GOTERM_BP_ALL	GO:0070424~regulation of nucleotide-binding oligomerization domain containing signaling pathway	2	18.181818181818183	0.0053482166438437884	3304, 3303	11	9	16792	339.23232323232327	0.995855232783446	0.10800055052604662	8.14625455977832
GOTERM_MF_ALL	GO:0003824~catalytic activity	9	81.81818181818183	0.0054806213245149425	3304, 8192, 3303, 644, 9361, 5610, 81570, 3329, 351	11	6018	16881	2.2950693374422193	0.47138802533209334	0.02333457229785374	6.077427655958568
GOTERM_BP_ALL	GO:0051336~regulation of hydrolase activity	5	45.45454545454545	0.005685614603817014	3304, 3303, 3336, 3329, 351	11	1337	16792	5.708846127694295	0.9970706699683348	0.11222810110145176	8.638725992611596
GOTERM_MF_ALL	GO:0097159~organic cyclic compound binding	9	81.81818181818183	0.005703675034701291	3304, 3303, 3313, 9361, 5610, 81570, 3336, 3329, 351	11	6052	16881	2.2821756894790606	0.48496496949278345	0.023418582927287823	6.317476906355468
GOTERM_BP_ALL	GO:0007005~mitochondrion organization	4	36.36363636363637	0.005723338864401891	3304, 3303, 9361, 3329	11	653	16792	9.350967562299875	0.9971821888082408	0.11080249018227462	8.693634901616743
GOTERM_BP_ALL	GO:1903896~positive regulation of IRE1-mediated unfolded protein response	2	18.181818181818183	0.005940870986382101	3304, 3303	11	10	16792	305.3090909090909	0.9977473223268628	0.11265575222453705	9.009657408578043
GOTERM_BP_ALL	GO:0051085~chaperone mediated protein folding requiring cofactor	2	18.181818181818183	0.005940870986382101	3336, 3329	11	10	16792	305.3090909090909	0.9977473223268628	0.11265575222453705	9.009657408578043
GOTERM_BP_ALL	GO:0031347~regulation of defense response	4	36.36363636363637	0.006304345641089686	3304, 3303, 5610, 3329	11	676	16792	9.032813340505648	0.9984504037895148	0.1169897574069989	9.535414136570408
GOTERM_BP_ALL	GO:0002682~regulation of immune system process	5	45.45454545454545	0.006337965629648565	3304, 3303, 3313, 5610, 3329	11	1378	16792	5.538989312574218	0.9985031208841219	0.11549226246796218	9.5839005055403
GOTERM_BP_ALL	GO:0090084~negative regulation of inclusion body assembly	2	18.181818181818183	0.006533207494859426	3304, 3303	11	11	16792	277.55371900826447	0.9987757159779654	0.1167739041761301	9.864995219953887
GOTERM_BP_ALL	GO:0070431~nucleotide-binding oligomerization domain containing 2 signaling pathway	2	18.181818181818183	0.006533207494859426	3304, 3303	11	11	16792	277.55371900826447	0.9987757159779654	0.1167739041761301	9.864995219953887
GOTERM_BP_ALL	GO:0032270~positive regulation of cellular protein metabolic process	5	45.45454545454545	0.007057752568469238	3303, 5610, 3336, 3329, 351	11	1420	16792	5.3751600512163895	0.9992867511425845	0.12343081059305261	10.616146890265865
GOTERM_BP_ALL	GO:0098787~mRNA cleavage involved in mRNA processing	2	18.181818181818183	0.007125226321420029	3304, 3303	11	12	16792	254.42424242424244	0.9993346509779543	0.12245632269578544	10.712342856217594
GOTERM_BP_ALL	GO:0030162~regulation of proteolysis	4	36.36363636363637	0.007170713327403751	3303, 3336, 3329, 351	11	708	16792	8.624550590652287	0.999365115223305	0.12116584233319139	10.777138017856892
GOTERM_BP_ALL	GO:0032268~regulation of cellular protein metabolic process	6	54.54545454545454	0.00724183412417511	3304, 3303, 5610, 3336, 3329, 351	11	2346	16792	3.9042083236456637	0.9994099785785525	0.1203188082129858	10.878359625141021
GOTERM_BP_ALL	GO:0050790~regulation of catalytic activity	6	54.54545454545454	0.0073908876256619915	3304, 3303, 5610, 3336, 3329, 351	11	2357	16792	3.885987580514521	0.9994939915960647	0.12069758366557226	11.090148871377636
GOTERM_BP_ALL	GO:0031647~regulation of protein stability	3	27.27272727272727	0.0076876970900948685	3304, 3303, 3329	11	228	16792	20.086124401913874	0.9996273608213249	0.12329232493490827	11.510480092734966
GOTERM_BP_ALL	GO:0034599~cellular response to oxidative stress	3	27.27272727272727	0.0076876970900948685	3304, 3303, 9361	11	228	16792	20.086124401913874	0.9996273608213249	0.12329232493490827	11.510480092734966
GOTERM_BP_ALL	GO:0010821~regulation of mitochondrion organization	3	27.27272727272727	0.0077529642760953785	3304, 3303, 9361	11	229	16792	19.998412068281063	0.999651609914767	0.12236779005170728	11.602659155998108
GOTERM_BP_ALL	GO:0051091~positive regulation of sequence-specific DNA binding transcription factor activity	3	27.27272727272727	0.008016576357865951	3304, 3303, 5610	11	233	16792	19.655091689426452	0.9997345293204382	0.1243655336085081	11.974052766023568
GOTERM_MF_ALL	GO:0044183~protein binding involved in protein folding	2	18.181818181818183	0.008264660223018645	3304, 3303	11	14	16881	219.23376623376623	0.6181335035753655	0.032651066632470416	9.033773740704653
GOTERM_BP_ALL	GO:1901532~regulation of hematopoietic progenitor cell differentiation	2	18.181818181818183	0.008308311532821541	3313, 5610	11	14	16792	218.0779220779221	0.9998035116337578	0.12669875992487112	12.383363600508158
GOTERM_BP_ALL	GO:1903894~regulation of IRE1-mediated unfolded protein response	2	18.181818181818183	0.008308311532821541	3304, 3303	11	14	16792	218.0779220779221	0.9998035116337578	0.12669875992487112	12.383363600508158
GOTERM_BP_ALL	GO:0002758~innate immune response-activating signal transduction	3	27.27272727272727	0.00869331808594757	3304, 3303, 3329	11	243	16792	18.84624017957351	0.9998679256971693	0.1302633198027371	12.920807195697181
GOTERM_BP_ALL	GO:0051247~positive regulation of protein metabolic process	5	45.45454545454545	0.0087434433119334	3303, 5610, 3336, 3329, 351	11	1508	16792	5.061490233904027	0.9998745840812068	0.1290872343918975	12.990551004966932
GOTERM_CC_ALL	GO:0044421~extracellular region part	7	63.63636363636363	0.008751005640457398	3304, 3303, 3313, 644, 3336, 3329, 351	11	3878	18224	2.99048244174598	0.7908146667699576	0.144828688518018	10.242871277317134
GOTERM_BP_ALL	GO:1900103~positive regulation of endoplasmic reticulum unfolded protein response	2	18.181818181818183	0.00889937822066263	3304, 3303	11	15	16792	203.53939393939393	0.9998932281383193	0.1293870892036011	13.20718300461663
GOTERM_BP_ALL	GO:0051131~chaperone-mediated protein complex assembly	2	18.181818181818183	0.00889937822066263	9361, 3329	11	15	16792	203.53939393939393	0.9998932281383193	0.1293870892036011	13.20718300461663
GOTERM_BP_ALL	GO:0006952~defense response	5	45.45454545454545	0.008950792997966929	3304, 3303, 5610, 3329, 351	11	1518	16792	5.028147083483051	0.9998987468877114	0.12827554520854267	13.278499948815748
GOTERM_BP_ALL	GO:0044267~cellular protein metabolic process	8	72.72727272727273	0.008959932505775176	3304, 8192, 3303, 9361, 5610, 3336, 3329, 351	11	4900	16792	2.4923191094619668	0.9998996976383084	0.12663506293729865	13.291171523812862
GOTERM_BP_ALL	GO:0002376~immune system process	6	54.54545454545454	0.008976007276050189	3304, 3303, 3313, 5610, 3329, 351	11	2465	16792	3.7157293011248385	0.9999013482528626	0.125129953516675	13.31345436415936
GOTERM_BP_ALL	GO:0002218~activation of innate immune response	3	27.27272727272727	0.00918198316689306	3304, 3303, 3329	11	250	16792	18.318545454545454	0.9999202455920323	0.12611630059356782	13.598503671097683
GOTERM_BP_ALL	GO:0032075~positive regulation of nuclease activity	2	18.181818181818183	0.00949012783079724	3304, 3303	11	16	16792	190.81818181818184	0.9999419822348006	0.12837065123678915	14.023304835740813
GOTERM_BP_ALL	GO:0006955~immune response	5	45.45454545454545	0.00965868931661041	3304, 3303, 5610, 3329, 351	11	1551	16792	4.921165230642987	0.9999512529879653	0.12881500052920325	14.254851078755415
GOTERM_BP_ALL	GO:0051246~regulation of protein metabolic process	6	54.54545454545454	0.00973778877491279	3304, 3303, 5610, 3336, 3329, 351	11	2512	16792	3.646207295888824	0.9999550777731051	0.12814417189827232	14.363305352489242
GOTERM_BP_ALL	GO:0051084~'de novo' posttranslational protein folding	2	18.181818181818183	0.010080560515785209	3336, 3329	11	17	16792	179.5935828877005	0.999968475414726	0.13069748200165776	14.831800567482711
GOTERM_BP_ALL	GO:0034976~response to endoplasmic reticulum stress	3	27.27272727272727	0.010569633907221323	3304, 3303, 5610	11	269	16792	17.024670496789454	0.9999809850432312	0.13492332053737854	15.496102711933835
GOTERM_BP_ALL	GO:0090083~regulation of inclusion body assembly	2	18.181818181818183	0.010670676425999968	3304, 3303	11	18	16792	169.61616161616163	0.9999828713959206	0.1344626461152988	15.63274101109915
GOTERM_BP_ALL	GO:0000394~RNA splicing, via endonucleolytic cleavage and ligation	2	18.181818181818183	0.011260475712861415	3304, 3303	11	19	16792	160.68899521531102	0.9999906936632956	0.13968109883881974	16.426196326004483
GOTERM_MF_ALL	GO:0005515~protein binding	11	100.0	0.011534978030962394	3304, 8192, 3303, 3313, 644, 9361, 5610, 81570, 3336, 3329, 351	11	10806	16881	1.562187673514714	0.739677634025997	0.04386977019342919	12.397922952224471
GOTERM_BP_ALL	GO:1902236~negative regulation of endoplasmic reticulum stress-induced intrinsic apoptotic signaling pathway	2	18.181818181818183	0.011849958527459304	3304, 3303	11	20	16792	152.65454545454546	0.999994943852312	0.14473587939233323	17.212236023866943
GOTERM_MF_ALL	GO:0003723~RNA binding	5	45.45454545454545	0.011938278453710729	3313, 9361, 5610, 3336, 3329	11	1656	16881	4.633563899868247	0.7517137563751637	0.043946174031374685	12.804835261512991
GOTERM_BP_ALL	GO:0045089~positive regulation of innate immune response	3	27.27272727272727	0.012367210837898992	3304, 3303, 3329	11	292	16792	15.683686176836861	0.9999970406490798	0.14883227954474987	17.896250057181106
GOTERM_BP_ALL	GO:0051239~regulation of multicellular organismal process	6	54.54545454545454	0.012423319161735584	3304, 3303, 3313, 5610, 3329, 351	11	2659	16792	3.444630585661048	0.9999972077415682	0.1477354091279639	17.970128479773052
GOTERM_BP_ALL	GO:0006458~'de novo' protein folding	2	18.181818181818183	0.01243912502011007	3336, 3329	11	21	16792	145.3852813852814	0.9999972530867862	0.14622434947136764	17.990928973976583
GOTERM_BP_ALL	GO:0070841~inclusion body assembly	2	18.181818181818183	0.01243912502011007	3304, 3303	11	21	16792	145.3852813852814	0.9999972530867862	0.14622434947136764	17.990928973976583
GOTERM_BP_ALL	GO:0050685~positive regulation of mRNA processing	2	18.181818181818183	0.014792630791457925	3304, 3303	11	25	16792	122.12363636363636	0.9999997607854306	0.16966468816514424	21.033588581615003
GOTERM_BP_ALL	GO:0032069~regulation of nuclease activity	2	18.181818181818183	0.014792630791457925	3304, 3303	11	25	16792	122.12363636363636	0.9999997607854306	0.16966468816514424	21.033588581615003
GOTERM_MF_ALL	GO:0042623~ATPase activity, coupled	3	27.27272727272727	0.015102351075696003	3304, 3303, 9361	11	326	16881	14.122420524261013	0.8288536327808305	0.05366971214790495	15.937906362234111
GOTERM_BP_ALL	GO:0006379~mRNA cleavage	2	18.181818181818183	0.015380217938410053	3304, 3303	11	26	16792	117.42657342657343	0.9999998700627193	0.17389940105999058	21.776558805929124
GOTERM_BP_ALL	GO:1900101~regulation of endoplasmic reticulum unfolded protein response	2	18.181818181818183	0.015380217938410053	3304, 3303	11	26	16792	117.42657342657343	0.9999998700627193	0.17389940105999058	21.776558805929124
GOTERM_BP_ALL	GO:0033554~cellular response to stress	5	45.45454545454545	0.015423482706805578	3304, 3303, 9361, 5610, 81570	11	1773	16792	4.304978721222375	0.9999998757743496	0.1724614586683959	21.831004940896072
GOTERM_BP_ALL	GO:0031325~positive regulation of cellular metabolic process	6	54.54545454545454	0.016390789866788227	3304, 3303, 5610, 3336, 3329, 351	11	2839	16792	3.226232027922764	0.9999999545529035	0.18037023909216654	23.039072193511977
GOTERM_BP_ALL	GO:0033120~positive regulation of RNA splicing	2	18.181818181818183	0.016554446131328095	3304, 3303	11	28	16792	109.03896103896105	0.9999999616664866	0.18009687414069975	23.24172378325021
GOTERM_BP_ALL	GO:0016032~viral process	4	36.36363636363637	0.01679132392897755	3304, 3303, 5610, 3329	11	966	16792	6.321099190664408	0.9999999700392027	0.18054784457905215	23.534158484244884
GOTERM_BP_ALL	GO:0010604~positive regulation of macromolecule metabolic process	6	54.54545454545454	0.01680691302419343	3304, 3303, 5610, 3336, 3329, 351	11	2856	16792	3.2070282658517955	0.9999999705212507	0.17884292466850793	23.55336716434635
GOTERM_BP_ALL	GO:0019538~protein metabolic process	8	72.72727272727273	0.01693748688772531	3304, 8192, 3303, 9361, 5610, 3336, 3329, 351	11	5457	16792	2.2379262665134023	0.9999999742663324	0.17827833384772462	23.71408115513556
GOTERM_BP_ALL	GO:0065009~regulation of molecular function	6	54.54545454545454	0.01698041693888336	3304, 3303, 5610, 3336, 3329, 351	11	2863	16792	3.1991871209475122	0.9999999753906839	0.17689230535559897	23.766851488394448
GOTERM_BP_ALL	GO:0044764~multi-organism cellular process	4	36.36363636363637	0.017120928366520037	3304, 3303, 5610, 3329	11	973	16792	6.275623656918621	0.9999999787387014	0.17645411811786793	23.939331416896405
GOTERM_BP_ALL	GO:0042221~response to chemical	7	63.63636363636363	0.01788505915099657	3304, 3303, 9361, 5610, 3336, 3329, 351	11	4117	16792	2.595535142535385	0.9999999904048603	0.18182089579086647	24.870930944052116
GOTERM_BP_ALL	GO:0032269~negative regulation of cellular protein metabolic process	4	36.36363636363637	0.01803447997158905	3304, 3303, 5610, 351	11	992	16792	6.155425219941349	0.999999991787941	0.18142472185616088	25.051845027366248
GOTERM_CC_ALL	GO:0043227~membrane-bounded organelle	11	100.0	0.018190109227507283	3304, 8192, 3303, 3313, 644, 9361, 5610, 81570, 3336, 3329, 351	11	12209	18224	1.4926693422884756	0.9619041461330777	0.25699988167747034	20.20403531723466
GOTERM_BP_ALL	GO:0044419~interspecies interaction between organisms	4	36.36363636363637	0.018328729072507335	3304, 3303, 5610, 3329	11	998	16792	6.118418655492803	0.9999999939563233	0.18235076596203303	25.406920022289125
GOTERM_BP_ALL	GO:0044403~symbiosis, encompassing mutualism through parasitism	4	36.36363636363637	0.018328729072507335	3304, 3303, 5610, 3329	11	998	16792	6.118418655492803	0.9999999939563233	0.18235076596203303	25.406920022289125
GOTERM_BP_ALL	GO:0045088~regulation of innate immune response	3	27.27272727272727	0.01840767612108002	3304, 3303, 3329	11	360	16792	12.72121212121212	0.999999994433656	0.18132549915771612	25.501918157711057
GOTERM_CC_ALL	GO:0005925~focal adhesion	3	27.27272727272727	0.018437413219820977	3304, 3303, 3313	11	391	18224	12.711462450592885	0.9635746802755766	0.2412181261417311	20.450797011129662
GOTERM_CC_ALL	GO:0005924~cell-substrate adherens junction	3	27.27272727272727	0.01870533533728934	3304, 3303, 3313	11	394	18224	12.614674665436086	0.9653023638664583	0.22782564138566386	20.7173403512536
GOTERM_BP_ALL	GO:1902235~regulation of endoplasmic reticulum stress-induced intrinsic apoptotic signaling pathway	2	18.181818181818183	0.01889912232464506	3304, 3303	11	32	16792	95.40909090909092	0.9999999966651332	0.18398388697557178	26.090738280556025
GOTERM_CC_ALL	GO:0030055~cell-substrate junction	3	27.27272727272727	0.01915561900679019	3304, 3303, 3313	11	399	18224	12.456596035543404	0.9680243555268825	0.2180096765239422	21.163459271825012
GOTERM_BP_ALL	GO:0070423~nucleotide-binding oligomerization domain containing signaling pathway	2	18.181818181818183	0.019484504709478545	3304, 3303	11	33	16792	92.51790633608815	0.999999998189019	0.18740265096816222	26.78641651929974
GOTERM_BP_ALL	GO:0052548~regulation of endopeptidase activity	3	27.27272727272727	0.019582175878738037	3336, 3329, 351	11	372	16792	12.310850439882698	0.9999999983644805	0.18652646977482124	26.901891649033704
GOTERM_BP_ALL	GO:0051090~regulation of sequence-specific DNA binding transcription factor activity	3	27.27272727272727	0.019681477913765125	3304, 3303, 5610	11	373	16792	12.277845478917865	0.9999999985254685	0.18568115517795147	27.01911997536769
GOTERM_BP_ALL	GO:0001961~positive regulation of cytokine-mediated signaling pathway	2	18.181818181818183	0.02006957273085534	3304, 3303	11	34	16792	89.79679144385025	0.9999999990165925	0.18730547313802215	27.475587557561088
GOTERM_BP_ALL	GO:0035872~nucleotide-binding domain, leucine rich repeat containing receptor signaling pathway	2	18.181818181818183	0.02006957273085534	3304, 3303	11	34	16792	89.79679144385025	0.9999999990165925	0.18730547313802215	27.475587557561088
GOTERM_BP_ALL	GO:2000736~regulation of stem cell differentiation	2	18.181818181818183	0.02065432653607884	3313, 5610	11	35	16792	87.23116883116884	0.9999999994660049	0.19054364291306924	28.15831187586556
GOTERM_BP_ALL	GO:0060760~positive regulation of response to cytokine stimulus	2	18.181818181818183	0.02065432653607884	3304, 3303	11	35	16792	87.23116883116884	0.9999999994660049	0.19054364291306924	28.15831187586556
GOTERM_BP_ALL	GO:0051248~negative regulation of protein metabolic process	4	36.36363636363637	0.02094217214810449	3304, 3303, 5610, 351	11	1049	16792	5.8209550220989685	0.9999999996046917	0.19125222671631614	28.49216762127982
GOTERM_CC_ALL	GO:0005576~extracellular region	7	63.63636363636363	0.021167453877198487	3304, 3303, 3313, 644, 3336, 3329, 351	11	4623	18224	2.5085638998682476	0.9778131620712256	0.22421800830075445	23.12865723905886
GOTERM_BP_ALL	GO:1901099~negative regulation of signal transduction in absence of ligand	2	18.181818181818183	0.021822892102306	3304, 3303	11	37	16792	82.51597051597052	0.9999999998425665	0.19679539988627337	29.504659504766874
GOTERM_BP_ALL	GO:2001240~negative regulation of extrinsic apoptotic signaling pathway in absence of ligand	2	18.181818181818183	0.021822892102306	3304, 3303	11	37	16792	82.51597051597052	0.9999999998425665	0.19679539988627337	29.504659504766874
GOTERM_BP_ALL	GO:0052547~regulation of peptidase activity	3	27.27272727272727	0.022025227696085004	3336, 3329, 351	11	396	16792	11.564738292011018	0.9999999998725946	0.19673734524144448	29.735363158844365
GOTERM_BP_ALL	GO:0009893~positive regulation of metabolic process	6	54.54545454545454	0.022159390215338262	3304, 3303, 5610, 3336, 3329, 351	11	3052	16792	3.0010723221732394	0.9999999998892777	0.1961348664422644	29.88794545092608
GOTERM_BP_ALL	GO:0031349~positive regulation of defense response	3	27.27272727272727	0.022655285043530808	3304, 3303, 3329	11	402	16792	11.392130257801899	0.9999999999341027	0.19841131098328812	30.44923387534687
GOTERM_BP_ALL	GO:1903573~negative regulation of response to endoplasmic reticulum stress	2	18.181818181818183	0.023573387588820705	3304, 3303	11	40	16792	76.32727272727273	0.9999999999748047	0.20393798385788275	31.477310806814252
GOTERM_CC_ALL	GO:0042645~mitochondrial nucleoid	2	18.181818181818183	0.02442609848164516	3313, 9361	11	45	18224	73.63232323232323	0.9877450682266966	0.24051459736097736	26.21650256999235
GOTERM_CC_ALL	GO:0005829~cytosol	6	54.54545454545454	0.024652383173190077	3304, 3303, 644, 5610, 3329, 351	11	3399	18224	2.9244965096686193	0.9882407930805924	0.2299962762405	26.426636511098167
GOTERM_BP_ALL	GO:0010823~negative regulation of mitochondrion organization	2	18.181818181818183	0.0253210632344097	3304, 3303	11	43	16792	71.00211416490485	0.9999999999959691	0.21567796059072852	33.39510061647426
GOTERM_CC_ALL	GO:0009295~nucleoid	2	18.181818181818183	0.02549913043665647	3313, 9361	11	47	18224	70.4990328820116	0.9899251841951315	0.22541563124811725	27.208080178429295
GOTERM_BP_ALL	GO:0032757~positive regulation of interleukin-8 production	2	18.181818181818183	0.025902995849017046	3304, 3303	11	44	16792	69.38842975206612	0.999999999997812	0.21832169395076972	34.02243573601149
GOTERM_BP_ALL	GO:1901028~regulation of mitochondrial outer membrane permeabilization involved in apoptotic signaling pathway	2	18.181818181818183	0.028227600627174214	3304, 3303	11	48	16792	63.60606060606061	0.99999999999981	0.23378542800546953	36.47360208410477
GOTERM_BP_ALL	GO:0019058~viral life cycle	3	27.27272727272727	0.028545845743604307	3304, 3303, 5610	11	455	16792	10.065134865134864	0.9999999999998641	0.23426008167523626	36.80245520872213
GOTERM_MF_ALL	GO:0044822~poly(A) RNA binding	4	36.36363636363637	0.029207594877996533	3313, 5610, 3336, 3329	11	1196	16881	5.132563089084828	0.9678886235017085	0.09895342523944739	28.693853922219347
GOTERM_BP_ALL	GO:1903313~positive regulation of mRNA metabolic process	2	18.181818181818183	0.02996777642341127	3304, 3303	11	51	16792	59.864527629233514	0.9999999999999697	0.24263410969760413	38.2523951568828
GOTERM_BP_ALL	GO:2001239~regulation of extrinsic apoptotic signaling pathway in absence of ligand	2	18.181818181818183	0.02996777642341127	3304, 3303	11	51	16792	59.864527629233514	0.9999999999999697	0.24263410969760413	38.2523951568828
GOTERM_BP_ALL	GO:0010803~regulation of tumor necrosis factor-mediated signaling pathway	2	18.181818181818183	0.02996777642341127	3304, 3303	11	51	16792	59.864527629233514	0.9999999999999697	0.24263410969760413	38.2523951568828
GOTERM_BP_ALL	GO:0010035~response to inorganic substance	3	27.27272727272727	0.030196718529475138	9361, 3329, 351	11	469	16792	9.764683078115914	0.9999999999999761	0.24238985661580703	38.48291319489343
GOTERM_BP_ALL	GO:0006397~mRNA processing	3	27.27272727272727	0.030435710440975636	3304, 3303, 351	11	471	16792	9.723219455703532	0.9999999999999815	0.2422206785306098	38.722689922983065
GOTERM_BP_ALL	GO:0061077~chaperone-mediated protein folding	2	18.181818181818183	0.030547211476517046	3336, 3329	11	52	16792	58.71328671328671	0.9999999999999836	0.24116755603224382	38.83425730735824
GOTERM_BP_ALL	GO:0097345~mitochondrial outer membrane permeabilization	2	18.181818181818183	0.031705147160947945	3304, 3303	11	54	16792	56.53872053872055	0.9999999999999951	0.24733501554368487	39.9816860790687
GOTERM_BP_ALL	GO:0002753~cytoplasmic pattern recognition receptor signaling pathway	2	18.181818181818183	0.031705147160947945	3304, 3303	11	54	16792	56.53872053872055	0.9999999999999951	0.24733501554368487	39.9816860790687
GOTERM_BP_ALL	GO:1902110~positive regulation of mitochondrial membrane permeability involved in apoptotic process	2	18.181818181818183	0.032283648088448504	3304, 3303	11	55	16792	55.51074380165289	0.9999999999999973	0.2494371672700405	40.54735363548485
GOTERM_BP_ALL	GO:1902686~mitochondrial outer membrane permeabilization involved in programmed cell death	2	18.181818181818183	0.032283648088448504	3304, 3303	11	55	16792	55.51074380165289	0.9999999999999973	0.2494371672700405	40.54735363548485
GOTERM_BP_ALL	GO:0035794~positive regulation of mitochondrial membrane permeability	2	18.181818181818183	0.033439716859315745	3304, 3303	11	57	16792	53.56299840510367	0.9999999999999992	0.2553666740325822	41.662843942322915
GOTERM_BP_ALL	GO:0002757~immune response-activating signal transduction	3	27.27272727272727	0.03373799317182661	3304, 3303, 3329	11	498	16792	9.196056955093098	0.9999999999999994	0.25549730957530337	41.94745154622803
GOTERM_BP_ALL	GO:0070059~intrinsic apoptotic signaling pathway in response to endoplasmic reticulum stress	2	18.181818181818183	0.03401728500029346	3304, 3303	11	58	16792	52.63949843260188	0.9999999999999996	0.2555016246386381	42.21276485534558
GOTERM_CC_ALL	GO:0030054~cell junction	4	36.36363636363637	0.03467628345348622	3304, 3303, 3313, 351	11	1379	18224	4.805590348737557	0.9981302231516775	0.2815277672908135	35.2019473328371
GOTERM_BP_ALL	GO:1902108~regulation of mitochondrial membrane permeability involved in apoptotic process	2	18.181818181818183	0.03517148953493543	3304, 3303	11	60	16792	50.88484848484848	0.9999999999999999	0.2611897657345248	43.297200210211074
GOTERM_BP_ALL	GO:0032677~regulation of interleukin-8 production	2	18.181818181818183	0.03517148953493543	3304, 3303	11	60	16792	50.88484848484848	0.9999999999999999	0.2611897657345248	43.297200210211074
GOTERM_BP_ALL	GO:0080134~regulation of response to stress	4	36.36363636363637	0.035696452149868975	3304, 3303, 5610, 3329	11	1285	16792	4.751892465511143	0.9999999999999999	0.262726652460339	43.78409550641826
GOTERM_CC_ALL	GO:0005905~clathrin-coated pit	2	18.181818181818183	0.03776287843970461	3329, 351	11	70	18224	47.335064935064935	0.9989426589476602	0.2900778040871842	37.7037478132974
GOTERM_MF_ALL	GO:0003725~double-stranded RNA binding	2	18.181818181818183	0.03785437044755445	5610, 3329	11	65	16881	47.21958041958042	0.9886254524809042	0.1233593763722185	35.61313295087272
GOTERM_BP_ALL	GO:0002764~immune response-regulating signaling pathway	3	27.27272727272727	0.03796150377464725	3304, 3303, 3329	11	531	16792	8.624550590652285	1.0	0.2752130194679251	45.84033439035481
GOTERM_CC_ALL	GO:0005791~rough endoplasmic reticulum	2	18.181818181818183	0.038292919818238284	3329, 351	11	71	18224	46.668373879641486	0.9990414367361399	0.2817631948528051	38.124328980294905
GOTERM_CC_ALL	GO:0043226~organelle	11	100.0	0.038346682747805325	3304, 8192, 3303, 3313, 644, 9361, 5610, 81570, 3336, 3329, 351	11	13154	18224	1.3854340884901932	0.9990509282168043	0.27120647948466226	38.16684314910322
GOTERM_BP_ALL	GO:0032637~interleukin-8 production	2	18.181818181818183	0.03862665984558435	3304, 3303	11	66	16792	46.25895316804407	1.0	0.2774637929227436	46.43065179129443
GOTERM_CC_ALL	GO:0005615~extracellular space	4	36.36363636363637	0.039055420600595046	3304, 3303, 3329, 351	11	1444	18224	4.589272223621254	0.9991676523602842	0.2653166347622502	38.724789632435986
GOTERM_CC_ALL	GO:0016234~inclusion body	2	18.181818181818183	0.03935221433514915	3304, 3303	11	73	18224	45.38978829389789	0.9992121834277203	0.257520649633146	38.95706042978282
GOTERM_BP_ALL	GO:0051704~multi-organism process	5	45.45454545454545	0.03936975824865028	3304, 3303, 5610, 3329, 351	11	2341	16792	3.2604559046250627	1.0	0.2801526872470961	47.083010658090416
GOTERM_BP_ALL	GO:0031324~negative regulation of cellular metabolic process	5	45.45454545454545	0.03959027784104568	3304, 3303, 5610, 3329, 351	11	2345	16792	3.2548943593719715	1.0	0.2796163030829769	47.27516586128772
GOTERM_BP_ALL	GO:0002253~activation of immune response	3	27.27272727272727	0.04048388955355003	3304, 3303, 3329	11	550	16792	8.326611570247934	1.0	0.2831489541173219	48.04716454300586
GOTERM_MF_ALL	GO:0001618~virus receptor activity	2	18.181818181818183	0.040712113574530806	3304, 3303	11	70	16881	43.846753246753245	0.9919447429521242	0.12868799614663118	37.761547435551336
GOTERM_BP_ALL	GO:0065008~regulation of biological quality	6	54.54545454545454	0.040796015769578274	3304, 3303, 3313, 5610, 3329, 351	11	3548	16792	2.5815312083632262	1.0	0.28314864142887675	48.31430819201981
GOTERM_BP_ALL	GO:0036498~IRE1-mediated unfolded protein response	2	18.181818181818183	0.040923915833171	3304, 3303	11	70	16792	43.61558441558442	1.0	0.2820560223921622	48.42340355342078
GOTERM_BP_ALL	GO:0046902~regulation of mitochondrial membrane permeability	2	18.181818181818183	0.040923915833171	3304, 3303	11	70	16792	43.61558441558442	1.0	0.2820560223921622	48.42340355342078
GOTERM_BP_ALL	GO:0090559~regulation of membrane permeability	2	18.181818181818183	0.043216230158690076	3304, 3303	11	74	16792	41.25798525798526	1.0	0.2936509555897673	50.34247646577861
GOTERM_BP_ALL	GO:0097192~extrinsic apoptotic signaling pathway in absence of ligand	2	18.181818181818183	0.04378853771308091	3304, 3303	11	75	16792	40.70787878787879	1.0	0.29507543983702234	50.811051858807765
GOTERM_BP_ALL	GO:0038034~signal transduction in absence of ligand	2	18.181818181818183	0.04378853771308091	3304, 3303	11	75	16792	40.70787878787879	1.0	0.29507543983702234	50.811051858807765
GOTERM_BP_ALL	GO:1900034~regulation of cellular response to heat	2	18.181818181818183	0.04436053715074226	3304, 3303	11	76	16792	40.172248803827756	1.0	0.29647572838485836	51.27523334965769
GOTERM_BP_ALL	GO:0080135~regulation of cellular response to stress	3	27.27272727272727	0.04473701366999455	3304, 3303, 5610	11	581	16792	7.882334532936942	1.0	0.2967477750080608	51.578503751217156
GOTERM_CC_ALL	GO:0005911~cell-cell junction	3	27.27272727272727	0.04648811486124827	3304, 3303, 351	11	644	18224	7.717673630717108	0.9997910474342754	0.287472044343943	44.30388117631268
GOTERM_CC_ALL	GO:0044428~nuclear part	6	54.54545454545454	0.04653267694686962	3304, 3303, 3313, 9361, 3329, 351	11	3981	18224	2.4969514283756933	0.9997927784940636	0.27835365496627307	44.33587458216296
GOTERM_MF_ALL	GO:0051087~chaperone binding	2	18.181818181818183	0.04697227604778263	3336, 3329	11	81	16881	37.892255892255896	0.9962308621972901	0.1436064468033149	42.24113776334546
GOTERM_BP_ALL	GO:0051240~positive regulation of multicellular organismal process	4	36.36363636363637	0.047035746655979274	3304, 3303, 5610, 3329	11	1431	16792	4.267073248205324	1.0	0.3077483951141775	53.39221974776264
GOTERM_BP_ALL	GO:0006461~protein complex assembly	4	36.36363636363637	0.048211567216528646	8192, 9361, 5610, 3329	11	1445	16792	4.2257313620635415	1.0	0.31232364770304155	54.29515316413358
GOTERM_BP_ALL	GO:0070271~protein complex biogenesis	4	36.36363636363637	0.04829614363930723	8192, 9361, 5610, 3329	11	1446	16792	4.2228090028919905	1.0	0.3108885057776345	54.35946496491335
GOTERM_CC_ALL	GO:0043228~non-membrane-bounded organelle	6	54.54545454545454	0.048628273357646926	3304, 3303, 3313, 9361, 5610, 351	11	4026	18224	2.469042135212031	0.9998599307373836	0.2801003587776625	45.82148446660996
GOTERM_CC_ALL	GO:0043232~intracellular non-membrane-bounded organelle	6	54.54545454545454	0.048628273357646926	3304, 3303, 3313, 9361, 5610, 351	11	4026	18224	2.469042135212031	0.9998599307373836	0.2801003587776625	45.82148446660996
GOTERM_MF_ALL	GO:0019904~protein domain specific binding	3	27.27272727272727	0.04897622418624267	3304, 3303, 351	11	614	16881	7.4982232750962385	0.9970474351439705	0.14566733434098478	43.611682794464215
GOTERM_CC_ALL	GO:0043231~intracellular membrane-bounded organelle	10	90.9090909090909	0.04975167502226479	3304, 8192, 3303, 3313, 9361, 5610, 81570, 3336, 3329, 351	11	11035	18224	1.5013387156567943	0.999886497332834	0.27705150238754983	46.602804063600125
GOTERM_BP_ALL	GO:0009892~negative regulation of metabolic process	5	45.45454545454545	0.05012118939302692	3304, 3303, 5610, 3329, 351	11	2522	16792	3.02645807800447	1.0	0.3188464497311002	55.726744965222274
GOTERM_BP_ALL	GO:0006919~activation of cysteine-type endopeptidase activity involved in apoptotic process	2	18.181818181818183	0.05063223748426992	3336, 3329	11	87	16792	35.09299895506792	1.0	0.3196681204188794	56.102675367522096
GOTERM_MF_ALL	GO:0031072~heat shock protein binding	2	18.181818181818183	0.0509368476985936	3304, 3303	11	88	16881	34.87809917355372	0.9976760167002063	0.14750794106027443	44.92381757612351
GOTERM_CC_ALL	GO:0005912~adherens junction	3	27.27272727272727	0.053207211464410875	3304, 3303, 3313	11	694	18224	7.161645271155358	0.9999406556246108	0.2850849039017609	48.94168828592892
GOTERM_CC_ALL	GO:0070062~extracellular exosome	5	45.45454545454545	0.05458615273475324	3313, 644, 3336, 3329, 351	11	2811	18224	2.9468645904078135	0.9999542165298433	0.28326773263049565	49.848462588165255
GOTERM_BP_ALL	GO:2001243~negative regulation of intrinsic apoptotic signaling pathway	2	18.181818181818183	0.0546040070951878	3304, 3303	11	94	16792	32.479690522243715	1.0	0.3385084960151816	58.92403427988584
GOTERM_CC_ALL	GO:1903561~extracellular vesicle	5	45.45454545454545	0.05545672355765791	3313, 644, 3336, 3329, 351	11	2825	18224	2.932260659694288	0.9999611410336335	0.2793481198735873	50.41329552545268
GOTERM_CC_ALL	GO:0043230~extracellular organelle	5	45.45454545454545	0.05551922234656314	3313, 644, 3336, 3329, 351	11	2826	18224	2.931223058611594	0.9999615960428905	0.27220050609883417	50.45361951307332
GOTERM_CC_ALL	GO:0070161~anchoring junction	3	27.27272727272727	0.055570056297560046	3304, 3303, 3313	11	711	18224	6.990410433448408	0.9999619622187165	0.26537259319179696	50.486395172588
GOTERM_BP_ALL	GO:0051603~proteolysis involved in cellular protein catabolic process	3	27.27272727272727	0.055850646075634544	8192, 3303, 9361	11	657	16792	6.970527189705272	1.0	0.34291911804896524	59.77394812593485
GOTERM_BP_ALL	GO:0048863~stem cell differentiation	2	18.181818181818183	0.05686686937408447	3313, 5610	11	98	16792	31.153988868274585	1.0	0.3460884502128363	60.454553613541584
GOTERM_BP_ALL	GO:0009719~response to endogenous stimulus	4	36.36363636363637	0.057333218045365925	3303, 9361, 3329, 351	11	1548	16792	3.9445618980502704	1.0	0.34646218811089635	60.763260912801776
GOTERM_BP_ALL	GO:0016071~mRNA metabolic process	3	27.27272727272727	0.05815373660955129	3304, 3303, 351	11	672	16792	6.814935064935064	1.0	0.3485860421884104	61.30094270914264
GOTERM_BP_ALL	GO:0070887~cellular response to chemical stimulus	5	45.45454545454545	0.058552557875006774	3304, 3303, 9361, 5610, 351	11	2648	16792	2.88244987640758	1.0	0.34860715531700703	61.559787902975096
GOTERM_MF_ALL	GO:0042826~histone deacetylase binding	2	18.181818181818183	0.05882149212168551	3304, 3303	11	102	16881	30.090909090909093	0.9991170173751637	0.1649911451817606	49.92414409671997
GOTERM_MF_ALL	GO:0003697~single-stranded DNA binding	2	18.181818181818183	0.05882149212168551	9361, 3329	11	102	16881	30.090909090909093	0.9991170173751637	0.1649911451817606	49.92414409671997
GOTERM_CC_ALL	GO:1990234~transferase complex	3	27.27272727272727	0.059545363465584415	3304, 3303, 3329	11	739	18224	6.725550498216262	0.9999820469748689	0.2748701004757056	52.98869543295004
GOTERM_BP_ALL	GO:0007006~mitochondrial membrane organization	2	18.181818181818183	0.059688591674419984	3304, 3303	11	103	16792	29.641659311562222	1.0	0.3522203925779971	62.288240338083114
GOTERM_BP_ALL	GO:0002244~hematopoietic progenitor cell differentiation	2	18.181818181818183	0.059688591674419984	3313, 5610	11	103	16792	29.641659311562222	1.0	0.3522203925779971	62.288240338083114
GOTERM_BP_ALL	GO:0050778~positive regulation of immune response	3	27.27272727272727	0.0600211218216022	3304, 3303, 3329	11	684	16792	6.695374800637958	1.0	0.3518992238655967	62.4990072475238
GOTERM_BP_ALL	GO:0050684~regulation of mRNA processing	2	18.181818181818183	0.060252023517918904	3304, 3303	11	104	16792	29.356643356643357	1.0	0.35109462693344085	62.644709426606916
GOTERM_CC_ALL	GO:0005814~centriole	2	18.181818181818183	0.06031878491457055	3304, 3303	11	113	18224	29.322606596942883	0.9999844926701793	0.2712362329089857	53.46181996084989
GOTERM_BP_ALL	GO:0044257~cellular protein catabolic process	3	27.27272727272727	0.060805646404475756	8192, 3303, 9361	11	689	16792	6.646787175089061	1.0	0.35184121612556574	62.99189574716853
GOTERM_BP_ALL	GO:2001237~negative regulation of extrinsic apoptotic signaling pathway	2	18.181818181818183	0.06081515150046281	3304, 3303	11	105	16792	29.077056277056275	1.0	0.34999736519434355	62.99783007048059
GOTERM_BP_ALL	GO:0043484~regulation of RNA splicing	2	18.181818181818183	0.06306462769744789	3304, 3303	11	109	16792	28.010008340283573	1.0	0.35870225546225043	64.37744895030502
GOTERM_BP_ALL	GO:0044248~cellular catabolic process	4	36.36363636363637	0.06380471062694032	8192, 3303, 644, 9361	11	1616	16792	3.7785778577857787	1.0	0.36024682479983205	64.82070756395659
GOTERM_BP_ALL	GO:0051806~entry into cell of other organism involved in symbiotic interaction	2	18.181818181818183	0.06418754639894583	3304, 3303	11	111	16792	27.505323505323506	1.0	0.3601278924722	65.0479667049225
GOTERM_BP_ALL	GO:0044409~entry into host	2	18.181818181818183	0.06418754639894583	3304, 3303	11	111	16792	27.505323505323506	1.0	0.3601278924722	65.0479667049225
GOTERM_BP_ALL	GO:0046718~viral entry into host cell	2	18.181818181818183	0.06418754639894583	3304, 3303	11	111	16792	27.505323505323506	1.0	0.3601278924722	65.0479667049225
GOTERM_BP_ALL	GO:0030260~entry into host cell	2	18.181818181818183	0.06418754639894583	3304, 3303	11	111	16792	27.505323505323506	1.0	0.3601278924722	65.0479667049225
GOTERM_BP_ALL	GO:0051828~entry into other organism involved in symbiotic interaction	2	18.181818181818183	0.06418754639894583	3304, 3303	11	111	16792	27.505323505323506	1.0	0.3601278924722	65.0479667049225
GOTERM_CC_ALL	GO:0044424~intracellular part	11	100.0	0.06469302268549312	3304, 8192, 3303, 3313, 644, 9361, 5610, 81570, 3336, 3329, 351	11	13860	18224	1.3148629148629147	0.9999932416138785	0.28156988651626746	56.05634418644445
GOTERM_MF_ALL	GO:0008233~peptidase activity	3	27.27272727272727	0.06723745116037547	8192, 9361, 351	11	733	16881	6.280912811608582	0.9996885074547476	0.1827852598314763	54.80153639588956
GOTERM_BP_ALL	GO:0031399~regulation of protein modification process	4	36.36363636363637	0.06858462879176405	3304, 3303, 5610, 351	11	1664	16792	3.6695804195804196	1.0	0.3781519058747599	67.5614263764315
GOTERM_BP_ALL	GO:0043280~positive regulation of cysteine-type endopeptidase activity involved in apoptotic process	2	18.181818181818183	0.0686671189703364	3336, 3329	11	119	16792	25.656226126814364	1.0	0.3765975505247988	67.60691900901071
GOTERM_BP_ALL	GO:0044710~single-organism metabolic process	6	54.54545454545454	0.06902888815612357	3304, 3303, 644, 5610, 3329, 351	11	4063	16792	2.254312755912559	1.0	0.3762953917721652	67.80572665477189
GOTERM_BP_ALL	GO:0071822~protein complex subunit organization	4	36.36363636363637	0.0696022730067897	8192, 9361, 5610, 3329	11	1674	16792	3.6476593895948737	1.0	0.3769274962002299	68.11848596529867
GOTERM_MF_ALL	GO:0003676~nucleic acid binding	6	54.54545454545454	0.06983012759339291	3313, 9361, 5610, 3336, 3329, 351	11	4097	16881	2.247453791022256	0.9997744601999105	0.1851939890932055	56.21429768980697
GOTERM_BP_ALL	GO:0065003~macromolecular complex assembly	4	36.36363636363637	0.07332756967844406	8192, 9361, 5610, 3329	11	1710	16792	3.5708665603402445	1.0	0.39117297290334974	70.08219242339263
GOTERM_BP_ALL	GO:2001056~positive regulation of cysteine-type endopeptidase activity	2	18.181818181818183	0.07368356284118138	3336, 3329	11	128	16792	23.85227272727273	1.0	0.3907753833935015	70.26379129871074
GOTERM_BP_ALL	GO:0031397~negative regulation of protein ubiquitination	2	18.181818181818183	0.0742394416439472	3304, 3303	11	129	16792	23.66737138830162	1.0	0.39122931354358326	70.54529158407952
GOTERM_BP_ALL	GO:1903311~regulation of mRNA metabolic process	2	18.181818181818183	0.07645995589265604	3304, 3303	11	133	16792	22.95557074504443	1.0	0.39864271077590274	71.64505727276598
GOTERM_BP_ALL	GO:0002831~regulation of response to biotic stimulus	2	18.181818181818183	0.07812219459336296	5610, 3329	11	136	16792	22.449197860962563	1.0	0.4036060786182535	72.44301470741978
GOTERM_BP_ALL	GO:0090501~RNA phosphodiester bond hydrolysis	2	18.181818181818183	0.07812219459336296	3304, 3303	11	136	16792	22.449197860962563	1.0	0.4036060786182535	72.44301470741978
GOTERM_BP_ALL	GO:0046683~response to organophosphorus	2	18.181818181818183	0.07812219459336296	3329, 351	11	136	16792	22.449197860962563	1.0	0.4036060786182535	72.44301470741978
GOTERM_BP_ALL	GO:0034097~response to cytokine	3	27.27272727272727	0.07949241709932514	3304, 3303, 5610	11	802	16792	5.710269780095216	1.0	0.4072937510742236	73.08491917139362
GOTERM_BP_ALL	GO:0033209~tumor necrosis factor-mediated signaling pathway	2	18.181818181818183	0.07978174020507632	3304, 3303	11	139	16792	21.964682799215176	1.0	0.4065607113696982	73.21865397896737
GOTERM_BP_ALL	GO:1903321~negative regulation of protein modification by small protein conjugation or removal	2	18.181818181818183	0.0803343242807686	3304, 3303	11	140	16792	21.80779220779221	1.0	0.40689593837152205	73.47234853227896
GOTERM_BP_ALL	GO:0044087~regulation of cellular component biogenesis	3	27.27272727272727	0.08035934498335494	3304, 3303, 5610	11	807	16792	5.674890165596485	1.0	0.40511556619626254	73.48378222666369
GOTERM_BP_ALL	GO:0010950~positive regulation of endopeptidase activity	2	18.181818181818183	0.08088660969540198	3336, 3329	11	141	16792	21.653127014829145	1.0	0.4053567128729617	73.72365490803429
GOTERM_BP_ALL	GO:0030163~protein catabolic process	3	27.27272727272727	0.08105520005014993	8192, 3303, 9361	11	811	16792	5.646900571684789	1.0	0.4041729067410156	73.79992307964045
GOTERM_CC_ALL	GO:0072562~blood microparticle	2	18.181818181818183	0.08138122859432674	3304, 3303	11	154	18224	21.5159386068477	0.999999725788164	0.33526127725139165	64.78179204435133
GOTERM_BP_ALL	GO:0001959~regulation of cytokine-mediated signaling pathway	2	18.181818181818183	0.08199028513028908	3304, 3303	11	143	16792	21.350286077558806	1.0	0.40602733959109305	74.21919228545799
GOTERM_BP_ALL	GO:0002520~immune system development	3	27.27272727272727	0.08280375324822059	3313, 5610, 3329	11	821	16792	5.5781198095449005	1.0	0.4073823764834026	74.57881032637464
GOTERM_CC_ALL	GO:0044450~microtubule organizing center part	2	18.181818181818183	0.08290556940703593	3304, 3303	11	157	18224	21.104806022003476	0.9999997959662676	0.33328607541321087	65.49359393721437
GOTERM_BP_ALL	GO:0043488~regulation of mRNA stability	2	18.181818181818183	0.08309276765025744	3304, 3303	11	145	16792	21.055799373040752	1.0	0.4066819725084143	74.70544234683751
GOTERM_CC_ALL	GO:0005622~intracellular	11	100.0	0.08337476353958849	3304, 8192, 3303, 3313, 644, 9361, 5610, 81570, 3336, 3329, 351	11	14216	18224	1.2819358469330333	0.9999998137303121	0.32789125951529097	65.7100125654069
GOTERM_BP_ALL	GO:0051707~response to other organism	3	27.27272727272727	0.08421167299980553	5610, 3329, 351	11	829	16792	5.524289944072815	1.0	0.40919946139083163	75.1901406479964
GOTERM_BP_ALL	GO:0043207~response to external biotic stimulus	3	27.27272727272727	0.08421167299980553	5610, 3329, 351	11	829	16792	5.524289944072815	1.0	0.40919946139083163	75.1901406479964
GOTERM_BP_ALL	GO:0060759~regulation of response to cytokine stimulus	2	18.181818181818183	0.08529415853919169	3304, 3303	11	149	16792	20.490543014032948	1.0	0.41154306429609855	75.650769232863
GOTERM_BP_ALL	GO:0048523~negative regulation of cellular process	6	54.54545454545454	0.08536096778110099	3304, 3303, 3313, 5610, 3329, 351	11	4300	16792	2.1300634249471457	1.0	0.40999154446128216	75.67893430416454
GOTERM_BP_ALL	GO:2001242~regulation of intrinsic apoptotic signaling pathway	2	18.181818181818183	0.08694207883209763	3304, 3303	11	152	16792	20.086124401913878	1.0	0.4141891458615632	76.33664858765435
GOTERM_BP_ALL	GO:0043487~regulation of RNA stability	2	18.181818181818183	0.08694207883209763	3304, 3303	11	152	16792	20.086124401913878	1.0	0.4141891458615632	76.33664858765435
GOTERM_BP_ALL	GO:0014074~response to purine-containing compound	2	18.181818181818183	0.08694207883209763	3329, 351	11	152	16792	20.086124401913878	1.0	0.4141891458615632	76.33664858765435
GOTERM_BP_ALL	GO:0009889~regulation of biosynthetic process	6	54.54545454545454	0.08825722645816336	3304, 3303, 9361, 5610, 3329, 351	11	4339	16792	2.1109178905906263	1.0	0.41732671711570357	76.87099285652367
GOTERM_BP_ALL	GO:0080090~regulation of primary metabolic process	7	63.63636363636363	0.08940485971046933	3304, 3303, 9361, 5610, 3336, 3329, 351	11	5798	16792	1.8430179685785066	1.0	0.4197990036748013	77.32801859832605
GOTERM_BP_ALL	GO:0060255~regulation of macromolecule metabolic process	7	63.63636363636363	0.0905598001231274	3304, 3303, 9361, 5610, 3336, 3329, 351	11	5815	16792	1.8376299538810288	1.0	0.4222651754642671	77.77940211249243
GOTERM_CC_ALL	GO:0043209~myelin sheath	2	18.181818181818183	0.09150058136997084	3313, 3329	11	174	18224	19.04284221525601	0.9999999618241809	0.34755379541021725	69.26575246745661
GOTERM_BP_ALL	GO:2001236~regulation of extrinsic apoptotic signaling pathway	2	18.181818181818183	0.09186982034029176	3304, 3303	11	161	16792	18.963297571993223	1.0	0.4252629604677265	78.28119906732324
GOTERM_BP_ALL	GO:0009607~response to biotic stimulus	3	27.27272727272727	0.09209533945587141	5610, 3329, 351	11	873	16792	5.245860668541081	1.0	0.4242996590485235	78.36650449968387
GOTERM_BP_ALL	GO:0031323~regulation of cellular metabolic process	7	63.63636363636363	0.0925525637386179	3304, 3303, 9361, 5610, 3336, 3329, 351	11	5844	16792	1.8285109825150891	1.0	0.42418178357150016	78.53849283266933
GOTERM_BP_ALL	GO:1901575~organic substance catabolic process	4	36.36363636363637	0.09325216605105897	8192, 3303, 644, 9361	11	1889	16792	3.2324943452524186	1.0	0.42493535486430123	78.79917562500394
GOTERM_BP_ALL	GO:0046483~heterocycle metabolic process	7	63.63636363636363	0.09783889853543441	3304, 3303, 644, 9361, 5610, 3329, 351	11	5919	16792	1.8053418114239197	1.0	0.4393945465274728	80.43615754646991
GOTERM_BP_ALL	GO:0006396~RNA processing	3	27.27272727272727	0.09890070322402546	3304, 3303, 351	11	910	16792	5.032567432567432	1.0	0.44130896382820917	80.79784262063215
GOTERM_BP_ALL	GO:0050776~regulation of immune response	3	27.27272727272727	0.09927295753163178	3304, 3303, 3329	11	912	16792	5.021531100478469	1.0	0.44082457991943247	80.92315438040556
GOTERM_BP_ALL	GO:0044707~single-multicellular organism process	7	63.63636363636363	0.09957112827572334	3304, 3303, 3313, 5610, 3336, 3329, 351	11	5943	16792	1.7980511832101937	1.0	0.4400908573659341	81.02297437190322
GOTERM_CC_ALL	GO:0032991~macromolecular complex	6	54.54545454545454	0.0996720758782198	3304, 8192, 3303, 5610, 3329, 351	11	4868	18224	2.041981026368865	0.9999999923558677	0.36608300510266345	72.49701725608075
GOTERM_BP_ALL	GO:1902533~positive regulation of intracellular signal transduction	3	27.27272727272727	0.09983216714020168	3304, 3303, 5610	11	915	16792	5.005067064083457	1.0	0.4392372040446151	81.10996161145097
