Category	Term	Count	%	PValue	Genes	List Total	Pop Hits	Pop Total	Fold Enrichment	Bonferroni	Benjamini	FDR
GOTERM_BP_ALL	GO:0048468~cell development	11	91.66666666666666	4.711317202121174E-9	1808, 135, 4974, 57142, 6198, 387, 4099, 5361, 5170, 57591, 9475	12	1968	16792	7.821476964769647	5.926819519608273E-6	5.926819519608273E-6	7.661369616496216E-6
GOTERM_BP_ALL	GO:0040011~locomotion	10	83.33333333333334	1.9655630674977536E-8	1808, 135, 57142, 6198, 387, 4099, 5361, 5170, 57591, 9475	12	1530	16792	9.145969498910675	2.4726477932279778E-5	1.2363315391894503E-5	3.196325514265297E-5
GOTERM_BP_ALL	GO:0050770~regulation of axonogenesis	6	50.0	4.156131768871752E-8	1808, 4974, 57142, 387, 4099, 5361	12	168	16792	49.976190476190474	5.228277198743303E-5	1.7427894392185728E-5	6.758545691987194E-5
GOTERM_BP_ALL	GO:0031175~neuron projection development	8	66.66666666666666	1.7491626674595536E-7	1808, 135, 4974, 57142, 387, 4099, 5361, 57591	12	817	16792	13.702162382700939	2.2002047468905328E-4	5.500965759941412E-5	2.8444198658661435E-4
GOTERM_BP_ALL	GO:0048812~neuron projection morphogenesis	7	58.333333333333336	4.4757664717731523E-7	1808, 135, 4974, 57142, 387, 4099, 5361	12	543	16792	18.03928790669122	5.628930643913899E-4	1.1260396933066019E-4	7.278301109470142E-4
GOTERM_BP_ALL	GO:0048666~neuron development	8	66.66666666666666	5.453436223872231E-7	1808, 135, 4974, 57142, 387, 4099, 5361, 57591	12	965	16792	11.600690846286701	6.858071906818974E-4	1.1433387405224149E-4	8.868139469542236E-4
GOTERM_BP_ALL	GO:0010769~regulation of cell morphogenesis involved in differentiation	6	50.0	1.361444394099751E-6	1808, 4974, 57142, 387, 4099, 5361	12	339	16792	24.766961651917402	0.0017112323830381637	2.446412438298351E-4	0.0022139075409266518
GOTERM_BP_ALL	GO:0006928~movement of cell or subcellular component	9	75.0	2.0594703000920354E-6	1808, 57142, 6198, 387, 4099, 5361, 5170, 57591, 9475	12	1795	16792	7.016155988857939	0.0025874630373119434	3.2379960375794603E-4	0.003348981832418385
GOTERM_BP_ALL	GO:0030154~cell differentiation	11	91.66666666666666	2.0703472855329085E-6	1808, 135, 4974, 57142, 6198, 387, 4099, 5361, 5170, 57591, 9475	12	3652	16792	4.214859437751004	0.0026011108148853435	2.893469734509546E-4	0.0033666690265832244
GOTERM_BP_ALL	GO:0016477~cell migration	8	66.66666666666666	2.1840181299793986E-6	57142, 6198, 387, 4099, 5361, 5170, 57591, 9475	12	1184	16792	9.454954954954955	0.002743726890068743	2.7471204052054166E-4	0.0035515103506855716
GOTERM_BP_ALL	GO:0051239~regulation of multicellular organismal process	10	83.33333333333334	2.505720641250845E-6	1808, 135, 4974, 57142, 6198, 387, 4099, 5361, 5170, 9475	12	2659	16792	5.262630061426602	0.0031472375479774106	2.8652262781292404E-4	0.004074632359962749
GOTERM_BP_ALL	GO:0030182~neuron differentiation	8	66.66666666666666	2.763434424813831E-6	1808, 135, 4974, 57142, 387, 4099, 5361, 57591	12	1226	16792	9.131049483414898	0.003470369609134938	2.8965848336770517E-4	0.004493700137042644
GOTERM_BP_ALL	GO:0040012~regulation of locomotion	7	58.333333333333336	3.404401546358416E-6	135, 57142, 6198, 387, 5361, 5170, 9475	12	768	16792	12.754340277777779	0.004273586563709353	3.293876196277523E-4	0.005535968117276191
GOTERM_BP_ALL	GO:0010975~regulation of neuron projection development	6	50.0	3.5920264445002063E-6	1808, 4974, 57142, 387, 4099, 5361	12	413	16792	20.329297820823243	0.004508583069522065	3.2271772849801206E-4	0.005841060501321493
GOTERM_BP_ALL	GO:0007409~axonogenesis	6	50.0	3.5920264445002063E-6	1808, 4974, 57142, 387, 4099, 5361	12	413	16792	20.329297820823243	0.004508583069522065	3.2271772849801206E-4	0.005841060501321493
GOTERM_BP_ALL	GO:0030030~cell projection organization	8	66.66666666666666	4.122350781168044E-6	1808, 135, 4974, 57142, 387, 4099, 5361, 57591	12	1301	16792	8.604663079682295	0.005172504262192623	3.4566877423369835E-4	0.006703403566410415
GOTERM_BP_ALL	GO:0048858~cell projection morphogenesis	7	58.333333333333336	4.22276509898597E-6	1808, 135, 4974, 57142, 387, 4099, 5361	12	797	16792	12.29025512337934	0.005298164664425675	3.319604958420541E-4	0.0068666832197972205
GOTERM_BP_ALL	GO:0051674~localization of cell	8	66.66666666666666	4.780911365196889E-6	57142, 6198, 387, 4099, 5361, 5170, 57591, 9475	12	1330	16792	8.41704260651629	0.00599635057108916	3.5372571104774764E-4	0.007774257685710939
GOTERM_BP_ALL	GO:0048870~cell motility	8	66.66666666666666	4.780911365196889E-6	57142, 6198, 387, 4099, 5361, 5170, 57591, 9475	12	1330	16792	8.41704260651629	0.00599635057108916	3.5372571104774764E-4	0.007774257685710939
GOTERM_BP_ALL	GO:0032990~cell part morphogenesis	7	58.333333333333336	4.876144321119154E-6	1808, 135, 4974, 57142, 387, 4099, 5361	12	817	16792	11.989392084863322	0.0061154286902842525	3.4073107750953735E-4	0.007929110586024635
GOTERM_BP_ALL	GO:0048869~cellular developmental process	11	91.66666666666666	4.931925363096626E-6	1808, 135, 4974, 57142, 6198, 387, 4099, 5361, 5170, 57591, 9475	12	3992	16792	3.8558784235136936	0.006185170000921558	3.2649286889208096E-4	0.008019812865556197
GOTERM_BP_ALL	GO:0061564~axon development	6	50.0	5.175297680646709E-6	1808, 4974, 57142, 387, 4099, 5361	12	445	16792	18.86741573033708	0.006489393674153687	3.254740882751017E-4	0.008415545408180236
GOTERM_BP_ALL	GO:0048699~generation of neurons	8	66.66666666666666	5.471756978648199E-6	1808, 135, 4974, 57142, 387, 4099, 5361, 57591	12	1357	16792	8.249570130189142	0.006859852166324787	3.2773148008846675E-4	0.008897597392154566
GOTERM_BP_ALL	GO:0060284~regulation of cell development	7	58.333333333333336	6.176181070067404E-6	1808, 4974, 57142, 387, 4099, 5361, 9475	12	851	16792	11.510379945162555	0.007739553994001724	3.531039977187067E-4	0.010043003994741895
GOTERM_BP_ALL	GO:0022008~neurogenesis	8	66.66666666666666	8.41419434066839E-6	1808, 135, 4974, 57142, 387, 4099, 5361, 57591	12	1447	16792	7.736466252015664	0.01052927597635156	4.6011589738370606E-4	0.01368197326248044
GOTERM_BP_ALL	GO:0048667~cell morphogenesis involved in neuron differentiation	6	50.0	8.786647422484513E-6	1808, 4974, 57142, 387, 4099, 5361	12	496	16792	16.927419354838708	0.010992783893743363	4.604627469646516E-4	0.014287563201242914
GOTERM_BP_ALL	GO:0050771~negative regulation of axonogenesis	4	33.33333333333333	8.934219635437444E-6	4974, 57142, 387, 4099	12	65	16792	86.1128205128205	0.01117637355788803	4.494708980231632E-4	0.014527507229600278
GOTERM_BP_ALL	GO:0048731~system development	11	91.66666666666666	9.95348403111694E-6	1808, 135, 4974, 57142, 6198, 387, 4099, 5361, 5170, 57591, 9475	12	4291	16792	3.5871980113415676	0.012443476865515057	4.814819437231055E-4	0.01618475843208067
GOTERM_BP_ALL	GO:0051128~regulation of cellular component organization	9	75.0	1.480609248601735E-5	1808, 4974, 57142, 387, 4099, 5361, 5170, 8840, 9475	12	2323	16792	5.421437795953508	0.018453806551819607	6.896214439167103E-4	0.02407440011701345
GOTERM_BP_ALL	GO:0045664~regulation of neuron differentiation	6	50.0	1.5845082705575436E-5	1808, 4974, 57142, 387, 4099, 5361	12	560	16792	14.992857142857144	0.01973591778076844	7.116492277089437E-4	0.025763572464998497
GOTERM_BP_ALL	GO:0022604~regulation of cell morphogenesis	6	50.0	1.6972502201793175E-5	1808, 4974, 57142, 387, 4099, 5361	12	568	16792	14.781690140845072	0.021125257497211836	7.359907143285049E-4	0.027596481301794817
GOTERM_BP_ALL	GO:0031344~regulation of cell projection organization	6	50.0	1.755933067865128E-5	1808, 4974, 57142, 387, 4099, 5361	12	572	16792	14.67832167832168	0.021847638215588105	7.360567084465641E-4	0.028550508648506057
GOTERM_BP_ALL	GO:0022603~regulation of anatomical structure morphogenesis	7	58.333333333333336	2.0846006975307796E-5	1808, 4974, 57142, 387, 4099, 5361, 9475	12	1051	16792	9.32001268633048	0.025883672884614906	8.455955119420766E-4	0.033893614017854734
GOTERM_BP_ALL	GO:2000026~regulation of multicellular organismal development	8	66.66666666666666	2.6686662756630377E-5	1808, 4974, 57142, 6198, 387, 4099, 5361, 9475	12	1721	16792	6.504745303118342	0.03301497502678319	0.0010485832805513517	0.043388028110458166
GOTERM_BP_ALL	GO:0007275~multicellular organism development	11	91.66666666666666	3.436651707678506E-5	1808, 135, 4974, 57142, 6198, 387, 4099, 5361, 5170, 57591, 9475	12	4877	16792	3.1561752443442006	0.04231256391704863	0.0013092579724929276	0.0558709062526197
GOTERM_BP_ALL	GO:0050767~regulation of neurogenesis	6	50.0	4.102662753037222E-5	1808, 4974, 57142, 387, 4099, 5361	12	682	16792	12.310850439882698	0.050303250296876545	0.0015168647543416514	0.06669510246267718
GOTERM_BP_ALL	GO:0030334~regulation of cell migration	6	50.0	4.1901085236847634E-5	57142, 6198, 387, 5361, 5170, 9475	12	685	16792	12.256934306569343	0.05134744995202223	0.001504942710411017	0.0681162136652591
GOTERM_BP_ALL	GO:0000902~cell morphogenesis	7	58.333333333333336	5.354935812044103E-5	1808, 135, 4974, 57142, 387, 4099, 5361	12	1240	16792	7.899462365591399	0.0651478553466982	0.001869552878637104	0.08704441243269079
GOTERM_BP_ALL	GO:0010771~negative regulation of cell morphogenesis involved in differentiation	4	33.33333333333333	5.493350845045954E-5	4974, 57142, 387, 4099	12	119	16792	47.03641456582633	0.06677434877208643	0.0018660473545871747	0.08929340396233165
GOTERM_BP_ALL	GO:2000145~regulation of cell motility	6	50.0	5.912927442442945E-5	57142, 6198, 387, 5361, 5170, 9475	12	736	16792	11.407608695652174	0.0716874714773611	0.001955633317318517	0.09611046720326977
GOTERM_BP_ALL	GO:0000904~cell morphogenesis involved in differentiation	6	50.0	6.595566292626477E-5	1808, 4974, 57142, 387, 4099, 5361	12	753	16792	11.150066401062416	0.07962580719821855	0.002125301427153392	0.10720069680876243
GOTERM_BP_ALL	GO:0010977~negative regulation of neuron projection development	4	33.33333333333333	7.149128015018881E-5	4974, 57142, 387, 4099	12	130	16792	43.05641025641025	0.08601328752127047	0.002245955194901117	0.11619307611994145
GOTERM_BP_ALL	GO:0051960~regulation of nervous system development	6	50.0	7.292750761347682E-5	1808, 4974, 57142, 387, 4099, 5361	12	769	16792	10.918075422626787	0.08766328319727368	0.0022352091675279517	0.11852604360607089
GOTERM_BP_ALL	GO:0032989~cellular component morphogenesis	7	58.333333333333336	7.663323984952351E-5	1808, 135, 4974, 57142, 387, 4099, 5361	12	1321	16792	7.415089578602069	0.09190684299090968	0.002292803449591485	0.12454529459654529
GOTERM_BP_ALL	GO:0051270~regulation of cellular component movement	6	50.0	8.911493243382E-5	57142, 6198, 387, 5361, 5170, 9475	12	802	16792	10.468827930174564	0.10605549482519083	0.002603850143730657	0.14481690496874755
GOTERM_BP_ALL	GO:0048856~anatomical structure development	11	91.66666666666666	1.0419034050461764E-4	1808, 135, 4974, 57142, 6198, 387, 4099, 5361, 5170, 57591, 9475	12	5473	16792	2.81247335404105	0.12285088891349194	0.002974618778864291	0.16929583958597005
GOTERM_BP_ALL	GO:0044767~single-organism developmental process	11	91.66666666666666	1.0455593326926003E-4	1808, 135, 4974, 57142, 6198, 387, 4099, 5361, 5170, 57591, 9475	12	5475	16792	2.8114459665144595	0.12325425289573178	0.002918804000676567	0.16988940672554298
GOTERM_BP_ALL	GO:0050793~regulation of developmental process	8	66.66666666666666	1.079602123992768E-4	1808, 4974, 57142, 6198, 387, 4099, 5361, 9475	12	2129	16792	5.258180679505244	0.12700135824262315	0.0029482817554021823	0.17541634895850144
GOTERM_BP_ALL	GO:0031345~negative regulation of cell projection organization	4	33.33333333333333	1.1599518881554511E-4	4974, 57142, 387, 4099	12	153	16792	36.5838779956427	0.13578215911730607	0.003100087143753094	0.1884602187714357
GOTERM_BP_ALL	GO:0007399~nervous system development	8	66.66666666666666	1.222311753269762E-4	1808, 135, 4974, 57142, 387, 4099, 5361, 57591	12	2170	16792	5.158832565284178	0.14253611451088966	0.0031985449061643356	0.1985825307027067
GOTERM_BP_ALL	GO:0032502~developmental process	11	91.66666666666666	1.3707387749906474E-4	1808, 135, 4974, 57142, 6198, 387, 4099, 5361, 5170, 57591, 9475	12	5632	16792	2.733072916666667	0.15840026965883225	0.003513217371930555	0.22267146900680768
GOTERM_BP_ALL	GO:0048523~negative regulation of cellular process	10	83.33333333333334	1.5353045456603805E-4	135, 4974, 57142, 6198, 387, 4099, 5170, 57591, 8840, 9475	12	4300	16792	3.254263565891473	0.17564675034284494	0.0038556705385128787	0.24937326377609814
GOTERM_BP_ALL	GO:0007417~central nervous system development	6	50.0	1.5734394038560213E-4	1808, 135, 57142, 387, 4099, 57591	12	904	16792	9.287610619469026	0.1795926147920024	0.0038739327860447537	0.2555599187296975
GOTERM_BP_ALL	GO:0045595~regulation of cell differentiation	7	58.333333333333336	1.8412725968722005E-4	1808, 4974, 57142, 387, 4099, 5361, 9475	12	1544	16792	6.34412780656304	0.20677900995224519	0.00444496523527127	0.29900061182036586
GOTERM_BP_ALL	GO:0044707~single-multicellular organism process	11	91.66666666666666	2.2904309376469624E-4	1808, 135, 4974, 57142, 6198, 387, 4099, 5361, 5170, 57591, 9475	12	5943	16792	2.5900499186718267	0.2503652677853728	0.005422400422083973	0.3718111369870436
GOTERM_BP_ALL	GO:0045665~negative regulation of neuron differentiation	4	33.33333333333333	2.3045478290420753E-4	4974, 57142, 387, 4099	12	193	16792	29.00172711571675	0.25169567178125973	0.00535497236982263	0.3740987375588922
GOTERM_BP_ALL	GO:0048519~negative regulation of biological process	10	83.33333333333334	2.8175047101792745E-4	135, 4974, 57142, 6198, 387, 4099, 5170, 57591, 8840, 9475	12	4623	16792	3.0268945129425338	0.2984702940695554	0.006424583254477478	0.4571884541279436
GOTERM_BP_ALL	GO:0032879~regulation of localization	8	66.66666666666666	2.844971971123889E-4	1808, 135, 57142, 6198, 387, 5361, 5170, 9475	12	2473	16792	4.526755627443052	0.30089084772509467	0.006371550643692325	0.4616358174955315
GOTERM_BP_ALL	GO:0016043~cellular component organization	11	91.66666666666666	2.977537386172975E-4	1808, 135, 4974, 57142, 387, 4099, 5361, 5170, 57591, 8840, 9475	12	6109	16792	2.519670431603645	0.3124563631592501	0.006550904437410798	0.48309753367570263
GOTERM_BP_ALL	GO:0007155~cell adhesion	7	58.333333333333336	3.1347507072708875E-4	135, 4974, 57142, 4099, 5170, 8840, 9475	12	1699	16792	5.765352167941927	0.3259247056332292	0.006777162839968542	0.5085440005986541
GOTERM_CC_ALL	GO:0042995~cell projection	7	58.333333333333336	3.1562925674959283E-4	1808, 135, 57142, 6198, 387, 4099, 5170	12	1846	18224	5.758757674250632	0.04715106104433642	0.04715106104433642	0.3775497828753638
GOTERM_BP_ALL	GO:0022610~biological adhesion	7	58.333333333333336	3.1965431367989705E-4	135, 4974, 57142, 4099, 5170, 8840, 9475	12	1705	16792	5.745063538611926	0.3311459545046712	0.006793588204746515	0.5185440194403923
GOTERM_BP_ALL	GO:0071840~cellular component organization or biogenesis	11	91.66666666666666	3.7838222977413914E-4	1808, 135, 4974, 57142, 387, 4099, 5361, 5170, 57591, 8840, 9475	12	6265	16792	2.456930034583666	0.37879548756139725	0.007903517055892095	0.6135377571307443
GOTERM_BP_ALL	GO:0009653~anatomical structure morphogenesis	8	66.66666666666666	4.228832023238131E-4	1808, 135, 4974, 57142, 387, 4099, 5361, 9475	12	2631	16792	4.254909413404282	0.4126295597061016	0.008685009511475439	0.6854623895641287
GOTERM_BP_ALL	GO:0050768~negative regulation of neurogenesis	4	33.33333333333333	4.64240397273954E-4	4974, 57142, 387, 4099	12	245	16792	22.84625850340136	0.4424204098763611	0.009377528718257144	0.7522620979903749
GOTERM_BP_ALL	GO:0051129~negative regulation of cellular component organization	5	41.66666666666667	5.058067172170233E-4	4974, 57142, 387, 4099, 9475	12	624	16792	11.212606837606838	0.47084073700799356	0.010051772022638628	0.81935709378822
GOTERM_BP_ALL	GO:0051961~negative regulation of nervous system development	4	33.33333333333333	5.773974971250496E-4	4974, 57142, 387, 4099	12	264	16792	21.2020202020202	0.5164380447020892	0.011288548131314413	0.9348168040539728
GOTERM_BP_ALL	GO:0040008~regulation of growth	5	41.66666666666667	5.974030714026669E-4	1808, 57142, 6198, 5361, 8840	12	652	16792	10.731083844580777	0.528462967143809	0.011498878784945599	0.9670587057939661
GOTERM_CC_ALL	GO:0097458~neuron part	6	50.0	6.607409747032888E-4	1808, 135, 57142, 6198, 4099, 5170	12	1333	18224	6.835708927231808	0.09618156239072073	0.04930633871405288	0.7888703738292535
GOTERM_BP_ALL	GO:0007420~brain development	5	41.66666666666667	7.160481246289355E-4	1808, 57142, 387, 4099, 57591	12	684	16792	10.229044834307992	0.5938818690580785	0.013560417784764689	1.1580702166425705
GOTERM_CC_ALL	GO:0045202~synapse	5	41.66666666666667	7.636794880062309E-4	1808, 135, 57142, 6198, 5170	12	755	18224	10.05739514348786	0.11031481155573375	0.03821325648246965	0.9112556734112598
GOTERM_BP_ALL	GO:0048638~regulation of developmental growth	4	33.33333333333333	8.620573926546165E-4	1808, 57142, 6198, 5361	12	303	16792	18.47304730473047	0.6620765558280761	0.016062670232887766	1.3926619218851743
GOTERM_BP_ALL	GO:0060322~head development	5	41.66666666666667	8.687449182612194E-4	1808, 57142, 387, 4099, 57591	12	720	16792	9.717592592592593	0.6649099910270877	0.01595019283444543	1.4033941808405448
GOTERM_BP_ALL	GO:0010721~negative regulation of cell development	4	33.33333333333333	8.870456763960809E-4	4974, 57142, 387, 4099	12	306	16792	18.29193899782135	0.672543049844551	0.016049502929018855	1.4327579555757697
GOTERM_BP_ALL	GO:0051093~negative regulation of developmental process	5	41.66666666666667	9.580955872414526E-4	4974, 57142, 387, 4099, 9475	12	739	16792	9.467749210645016	0.7005662256476609	0.017079070577185496	1.5466805800643413
GOTERM_BP_ALL	GO:0032501~multicellular organismal process	11	91.66666666666666	0.0011188212178631514	1808, 135, 4974, 57142, 6198, 387, 4099, 5361, 5170, 57591, 9475	12	7027	16792	2.190503296807552	0.7554327697353543	0.019639304927760892	1.803934974263044
GOTERM_BP_ALL	GO:0048513~animal organ development	8	66.66666666666666	0.0012625651092251667	1808, 57142, 6198, 387, 4099, 5361, 5170, 57591	12	3129	16792	3.577713859593054	0.7959337172774952	0.02183191324720768	2.0334741915348786
GOTERM_BP_ALL	GO:0030516~regulation of axon extension	3	25.0	0.0015141069451333007	1808, 57142, 5361	12	90	16792	46.644444444444446	0.851354349380544	0.025774216503781755	2.4339407142279557
GOTERM_BP_ALL	GO:0010941~regulation of cell death	6	50.0	0.0016942214865367103	135, 57142, 6198, 5170, 57591, 8840	12	1509	16792	5.5639496355202125	0.8815350502642099	0.028414680079394183	2.7197471364955317
GOTERM_BP_ALL	GO:0001558~regulation of cell growth	4	33.33333333333333	0.001961307901196695	1808, 57142, 5361, 8840	12	403	16792	13.889164598842017	0.9153938314240383	0.032393685833979835	3.1421147191116106
GOTERM_BP_ALL	GO:0060548~negative regulation of cell death	5	41.66666666666667	0.001972706812464216	135, 6198, 5170, 57591, 8840	12	897	16792	7.800074321813453	0.9166007692213087	0.032157333362151985	3.1601024843421643
GOTERM_BP_ALL	GO:0061387~regulation of extent of cell growth	3	25.0	0.0020147517067921152	1808, 57142, 5361	12	104	16792	40.36538461538461	0.9209056894382315	0.03241261409161822	3.2264232672147397
GOTERM_BP_ALL	GO:0051179~localization	10	83.33333333333334	0.0020175589674607556	1808, 135, 57142, 6198, 387, 4099, 5361, 5170, 57591, 9475	12	5872	16792	2.383060853769301	0.9211850833449797	0.03204770446253358	3.23084986613017
GOTERM_MF_ALL	GO:0019899~enzyme binding	6	50.0	0.002119333839460188	1808, 135, 6198, 4099, 5170, 9475	11	1789	16881	5.146907871334925	0.23781243028659682	0.23781243028659682	2.4337590357513816
GOTERM_BP_ALL	GO:0040007~growth	5	41.66666666666667	0.002272107920890261	1808, 57142, 6198, 5361, 8840	12	932	16792	7.507153075822604	0.9428207316616241	0.03557414893102162	3.631443775817844
GOTERM_BP_ALL	GO:0010594~regulation of endothelial cell migration	3	25.0	0.00245610126646938	387, 5170, 9475	12	115	16792	36.504347826086956	0.9546604708247064	0.037931572345739406	3.920031862119544
GOTERM_BP_ALL	GO:0051241~negative regulation of multicellular organismal process	5	41.66666666666667	0.0031299599530849233	4974, 57142, 387, 4099, 9475	12	1017	16792	6.879711569977057	0.9806229247872514	0.047520997939606846	4.970049243930652
GOTERM_BP_ALL	GO:0090066~regulation of anatomical structure size	4	33.33333333333333	0.0033037546686507193	1808, 135, 57142, 5361	12	484	16792	11.564738292011018	0.9844392558652608	0.04950116307984764	5.239106641750602
GOTERM_BP_ALL	GO:0009888~tissue development	6	50.0	0.0033441014218199205	57142, 6198, 387, 5361, 5170, 9475	12	1756	16792	4.781321184510251	0.9852118549001773	0.04950296269821308	5.301466461451387
GOTERM_BP_ALL	GO:0007166~cell surface receptor signaling pathway	7	58.333333333333336	0.003588812040009276	135, 6198, 387, 5361, 5170, 8840, 9475	12	2669	16792	3.6700387161233925	0.9891419249539104	0.05241952114112247	5.6788660307724115
GOTERM_BP_ALL	GO:0007010~cytoskeleton organization	5	41.66666666666667	0.0047987950780462646	1808, 387, 5170, 57591, 9475	12	1144	16792	6.115967365967367	0.9976454734232804	0.06871797881489672	7.5242809393564976
GOTERM_BP_ALL	GO:0030036~actin cytoskeleton organization	4	33.33333333333333	0.004810009054813941	387, 5170, 57591, 9475	12	553	16792	10.12176009644364	0.997678614068191	0.06810033586191344	7.541224442868877
GOTERM_CC_ALL	GO:0044456~synapse part	4	33.33333333333333	0.004966966411293749	1808, 135, 57142, 5170	12	607	18224	10.00768808347062	0.5331930296876077	0.17342106541472935	5.792017312000142
GOTERM_BP_ALL	GO:0010632~regulation of epithelial cell migration	3	25.0	0.0052174480036096295	387, 5170, 9475	12	169	16792	24.84023668639053	0.9986131660575123	0.07285063230425437	8.154862799935946
GOTERM_BP_ALL	GO:0014049~positive regulation of glutamate secretion	2	16.666666666666664	0.00522967871212988	1808, 135	12	8	16792	349.8333333333333	0.9986344512184167	0.07221643948852341	8.17322408032476
GOTERM_CC_ALL	GO:0099572~postsynaptic specialization	3	25.0	0.0052521679009909904	135, 57142, 5170	12	184	18224	24.76086956521739	0.5532246485053218	0.14882699590564197	6.115066097617405
GOTERM_CC_ALL	GO:0014069~postsynaptic density	3	25.0	0.0052521679009909904	135, 57142, 5170	12	184	18224	24.76086956521739	0.5532246485053218	0.14882699590564197	6.115066097617405
GOTERM_BP_ALL	GO:0008219~cell death	6	50.0	0.005403472336821942	135, 57142, 6198, 5170, 57591, 8840	12	1958	16792	4.288049029622063	0.998903903297588	0.07372514443596567	8.433758767277311
GOTERM_BP_ALL	GO:0008361~regulation of cell size	3	25.0	0.005460292024948564	1808, 57142, 5361	12	173	16792	24.265895953757223	0.9989799150969408	0.07367661960334315	8.518786786630672
GOTERM_BP_ALL	GO:0048589~developmental growth	4	33.33333333333333	0.005576740277711577	1808, 57142, 6198, 5361	12	583	16792	9.600914808461978	0.9991196352281839	0.07439676385881977	8.692814678789384
GOTERM_BP_ALL	GO:0097190~apoptotic signaling pathway	4	33.33333333333333	0.005576740277711577	135, 6198, 5170, 57591	12	583	16792	9.600914808461978	0.9991196352281839	0.07439676385881977	8.692814678789384
GOTERM_BP_ALL	GO:0050794~regulation of cellular process	12	100.0	0.0056375837638471035	1808, 135, 4974, 57142, 6198, 387, 4099, 5361, 5170, 57591, 8840, 9475	12	10489	16792	1.600915244541901	0.9991848569404657	0.07439337430522652	8.783619539939092
GOTERM_CC_ALL	GO:0060076~excitatory synapse	3	25.0	0.0059969842880328505	135, 57142, 5170	12	197	18224	23.126903553299492	0.6016008462717106	0.1421992903208631	6.953940266465675
GOTERM_BP_ALL	GO:0048015~phosphatidylinositol-mediated signaling	3	25.0	0.006154644722038974	6198, 387, 5170	12	184	16792	22.815217391304348	0.9995762926597553	0.08011848386863696	9.551885409107863
GOTERM_BP_ALL	GO:0048017~inositol lipid-mediated signaling	3	25.0	0.006350720788758655	6198, 387, 5170	12	187	16792	22.449197860962567	0.9996694270785196	0.08172887434693377	9.841630223831343
GOTERM_BP_ALL	GO:0034329~cell junction assembly	3	25.0	0.006683855587132292	387, 5170, 9475	12	192	16792	21.864583333333332	0.9997831958332474	0.08497640971602416	10.33191260881875
GOTERM_BP_ALL	GO:0009605~response to external stimulus	6	50.0	0.006926358350132365	1808, 135, 6198, 387, 4099, 5361	12	2073	16792	4.050168837433671	0.9998405331978824	0.08705527809347124	10.687234778496467
GOTERM_BP_ALL	GO:0045596~negative regulation of cell differentiation	4	33.33333333333333	0.007230076448417452	4974, 57142, 387, 4099	12	640	16792	8.745833333333332	0.9998914691258292	0.08981554177751117	11.13038766133535
GOTERM_CC_ALL	GO:0033267~axon part	3	25.0	0.0072966547070756616	1808, 135, 4099	12	218	18224	20.89908256880734	0.6738771217039508	0.14791476850677998	8.401302566791014
GOTERM_BP_ALL	GO:0007169~transmembrane receptor protein tyrosine kinase signaling pathway	4	33.33333333333333	0.007483300154535822	6198, 387, 5170, 9475	12	648	16792	8.637860082304526	0.9999212625907944	0.09191961007879379	11.498286164161298
GOTERM_BP_ALL	GO:0009611~response to wounding	4	33.33333333333333	0.007515326040206557	135, 6198, 387, 5170	12	649	16792	8.624550590652285	0.9999243947747283	0.09140736898952129	11.5447133285144
GOTERM_BP_ALL	GO:0051716~cellular response to stimulus	10	83.33333333333334	0.0075310672039813195	1808, 135, 6198, 387, 4099, 5361, 5170, 57591, 8840, 9475	12	6927	16792	2.020114527693566	0.999925888337572	0.09071743134422394	11.5675245397043
GOTERM_BP_ALL	GO:0043270~positive regulation of ion transport	3	25.0	0.008168621463364514	1808, 135, 5170	12	213	16792	19.708920187793424	0.9999669776734842	0.09711641138711868	12.48680595353755
GOTERM_BP_ALL	GO:0030029~actin filament-based process	4	33.33333333333333	0.008274973500953867	387, 5170, 57591, 9475	12	672	16792	8.329365079365079	0.9999711449820562	0.09740615806339825	12.639278014068712
GOTERM_BP_ALL	GO:0051336~regulation of hydrolase activity	5	41.66666666666667	0.008376809605805606	135, 387, 5170, 57591, 9475	12	1337	16792	5.233108950386438	0.9999746418923743	0.09764012553351287	12.785042100277987
GOTERM_BP_ALL	GO:0045216~cell-cell junction organization	3	25.0	0.008542275289456596	387, 5170, 9475	12	218	16792	19.256880733944953	0.9999794437146788	0.09856968351250917	13.02139635232049
GOTERM_BP_ALL	GO:0050789~regulation of biological process	12	100.0	0.00879897944117597	1808, 135, 4974, 57142, 6198, 387, 4099, 5361, 5170, 57591, 8840, 9475	12	10922	16792	1.5374473539644755	0.9999851587807324	0.10047342988186636	13.38688792052235
GOTERM_BP_ALL	GO:0014048~regulation of glutamate secretion	2	16.666666666666664	0.009135607661636546	1808, 135	12	14	16792	199.9047619047619	0.9999903196479004	0.10319692987310136	13.863990066756415
GOTERM_BP_ALL	GO:0010631~epithelial cell migration	3	25.0	0.009312496447743832	387, 5170, 9475	12	228	16792	18.412280701754387	0.9999922669722102	0.10416594908501242	14.113704356007217
GOTERM_BP_ALL	GO:0090132~epithelium migration	3	25.0	0.00954947864388326	387, 5170, 9475	12	231	16792	18.173160173160174	0.9999942767403812	0.10574853243863747	14.447187910270276
GOTERM_BP_ALL	GO:0042981~regulation of apoptotic process	5	41.66666666666667	0.009853218382875653	135, 57142, 6198, 5170, 57591	12	1400	16792	4.9976190476190485	0.9999961089047725	0.10799429554059148	14.872836491992514
GOTERM_BP_ALL	GO:0090130~tissue migration	3	25.0	0.01003157358952785	387, 5170, 9475	12	237	16792	17.713080168776372	0.9999968979393049	0.10890482202858043	15.121849253197029
GOTERM_BP_ALL	GO:0043067~regulation of programmed cell death	5	41.66666666666667	0.0101782574943414	135, 57142, 6198, 5170, 57591	12	1413	16792	4.951639537626798	0.999997425501905	0.10947548598944679	15.326131271578769
GOTERM_BP_ALL	GO:0042063~gliogenesis	3	25.0	0.010276667272929406	135, 57142, 4099	12	240	16792	17.491666666666667	0.9999977281922938	0.10954810920937741	15.462924719706184
GOTERM_BP_ALL	GO:0051240~positive regulation of multicellular organismal process	5	41.66666666666667	0.010640104247277637	135, 6198, 387, 4099, 9475	12	1431	16792	4.8893547635686	0.9999985687617299	0.11227053158405409	15.966321086779223
GOTERM_BP_ALL	GO:0007165~signal transduction	9	75.0	0.01086528429535477	1808, 135, 6198, 387, 5361, 5170, 57591, 8840, 9475	12	5775	16792	2.180779220779221	0.9999989251464746	0.113572104244971	16.27680489030968
GOTERM_BP_ALL	GO:0034330~cell junction organization	3	25.0	0.011028019220863142	387, 5170, 9475	12	249	16792	16.859437751004016	0.9999991261110295	0.1142380688911161	16.500517289441596
GOTERM_BP_ALL	GO:0032268~regulation of cellular protein metabolic process	6	50.0	0.011763908308270997	135, 6198, 387, 5170, 57591, 9475	12	2346	16792	3.5788576300085255	0.9999996574103382	0.12044035506572148	17.505160886829884
GOTERM_BP_ALL	GO:0010243~response to organonitrogen compound	4	33.33333333333333	0.012844477275387015	1808, 135, 6198, 5170	12	789	16792	7.094212082805239	0.9999999134914395	0.12977213860808656	18.959824950181993
GOTERM_BP_ALL	GO:0009719~response to endogenous stimulus	5	41.66666666666667	0.013987941443912622	1808, 135, 6198, 387, 5170	12	1548	16792	4.519810508182601	0.9999999798701472	0.1394456382822744	20.472922200090693
GOTERM_BP_ALL	GO:0043066~negative regulation of apoptotic process	4	33.33333333333333	0.014165147025671856	135, 6198, 5170, 57591	12	818	16792	6.842705786471067	0.9999999839437771	0.13999454703710013	20.705024148235307
GOTERM_BP_ALL	GO:0043069~negative regulation of programmed cell death	4	33.33333333333333	0.014686113487888262	135, 6198, 5170, 57591	12	829	16792	6.751909931644551	0.9999999917424488	0.14367144279017008	21.38370394394237
GOTERM_BP_ALL	GO:0043086~negative regulation of catalytic activity	4	33.33333333333333	0.015169338098589663	135, 5170, 57591, 9475	12	839	16792	6.671434247119587	0.9999999955450338	0.146934879396992	22.008339304677772
GOTERM_CC_ALL	GO:0005886~plasma membrane	8	66.66666666666666	0.015230622076126481	135, 4974, 57142, 387, 4099, 5361, 5170, 9475	12	5141	18224	2.363223756726966	0.9044602888729448	0.25437065724053487	16.79859094843785
GOTERM_BP_ALL	GO:0048522~positive regulation of cellular process	8	66.66666666666666	0.01535690829639841	1808, 135, 6198, 387, 4099, 5170, 57591, 9475	12	4744	16792	2.359752670039348	0.9999999964942698	0.14749898333934286	22.24954271996339
GOTERM_BP_ALL	GO:0051246~regulation of protein metabolic process	6	50.0	0.015677928242873507	135, 6198, 387, 5170, 57591, 9475	12	2512	16792	3.3423566878980893	0.9999999976739063	0.14923429023496404	22.66073039299501
GOTERM_BP_ALL	GO:0065007~biological regulation	12	100.0	0.01624806182830612	1808, 135, 4974, 57142, 6198, 387, 4099, 5361, 5170, 57591, 8840, 9475	12	11548	16792	1.4541046068583305	0.9999999988777591	0.15311727369678851	23.385975932716953
GOTERM_CC_ALL	GO:0071944~cell periphery	8	66.66666666666666	0.01727861244594755	135, 4974, 57142, 387, 4099, 5361, 5170, 9475	12	5256	18224	2.3115169964485034	0.9305211824309738	0.25643843055451654	18.848431018538303
GOTERM_BP_ALL	GO:0044700~single organism signaling	9	75.0	0.017536650466288675	1808, 135, 6198, 387, 5361, 5170, 57591, 8840, 9475	12	6207	16792	2.0289995166747223	0.9999999997842363	0.16310335215173288	25.001693536040882
GOTERM_BP_ALL	GO:0001667~ameboidal-type cell migration	3	25.0	0.017773380712468954	387, 5170, 9475	12	320	16792	13.11875	0.9999999998406623	0.16393388668773623	25.295022251056764
GOTERM_CC_ALL	GO:0043005~neuron projection	4	33.33333333333333	0.017785603013718582	1808, 135, 6198, 4099	12	966	18224	6.28847481021394	0.9357958315264012	0.24010021336733367	19.348679723195474
GOTERM_BP_ALL	GO:1901698~response to nitrogen compound	4	33.33333333333333	0.018046205324750063	1808, 135, 6198, 5170	12	895	16792	6.254003724394785	0.9999999998876574	0.16505507411020426	25.631739375648287
GOTERM_BP_ALL	GO:0023052~signaling	9	75.0	0.01854174958642632	1808, 135, 6198, 387, 5361, 5170, 57591, 8840, 9475	12	6260	16792	2.011821086261981	0.9999999999404664	0.1680153170416322	26.23969443034214
GOTERM_BP_ALL	GO:0014070~response to organic cyclic compound	4	33.33333333333333	0.018645639685931414	1808, 135, 6198, 9475	12	906	16792	6.178072111846946	0.9999999999478892	0.16768780288097274	26.36655841825746
GOTERM_BP_ALL	GO:0007154~cell communication	9	75.0	0.018834396569688057	1808, 135, 6198, 387, 5361, 5170, 57591, 8840, 9475	12	6275	16792	2.007011952191235	0.9999999999590897	0.1680618969365012	26.596532456296384
GOTERM_BP_ALL	GO:0051050~positive regulation of transport	4	33.33333333333333	0.01942498544506337	1808, 135, 387, 5170	12	920	16792	6.084057971014492	0.9999999999808188	0.17169575220476463	27.311736464911675
GOTERM_BP_ALL	GO:0045787~positive regulation of cell cycle	3	25.0	0.01981517424219529	6198, 387, 9475	12	339	16792	12.383480825958701	0.999999999988374	0.17365316697815025	27.780662270657487
GOTERM_BP_ALL	GO:0001975~response to amphetamine	2	16.666666666666664	0.020126813805200303	1808, 135	12	31	16792	90.2795698924731	0.9999999999922071	0.17495249683223468	28.1531473258547
GOTERM_BP_ALL	GO:0007596~blood coagulation	3	25.0	0.02014635775094065	135, 387, 5170	12	342	16792	12.27485380116959	0.9999999999924002	0.17392225165586006	28.176446906691098
GOTERM_CC_ALL	GO:0098794~postsynapse	3	25.0	0.020646017775681876	135, 57142, 5170	12	376	18224	12.117021276595745	0.9589065013737426	0.2518660309408206	22.11849262064257
GOTERM_BP_ALL	GO:1903793~positive regulation of anion transport	2	16.666666666666664	0.020769890294443507	1808, 135	12	32	16792	87.45833333333333	0.9999999999965878	0.17764477436012172	28.91608838359233
GOTERM_BP_ALL	GO:0006915~apoptotic process	5	41.66666666666667	0.021159349634380056	135, 57142, 6198, 5170, 57591	12	1747	16792	4.004960885327228	0.9999999999979313	0.17948604565870596	29.37443624171131
GOTERM_BP_ALL	GO:0007167~enzyme linked receptor protein signaling pathway	4	33.33333333333333	0.021394650427765526	6198, 387, 5170, 9475	12	954	16792	5.86722571628232	0.9999999999984712	0.18011238643803462	29.65001195296978
GOTERM_BP_ALL	GO:0032535~regulation of cellular component size	3	25.0	0.02149474537759371	1808, 57142, 5361	12	354	16792	11.858757062146893	0.9999999999986559	0.1796969363875569	29.76693328535176
GOTERM_BP_ALL	GO:0050817~coagulation	3	25.0	0.02195255241023839	135, 387, 5170	12	358	16792	11.726256983240225	0.9999999999992539	0.18199898061030273	30.299378814310817
GOTERM_BP_ALL	GO:0007599~hemostasis	3	25.0	0.02195255241023839	135, 387, 5170	12	358	16792	11.726256983240225	0.9999999999992539	0.18199898061030273	30.299378814310817
GOTERM_BP_ALL	GO:0030900~forebrain development	3	25.0	0.022298624260376102	1808, 57142, 57591	12	361	16792	11.62880886426593	0.999999999999522	0.18342524804591565	30.699355650371253
GOTERM_BP_ALL	GO:0051049~regulation of transport	5	41.66666666666667	0.023229923068599077	1808, 135, 6198, 387, 5170	12	1796	16792	3.895694135115071	0.9999999999998559	0.18917438220330596	31.765044121322504
GOTERM_BP_ALL	GO:0033574~response to testosterone	2	16.666666666666664	0.023338361342618415	6198, 9475	12	36	16792	77.74074074074075	0.9999999999998747	0.18877438160588678	31.888125789346887
GOTERM_BP_ALL	GO:0032269~negative regulation of cellular protein metabolic process	4	33.33333333333333	0.023725840046930752	135, 5170, 57591, 9475	12	992	16792	5.642473118279569	0.999999999999924	0.19041777968655804	32.32622887818777
GOTERM_BP_ALL	GO:2001233~regulation of apoptotic signaling pathway	3	25.0	0.024543905104830697	135, 6198, 57591	12	380	16792	11.047368421052632	0.9999999999999735	0.19514526958036715	33.24250364196328
GOTERM_CC_ALL	GO:0030424~axon	3	25.0	0.025172479758654144	1808, 135, 4099	12	418	18224	10.899521531100477	0.9797721127621513	0.27751437534260903	26.323923374596138
GOTERM_CC_ALL	GO:0043025~neuronal cell body	3	25.0	0.02528488814213614	1808, 135, 5170	12	419	18224	10.873508353221956	0.9801258756650578	0.2602259769632036	26.42565874948143
GOTERM_BP_ALL	GO:0010033~response to organic substance	6	50.0	0.02530325825395168	1808, 135, 6198, 387, 5170, 9475	12	2822	16792	2.975194897236003	0.99999999999999	0.19936708368907707	34.08258674746555
GOTERM_BP_ALL	GO:0012501~programmed cell death	5	41.66666666666667	0.025750626355589796	135, 57142, 6198, 5170, 57591	12	1852	16792	3.777897768178546	0.9999999999999944	0.20131244237655255	34.57286126416379
GOTERM_BP_ALL	GO:0006468~protein phosphorylation	5	41.66666666666667	0.025750626355589796	135, 6198, 387, 5170, 9475	12	1852	16792	3.777897768178546	0.9999999999999944	0.20131244237655255	34.57286126416379
GOTERM_BP_ALL	GO:0031325~positive regulation of cellular metabolic process	6	50.0	0.025926442344852297	135, 6198, 387, 5170, 57591, 9475	12	2839	16792	2.9573793589292006	0.9999999999999956	0.2013247079568946	34.764601072081646
GOTERM_BP_ALL	GO:0051346~negative regulation of hydrolase activity	3	25.0	0.02713111652008962	135, 57591, 9475	12	401	16792	10.468827930174564	0.9999999999999991	0.20848042355604934	36.06426611895795
GOTERM_BP_ALL	GO:0014047~glutamate secretion	2	16.666666666666664	0.027179585816624607	1808, 135	12	42	16792	66.63492063492063	0.9999999999999991	0.20757085283429944	36.116045283810074
GOTERM_BP_ALL	GO:0051248~negative regulation of protein metabolic process	4	33.33333333333333	0.027481294671104706	135, 5170, 57591, 9475	12	1049	16792	5.335875436924054	0.9999999999999994	0.20840279550993057	36.43747331746059
GOTERM_BP_ALL	GO:0045937~positive regulation of phosphate metabolic process	4	33.33333333333333	0.027481294671104706	135, 387, 5170, 9475	12	1049	16792	5.335875436924054	0.9999999999999994	0.20840279550993057	36.43747331746059
GOTERM_BP_ALL	GO:0010562~positive regulation of phosphorus metabolic process	4	33.33333333333333	0.027481294671104706	135, 387, 5170, 9475	12	1049	16792	5.335875436924054	0.9999999999999994	0.20840279550993057	36.43747331746059
GOTERM_MF_ALL	GO:0004674~protein serine/threonine kinase activity	3	25.0	0.028036623155216538	6198, 5170, 9475	11	453	16881	10.163154726068631	0.973746491243682	0.8379706546445429	28.12560365214386
GOTERM_BP_ALL	GO:0048518~positive regulation of biological process	8	66.66666666666666	0.028188941007936567	1808, 135, 6198, 387, 4099, 5170, 57591, 9475	12	5285	16792	2.1181961526332382	0.9999999999999998	0.2119700550224628	37.18542537266579
GOTERM_BP_ALL	GO:0060429~epithelium development	4	33.33333333333333	0.02824191142509511	387, 5361, 5170, 9475	12	1060	16792	5.280503144654087	0.9999999999999998	0.21109004158058542	37.24107925108636
GOTERM_BP_ALL	GO:0042493~response to drug	3	25.0	0.02840127586329079	1808, 135, 6198	12	411	16792	10.214111922141118	0.9999999999999998	0.21093131961549827	37.408238110535144
GOTERM_BP_ALL	GO:0014075~response to amine	2	16.666666666666664	0.02845693865547033	1808, 135	12	44	16792	63.60606060606061	0.9999999999999998	0.21008631211827566	37.46652480980687
GOTERM_BP_ALL	GO:0043297~apical junction assembly	2	16.666666666666664	0.03037010919391469	387, 9475	12	47	16792	59.54609929078014	1.0	0.22143921084842888	39.43919448737372
GOTERM_BP_ALL	GO:0050896~response to stimulus	10	83.33333333333334	0.030790037007657603	1808, 135, 6198, 387, 4099, 5361, 5170, 57591, 8840, 9475	12	8329	16792	1.680073638291912	1.0	0.22290823053548814	39.86429312979376
GOTERM_BP_ALL	GO:0044092~negative regulation of molecular function	4	33.33333333333333	0.031105910177967936	135, 5170, 57591, 9475	12	1100	16792	5.088484848484849	1.0	0.22368919677124433	40.182208582625535
GOTERM_BP_ALL	GO:1902580~single-organism cellular localization	4	33.33333333333333	0.03125315353143726	1808, 387, 5170, 9475	12	1102	16792	5.07924984875983	1.0	0.223384465166504	40.32986430713866
GOTERM_BP_ALL	GO:0044763~single-organism cellular process	12	100.0	0.031273959497457864	1808, 135, 4974, 57142, 6198, 387, 4099, 5361, 5170, 57591, 8840, 9475	12	12256	16792	1.3701044386422976	1.0	0.22228083269898258	40.35070093894048
GOTERM_BP_ALL	GO:0042221~response to chemical	7	58.333333333333336	0.03128170162223008	1808, 135, 6198, 387, 5361, 5170, 9475	12	4117	16792	2.3792405473241036	1.0	0.2211068761835	40.35845273135544
GOTERM_BP_ALL	GO:0021762~substantia nigra development	2	16.666666666666664	0.031643652794636046	387, 4099	12	49	16792	57.115646258503396	1.0	0.22217165688788632	40.719802395684354
GOTERM_BP_ALL	GO:0016049~cell growth	3	25.0	0.031681836065351084	1808, 57142, 5361	12	436	16792	9.628440366972477	1.0	0.2212028775735606	40.75780216662424
GOTERM_CC_ALL	GO:0044297~cell body	3	25.0	0.03253340759556398	1808, 135, 5170	12	480	18224	9.491666666666667	0.9936568565861426	0.30333859360078086	32.72057696261361
GOTERM_MF_ALL	GO:0097367~carbohydrate derivative binding	5	41.66666666666667	0.03351223404485547	6198, 387, 5170, 8840, 9475	11	2241	16881	3.4239990264086644	0.9872610331691996	0.7664509694257391	32.68986918288825
GOTERM_BP_ALL	GO:0014910~regulation of smooth muscle cell migration	2	16.666666666666664	0.034186179139636085	6198, 5361	12	53	16792	52.80503144654087	1.0	0.2354418275018062	43.20078753773495
GOTERM_BP_ALL	GO:0009893~positive regulation of metabolic process	6	50.0	0.034646460623760256	135, 6198, 387, 5170, 57591, 9475	12	3052	16792	2.750982961992136	1.0	0.23698437602337108	43.639376621247635
GOTERM_CC_ALL	GO:0044304~main axon	2	16.666666666666664	0.03563526600254869	135, 4099	12	60	18224	50.62222222222222	0.9961191934667981	0.30934451345572855	35.260297686085536
GOTERM_MF_ALL	GO:0019901~protein kinase binding	3	25.0	0.03759562635820645	1808, 4099, 5170	11	531	16881	8.670261941448382	0.9925908009541967	0.7066116832053637	35.9194612505714
GOTERM_CC_ALL	GO:0005829~cytosol	6	50.0	0.03837559463427276	1808, 6198, 387, 5170, 57591, 9475	12	3399	18224	2.6807884671962343	0.9974890505785085	0.312156127537516	37.43057941775033
GOTERM_BP_ALL	GO:0048708~astrocyte differentiation	2	16.666666666666664	0.03988468892983988	135, 4099	12	62	16792	45.13978494623655	1.0	0.26678847638235614	48.411892931589264
GOTERM_BP_ALL	GO:0060193~positive regulation of lipase activity	2	16.666666666666664	0.04051596618025532	387, 5170	12	63	16792	44.42328042328042	1.0	0.26906886734522883	48.96071654779397
GOTERM_BP_ALL	GO:0050878~regulation of body fluid levels	3	25.0	0.041182843154618114	135, 387, 5170	12	503	16792	8.345924453280318	1.0	0.271521130890196	49.53453532876422
GOTERM_BP_ALL	GO:0044057~regulation of system process	3	25.0	0.04133215922462733	135, 6198, 4099	12	504	16792	8.329365079365079	1.0	0.2709968114859551	49.66218305959291
GOTERM_CC_ALL	GO:0016020~membrane	10	83.33333333333334	0.0430823251124661	1808, 135, 4974, 57142, 6198, 387, 4099, 5361, 5170, 9475	12	9462	18224	1.6050165574579018	0.9988147494038472	0.3272229206275611	41.00319498393992
GOTERM_BP_ALL	GO:1904951~positive regulation of establishment of protein localization	3	25.0	0.04329265432005325	135, 387, 5170	12	517	16792	8.119922630560929	1.0	0.2806772792907889	51.31031455992482
GOTERM_BP_ALL	GO:0051492~regulation of stress fiber assembly	2	16.666666666666664	0.04429571233698326	387, 9475	12	69	16792	40.56038647342995	1.0	0.2848549206482246	52.133839660963964
GOTERM_BP_ALL	GO:1905114~cell surface receptor signaling pathway involved in cell-cell signaling	3	25.0	0.044824963793833765	135, 387, 8840	12	527	16792	7.96584440227704	1.0	0.28636550098337366	52.563076425820576
GOTERM_BP_ALL	GO:0048857~neural nucleus development	2	16.666666666666664	0.044924352365837514	387, 4099	12	70	16792	39.98095238095238	1.0	0.2855082965370057	52.64327918093758
GOTERM_CC_ALL	GO:0030054~cell junction	4	33.33333333333333	0.04505721292252906	57142, 6198, 387, 5170	12	1379	18224	4.40512448634276	0.9991359577713984	0.3242166331114019	42.44574210745963
GOTERM_MF_ALL	GO:0019900~kinase binding	3	25.0	0.04626706668182908	1808, 4099, 5170	11	595	16881	7.737662337662337	0.997673903241458	0.7026105517007295	42.31321004157643
GOTERM_BP_ALL	GO:0042060~wound healing	3	25.0	0.0471622707866498	135, 387, 5170	12	542	16792	7.745387453874538	1.0	0.29622706238877494	54.41585143013212
GOTERM_BP_ALL	GO:0016310~phosphorylation	5	41.66666666666667	0.04723933804218343	135, 6198, 387, 5170, 9475	12	2229	16792	3.138926274861672	1.0	0.29521700631199854	54.47576991942129
GOTERM_BP_ALL	GO:0045936~negative regulation of phosphate metabolic process	3	25.0	0.0474773904504553	135, 5170, 9475	12	544	16792	7.716911764705881	1.0	0.2950739895161676	54.660385190815795
GOTERM_BP_ALL	GO:0010563~negative regulation of phosphorus metabolic process	3	25.0	0.0474773904504553	135, 5170, 9475	12	544	16792	7.716911764705881	1.0	0.2950739895161676	54.660385190815795
GOTERM_BP_ALL	GO:0001932~regulation of protein phosphorylation	4	33.33333333333333	0.04773343934090191	135, 387, 5170, 9475	12	1300	16792	4.305641025641025	1.0	0.2950281186037098	54.85817271447726
GOTERM_BP_ALL	GO:1901655~cellular response to ketone	2	16.666666666666664	0.048061917503592226	6198, 9475	12	75	16792	37.315555555555555	1.0	0.295364259938076	55.11072331594094
GOTERM_BP_ALL	GO:0016525~negative regulation of angiogenesis	2	16.666666666666664	0.048061917503592226	387, 9475	12	75	16792	37.315555555555555	1.0	0.295364259938076	55.11072331594094
GOTERM_BP_ALL	GO:0006835~dicarboxylic acid transport	2	16.666666666666664	0.04868830494607254	1808, 135	12	76	16792	36.824561403508774	1.0	0.2972538598258061	55.58865047610486
GOTERM_BP_ALL	GO:0006935~chemotaxis	3	25.0	0.04874596128200089	1808, 387, 5361	12	552	16792	7.605072463768117	1.0	0.29616744145697527	55.63240081436205
GOTERM_BP_ALL	GO:0042330~taxis	3	25.0	0.048905438421554946	1808, 387, 5361	12	553	16792	7.5913200723327305	1.0	0.2956186518930858	55.75320345561274
GOTERM_BP_ALL	GO:0043269~regulation of ion transport	3	25.0	0.04906511592483115	1808, 135, 5170	12	554	16792	7.577617328519857	1.0	0.29507667553607264	55.8738485464084
GOTERM_BP_ALL	GO:2000181~negative regulation of blood vessel morphogenesis	2	16.666666666666664	0.04931431766847657	387, 9475	12	77	16792	36.34632034632035	1.0	0.29499939353504534	56.06151738842551
GOTERM_BP_ALL	GO:0010256~endomembrane system organization	3	25.0	0.049866499198862727	57142, 5170, 9475	12	559	16792	7.509838998211091	1.0	0.2964669345283958	56.474688783247196
GOTERM_BP_ALL	GO:0032231~regulation of actin filament bundle assembly	2	16.666666666666664	0.051190109508134726	387, 9475	12	80	16792	34.98333333333333	1.0	0.30180745979564394	57.450286631014166
GOTERM_BP_ALL	GO:0060191~regulation of lipase activity	2	16.666666666666664	0.05181462535380555	387, 5170	12	81	16792	34.5514403292181	1.0	0.3035753811912756	57.90343978702172
GOTERM_BP_ALL	GO:0031400~negative regulation of protein modification process	3	25.0	0.05295676887982612	135, 5170, 9475	12	578	16792	7.262975778546713	1.0	0.3078845098465782	58.72049370163759
GOTERM_BP_ALL	GO:1901343~negative regulation of vasculature development	2	16.666666666666664	0.05306253609772113	387, 9475	12	83	16792	33.71887550200803	1.0	0.30704198803868443	58.79539852397444
GOTERM_BP_ALL	GO:0043154~negative regulation of cysteine-type endopeptidase activity involved in apoptotic process	2	16.666666666666664	0.05430895359189774	135, 57591	12	85	16792	32.92549019607843	1.0	0.31178117670833905	59.66856150805524
GOTERM_BP_ALL	GO:0048585~negative regulation of response to stimulus	4	33.33333333333333	0.05435460568112878	135, 6198, 5170, 57591	12	1369	16792	4.08862916971025	1.0	0.3106407808997169	59.70021045050695
GOTERM_MF_ALL	GO:0004672~protein kinase activity	3	25.0	0.054570856502270476	6198, 5170, 9475	11	652	16881	7.061210262130507	0.9992405308166634	0.6979456976347376	47.88396899837585
GOTERM_BP_ALL	GO:0007043~cell-cell junction assembly	2	16.666666666666664	0.05493160287049965	387, 9475	12	86	16792	32.542635658914726	1.0	0.31207542330137006	60.09821800515003
GOTERM_BP_ALL	GO:0044070~regulation of anion transport	2	16.666666666666664	0.05555387944036992	1808, 135	12	87	16792	32.16858237547892	1.0	0.3137105282474305	60.52332262890416
GOTERM_BP_ALL	GO:0048013~ephrin receptor signaling pathway	2	16.666666666666664	0.05555387944036992	387, 9475	12	87	16792	32.16858237547892	1.0	0.3137105282474305	60.52332262890416
GOTERM_BP_ALL	GO:0007044~cell-substrate junction assembly	2	16.666666666666664	0.05555387944036992	5170, 9475	12	87	16792	32.16858237547892	1.0	0.3137105282474305	60.52332262890416
GOTERM_BP_ALL	GO:0050790~regulation of catalytic activity	5	41.66666666666667	0.05640354781840597	135, 387, 5170, 57591, 9475	12	2357	16792	2.9684627351152595	1.0	0.31640680309731484	61.09690793099496
GOTERM_BP_ALL	GO:0042325~regulation of phosphorylation	4	33.33333333333333	0.056762364544913235	135, 387, 5170, 9475	12	1393	16792	4.018186168939938	1.0	0.31675407971649217	61.336777319808355
GOTERM_BP_ALL	GO:0048010~vascular endothelial growth factor receptor signaling pathway	2	16.666666666666664	0.057418474894896626	387, 9475	12	90	16792	31.096296296296295	1.0	0.3184932983780897	61.77180229934906
GOTERM_BP_ALL	GO:0071363~cellular response to growth factor stimulus	3	25.0	0.05831839305482	6198, 387, 5170	12	610	16792	6.881967213114754	1.0	0.32134678624428825	62.36101325925043
GOTERM_CC_ALL	GO:0036477~somatodendritic compartment	3	25.0	0.058319521770057656	1808, 135, 5170	12	662	18224	6.882175226586103	0.9998983175997718	0.3836107703756044	51.325895654924295
GOTERM_BP_ALL	GO:0032270~positive regulation of cellular protein metabolic process	4	33.33333333333333	0.05953512999538414	6198, 387, 5170, 9475	12	1420	16792	3.9417840375586857	1.0	0.32562281275918603	63.14411429999986
GOTERM_BP_ALL	GO:0007266~Rho protein signal transduction	2	16.666666666666664	0.06051869851048559	387, 9475	12	95	16792	29.459649122807015	1.0	0.3287729544944967	63.76594258403969
GOTERM_BP_ALL	GO:0030901~midbrain development	2	16.666666666666664	0.06175619021340549	387, 4099	12	97	16792	28.852233676975942	1.0	0.3330291237436195	64.5343213563363
GOTERM_BP_ALL	GO:1903530~regulation of secretion by cell	3	25.0	0.06176613594161524	1808, 135, 5170	12	630	16792	6.663492063492064	1.0	0.33171509302635616	64.54043440858376
GOTERM_BP_ALL	GO:0065008~regulation of biological quality	6	50.0	0.06206917328865413	1808, 135, 57142, 387, 5361, 5170	12	3548	16792	2.3664036076662907	1.0	0.3317262619682967	64.72622019465074
GOTERM_BP_ALL	GO:0070848~response to growth factor	3	25.0	0.06246437686737767	6198, 387, 5170	12	634	16792	6.621451104100946	1.0	0.332148773984534	64.96713878237375
GOTERM_CC_ALL	GO:0005912~adherens junction	3	25.0	0.06342761648415862	57142, 387, 5170	12	694	18224	6.564841498559078	0.9999557588713553	0.39425294707277814	54.39709228171379
GOTERM_BP_ALL	GO:2000117~negative regulation of cysteine-type endopeptidase activity	2	16.666666666666664	0.0636096494696276	135, 57591	12	100	16792	27.986666666666665	1.0	0.335887475247324	65.6566115204857
GOTERM_BP_ALL	GO:0030155~regulation of cell adhesion	3	25.0	0.06404584518196181	135, 5170, 9475	12	643	16792	6.528771384136859	1.0	0.33646576333510647	65.91584351660818
GOTERM_BP_ALL	GO:0042752~regulation of circadian rhythm	2	16.666666666666664	0.06422672913617197	135, 9475	12	101	16792	27.709570957095707	1.0	0.33592226148936044	66.02280360276329
GOTERM_BP_ALL	GO:1901700~response to oxygen-containing compound	4	33.33333333333333	0.06441395520204769	1808, 6198, 5170, 9475	12	1466	16792	3.8180991359708956	1.0	0.3354114221244727	66.1331820720597
GOTERM_CC_ALL	GO:0070161~anchoring junction	3	25.0	0.06620438718280798	57142, 387, 5170	12	711	18224	6.40787623066104	0.9999719114147501	0.3928956748092429	55.991070572851534
GOTERM_BP_ALL	GO:1902578~single-organism localization	6	50.0	0.06652089914917586	1808, 135, 6198, 387, 5170, 9475	12	3614	16792	2.3231876037631434	1.0	0.3431973708437275	67.35234106825419
GOTERM_BP_ALL	GO:0048675~axon extension	2	16.666666666666664	0.06730658585441728	57142, 5361	12	106	16792	26.402515723270437	1.0	0.34522145641993396	67.79633170127359
GOTERM_BP_ALL	GO:0048583~regulation of response to stimulus	6	50.0	0.06804822580419559	135, 6198, 387, 5361, 5170, 57591	12	3636	16792	2.309130913091309	1.0	0.34703610587465883	68.2102269367788
GOTERM_BP_ALL	GO:0051247~positive regulation of protein metabolic process	4	33.33333333333333	0.0690371081167284	6198, 387, 5170, 9475	12	1508	16792	3.711759504862953	1.0	0.3498708687976908	68.75434071166255
GOTERM_BP_ALL	GO:0003158~endothelium development	2	16.666666666666664	0.07037722476345461	387, 9475	12	111	16792	25.213213213213212	1.0	0.35413407656547125	69.4777764274481
GOTERM_BP_ALL	GO:0051046~regulation of secretion	3	25.0	0.07124481186332712	1808, 135, 5170	12	683	16792	6.146412884333821	1.0	0.3563874100821738	69.93771139159739
GOTERM_BP_ALL	GO:0051641~cellular localization	5	41.66666666666667	0.07128343171414908	1808, 135, 387, 5170, 9475	12	2541	16792	2.7535091171454806	1.0	0.3552073449121361	69.95803298056171
GOTERM_CC_ALL	GO:0043228~non-membrane-bounded organelle	6	50.0	0.0733252245789142	1808, 135, 57142, 387, 5170, 9475	12	4026	18224	2.2632886239443617	0.9999912927053148	0.41116354036397884	59.84820777408804
GOTERM_CC_ALL	GO:0043232~intracellular non-membrane-bounded organelle	6	50.0	0.0733252245789142	1808, 135, 57142, 387, 5170, 9475	12	4026	18224	2.2632886239443617	0.9999912927053148	0.41116354036397884	59.84820777408804
GOTERM_BP_ALL	GO:0034332~adherens junction organization	2	16.666666666666664	0.0752711359417474	5170, 9475	12	119	16792	23.518207282913163	1.0	0.3700912848503761	71.988332657653
GOTERM_MF_ALL	GO:0016773~phosphotransferase activity, alcohol group as acceptor	3	25.0	0.07569420315417648	6198, 5170, 9475	11	784	16881	5.872333024118738	0.9999578879266279	0.7629089106798408	59.91276276289486
GOTERM_BP_ALL	GO:0000910~cytokinesis	2	16.666666666666664	0.07588122515917983	387, 9475	12	120	16792	23.32222222222222	1.0	0.37117373241723306	72.28735036761529
GOTERM_MF_ALL	GO:0005515~protein binding	10	83.33333333333334	0.0764372578658299	1808, 135, 57142, 6198, 387, 4099, 5170, 57591, 8840, 9475	11	10806	16881	1.4201706122861035	0.9999620073331488	0.7198036507659638	60.285425660232505
GOTERM_BP_ALL	GO:0006996~organelle organization	6	50.0	0.07653856042016348	1808, 57142, 387, 5170, 57591, 9475	12	3753	16792	2.2371436184385827	1.0	0.3724337667866423	72.60617036049433
GOTERM_BP_ALL	GO:0045859~regulation of protein kinase activity	3	25.0	0.08004225614127573	135, 387, 5170	12	730	16792	5.75068493150685	1.0	0.38484940803644363	74.24825571157383
GOTERM_BP_ALL	GO:0051017~actin filament bundle assembly	2	16.666666666666664	0.08014161451006423	387, 9475	12	127	16792	22.036745406824146	1.0	0.3838563926630596	74.29344644808495
GOTERM_BP_ALL	GO:0019220~regulation of phosphate metabolic process	4	33.33333333333333	0.08092087333393033	135, 387, 5170, 9475	12	1610	16792	3.4766045548654243	1.0	0.3854988289405139	74.64530122701436
GOTERM_BP_ALL	GO:0051174~regulation of phosphorus metabolic process	4	33.33333333333333	0.08104190112451992	135, 387, 5170, 9475	12	1611	16792	3.4744465135526585	1.0	0.3845966875024529	74.69954106606157
GOTERM_BP_ALL	GO:1902589~single-organism organelle organization	4	33.33333333333333	0.08116301549258313	387, 5170, 57591, 9475	12	1612	16792	3.4722911497105042	1.0	0.38370183412444403	74.75371067769872
GOTERM_BP_ALL	GO:0044699~single-organism process	12	100.0	0.08193246168598568	1808, 135, 4974, 57142, 6198, 387, 4099, 5361, 5170, 57591, 8840, 9475	12	13377	16792	1.2552889287583167	1.0	0.38528900708727354	75.09531896995814
GOTERM_BP_ALL	GO:0061572~actin filament bundle organization	2	16.666666666666664	0.08256809815164913	387, 9475	12	131	16792	21.36386768447837	1.0	0.38635328445816286	75.3742431883418
GOTERM_BP_ALL	GO:0043279~response to alkaloid	2	16.666666666666664	0.08438414061972828	1808, 135	12	134	16792	20.88557213930348	1.0	0.39184402832034015	76.1550758893352
GOTERM_MF_ALL	GO:0008092~cytoskeletal protein binding	3	25.0	0.08643480181114306	1808, 387, 57591	11	846	16881	5.441972920696324	0.9999905667354512	0.7235420313020824	65.00102309762106
GOTERM_MF_ALL	GO:0035639~purine ribonucleoside triphosphate binding	4	33.33333333333333	0.08657886986094983	6198, 387, 5170, 9475	11	1841	16881	3.334353859068688	0.9999907552557751	0.6862458419838089	65.0650668674945
GOTERM_BP_ALL	GO:0043524~negative regulation of neuron apoptotic process	2	16.666666666666664	0.08680044698825529	135, 5170	12	138	16792	20.280193236714975	1.0	0.39947084097037155	77.15801544377254
GOTERM_BP_ALL	GO:0031399~regulation of protein modification process	4	33.33333333333333	0.08757936928011466	135, 387, 5170, 9475	12	1664	16792	3.363782051282051	1.0	0.4009730494534739	77.47279165149968
GOTERM_MF_ALL	GO:0032550~purine ribonucleoside binding	4	33.33333333333333	0.08759885894434916	6198, 387, 5170, 9475	11	1850	16881	3.318132678132678	0.999991987188497	0.6558817381717907	65.51543665950479
GOTERM_MF_ALL	GO:0001883~purine nucleoside binding	4	33.33333333333333	0.08794011609252948	6198, 387, 5170, 9475	11	1853	16881	3.3127606338615516	0.9999923618298847	0.6253873454709672	65.664927875731
GOTERM_MF_ALL	GO:0032549~ribonucleoside binding	4	33.33333333333333	0.08794011609252948	6198, 387, 5170, 9475	11	1853	16881	3.3127606338615516	0.9999923618298847	0.6253873454709672	65.664927875731
GOTERM_BP_ALL	GO:0009966~regulation of signal transduction	5	41.66666666666667	0.08846986113054271	135, 6198, 387, 5170, 57591	12	2728	16792	2.5647605083088956	1.0	0.40286762800793363	77.8276662422521
GOTERM_BP_ALL	GO:1990138~neuron projection extension	2	16.666666666666664	0.08860887092707831	57142, 5361	12	141	16792	19.84869976359338	1.0	0.40201537066008464	77.88258801471231
GOTERM_MF_ALL	GO:0001882~nucleoside binding	4	33.33333333333333	0.0887388283374228	6198, 387, 5170, 9475	11	1860	16881	3.300293255131965	0.9999931721055453	0.5994677907631927	66.01249965333204
GOTERM_BP_ALL	GO:0090002~establishment of protein localization to plasma membrane	2	16.666666666666664	0.08921095502886753	5170, 9475	12	142	16792	19.708920187793428	1.0	0.40284658273290275	78.11899635840598
GOTERM_BP_ALL	GO:0043549~regulation of kinase activity	3	25.0	0.09136717722477068	135, 387, 5170	12	788	16792	5.3274111675126905	1.0	0.4092429952965514	78.94632646525064
GOTERM_MF_ALL	GO:0032555~purine ribonucleotide binding	4	33.33333333333333	0.09150314818073929	6198, 387, 5170, 9475	11	1884	16881	3.2582513028372904	0.9999953719438665	0.5841305249991167	67.19076202169852
GOTERM_MF_ALL	GO:0017076~purine nucleotide binding	4	33.33333333333333	0.09301712083126011	6198, 387, 5170, 9475	11	1897	16881	3.2359227488378783	0.999996261620346	0.5653107564663288	67.82013846851146
GOTERM_MF_ALL	GO:0032553~ribonucleotide binding	4	33.33333333333333	0.09336815000385255	6198, 387, 5170, 9475	11	1900	16881	3.230813397129187	0.9999964423404503	0.543492650176471	67.96448067214865
GOTERM_BP_ALL	GO:0043542~endothelial cell migration	2	16.666666666666664	0.096407814381422	387, 9475	12	154	16792	18.173160173160174	1.0	0.4256342510804513	80.76728810035584
GOTERM_BP_ALL	GO:0070201~regulation of establishment of protein localization	3	25.0	0.09782150211850979	135, 387, 5170	12	820	16792	5.119512195121951	1.0	0.4291423372013924	81.25080138347838
GOTERM_BP_ALL	GO:0007179~transforming growth factor beta receptor signaling pathway	2	16.666666666666664	0.09939121737897604	387, 5170	12	159	16792	17.60167714884696	1.0	0.43313930673303913	81.77430358961308
