Category	Term	Count	%	PValue	Genes	List Total	Pop Hits	Pop Total	Fold Enrichment	Bonferroni	Benjamini	FDR
GOTERM_BP_ALL	GO:0006413~translational initiation	4	33.33333333333333	7.539109921368619E-5	27161, 1977, 1978, 6209	9	189	16792	39.48736037624926	0.05069184678688832	0.05069184678688832	0.1134153494984802
GOTERM_BP_ALL	GO:0010467~gene expression	9	75.0	9.90261661338774E-5	23203, 1869, 27161, 7027, 1977, 30061, 1978, 6209, 4000	9	5306	16792	3.1647191858273653	0.0660491245256597	0.03358866134841931	0.1489462656602547
GOTERM_BP_ALL	GO:0000082~G1/S transition of mitotic cell cycle	4	33.33333333333333	1.248379228865983E-4	1869, 7027, 1977, 1978	9	224	16792	33.317460317460316	0.0825374743761117	0.028306170756067672	0.18773594982977038
GOTERM_BP_ALL	GO:0072594~establishment of protein localization to organelle	5	41.66666666666667	1.5109425519082428E-4	23203, 1869, 7027, 6209, 4000	9	666	16792	14.00734067400734	0.09901161531962088	0.025728949637607523	0.2271793047097126
GOTERM_BP_ALL	GO:0044843~cell cycle G1/S phase transition	4	33.33333333333333	1.6080411951491152E-4	1869, 7027, 1977, 1978	9	244	16792	30.586520947176684	0.10502882185846796	0.021948305403827417	0.24176218088090007
GOTERM_BP_ALL	GO:0045787~positive regulation of cell cycle	4	33.33333333333333	4.235731908713178E-4	1869, 7027, 1977, 1978	9	339	16792	22.01507702392658	0.2534759287927776	0.047553399655721584	0.6356503272737402
GOTERM_BP_ALL	GO:1903047~mitotic cell cycle process	5	41.66666666666667	4.621047722994939E-4	1869, 7027, 1977, 1978, 4000	9	890	16792	10.481897627965045	0.2730706505888879	0.044538544100876876	0.6932865605186578
GOTERM_BP_ALL	GO:0033365~protein localization to organelle	5	41.66666666666667	4.86423039759219E-4	23203, 1869, 7027, 6209, 4000	9	902	16792	10.342448879034245	0.28517216354594555	0.04109588569628475	0.7296461963559375
GOTERM_BP_ALL	GO:0000278~mitotic cell cycle	5	41.66666666666667	6.370950707533385E-4	1869, 7027, 1977, 1978, 4000	9	968	16792	9.637281910009182	0.35579333142200986	0.04768509960291212	0.9546476855477382
GOTERM_BP_ALL	GO:0045944~positive regulation of transcription from RNA polymerase II promoter	5	41.66666666666667	8.402160465582419E-4	1869, 27161, 7027, 30061, 4000	9	1041	16792	8.961468673284235	0.44009758304520474	0.05634936991479178	1.2572187334914386
GOTERM_BP_ALL	GO:0051649~establishment of localization in cell	6	50.0	9.875037403650044E-4	23203, 1869, 7027, 1977, 6209, 4000	9	2004	16792	5.586161011310711	0.4942507237386029	0.06009269592678457	1.4760800062058266
GOTERM_BP_ALL	GO:0010608~posttranscriptional regulation of gene expression	4	33.33333333333333	0.0011121659723954433	1869, 27161, 1977, 1978	9	472	16792	15.811676082862522	0.5359771919361636	0.061981053220361404	1.6609671574985385
GOTERM_BP_ALL	GO:0044271~cellular nitrogen compound biosynthetic process	8	66.66666666666666	0.0011406411004653164	1869, 27161, 7027, 1977, 30061, 1978, 6209, 4000	9	4947	16792	3.0172270511870267	0.545015336582994	0.058778024873674006	1.7031532886708889
GOTERM_BP_ALL	GO:0034645~cellular macromolecule biosynthetic process	8	66.66666666666666	0.001244143536840022	1869, 27161, 7027, 1977, 30061, 1978, 6209, 4000	9	5012	16792	2.9780970116165646	0.5764117935571123	0.05951227233824774	1.8563507093335874
GOTERM_BP_ALL	GO:0007346~regulation of mitotic cell cycle	4	33.33333333333333	0.0012468753615587729	1869, 7027, 1977, 1978	9	491	16792	15.199818963566416	0.577210481772491	0.055776190347842425	1.8603911536999695
GOTERM_BP_ALL	GO:0008637~apoptotic mitochondrial changes	3	25.0	0.0013560971650607937	1869, 7027, 4000	9	119	16792	47.03641456582633	0.6079406599223447	0.056841924116964426	2.021806063896503
GOTERM_BP_ALL	GO:0044772~mitotic cell cycle phase transition	4	33.33333333333333	0.0014233743449386126	1869, 7027, 1977, 1978	9	514	16792	14.519671422395158	0.6257487553950258	0.05617395827574745	2.1211091600117693
GOTERM_CC_ALL	GO:0044444~cytoplasmic part	9	75.0	0.0015052280080709865	23203, 1869, 27161, 7027, 1977, 30061, 1978, 6209, 4000	9	8090	18224	2.2526576019777504	0.1741218002248145	0.1741218002248145	1.731766389326428
GOTERM_BP_ALL	GO:0009059~macromolecule biosynthetic process	8	66.66666666666666	0.0015388665998107409	1869, 27161, 7027, 1977, 30061, 1978, 6209, 4000	9	5175	16792	2.8842941492216854	0.6544561723845338	0.05732652828657836	2.2913600622813557
GOTERM_BP_ALL	GO:0071456~cellular response to hypoxia	3	25.0	0.0016647899080976566	1869, 1978, 4000	9	132	16792	42.4040404040404	0.6832562765390018	0.058714270359593534	2.476672656680201
GOTERM_BP_ALL	GO:0044770~cell cycle phase transition	4	33.33333333333333	0.0017032885688144735	1869, 7027, 1977, 1978	9	547	16792	13.643713183018484	0.691573329779732	0.0571174544029146	2.533262939615677
GOTERM_BP_ALL	GO:0036294~cellular response to decreased oxygen levels	3	25.0	0.0018436664045297362	1869, 1978, 4000	9	139	16792	40.26858513189448	0.7200947018721064	0.05883190565904817	2.7393487559641105
GOTERM_BP_ALL	GO:0017148~negative regulation of translation	3	25.0	0.0020588709474301608	27161, 1977, 1978	9	147	16792	38.07709750566893	0.7587895287067579	0.06259536177132607	3.0544964151125398
GOTERM_BP_ALL	GO:0071453~cellular response to oxygen levels	3	25.0	0.0021144602423052794	1869, 1978, 4000	9	149	16792	37.56599552572707	0.7678849720383483	0.06152678734689332	3.1357468582176584
GOTERM_BP_ALL	GO:1903508~positive regulation of nucleic acid-templated transcription	5	41.66666666666667	0.0022304545969701614	1869, 27161, 7027, 30061, 4000	9	1349	16792	6.91541059220822	0.7857758920266876	0.06217994815893635	3.3050818834895024
GOTERM_BP_ALL	GO:0045893~positive regulation of transcription, DNA-templated	5	41.66666666666667	0.0022304545969701614	1869, 27161, 7027, 30061, 4000	9	1349	16792	6.91541059220822	0.7857758920266876	0.06217994815893635	3.3050818834895024
GOTERM_BP_ALL	GO:0022402~cell cycle process	5	41.66666666666667	0.0022802116792729732	1869, 7027, 1977, 1978, 4000	9	1357	16792	6.874641775157619	0.793021958530208	0.06106188094749865	3.377635312090055
GOTERM_BP_ALL	GO:0034249~negative regulation of cellular amide metabolic process	3	25.0	0.0022855026974190644	27161, 1977, 1978	9	155	16792	36.111827956989245	0.7937779394721465	0.05891625099161102	3.3853474347666723
GOTERM_BP_ALL	GO:1902680~positive regulation of RNA biosynthetic process	5	41.66666666666667	0.002356319329786553	1869, 27161, 7027, 30061, 4000	9	1369	16792	6.8143819495170845	0.8036347581419867	0.05850675580015707	3.488513580401631
GOTERM_BP_ALL	GO:0051254~positive regulation of RNA metabolic process	5	41.66666666666667	0.0026648288294024865	1869, 27161, 7027, 30061, 4000	9	1415	16792	6.592854338437378	0.8413708524422607	0.06364130075429963	3.9367535208190585
GOTERM_BP_ALL	GO:0006412~translation	4	33.33333333333333	0.002685061522894027	27161, 1977, 1978, 6209	9	641	16792	11.642919050095337	0.843575874672075	0.06196861333022374	3.9660820113490702
GOTERM_BP_ALL	GO:0007005~mitochondrion organization	4	33.33333333333333	0.002831185599569824	23203, 1869, 7027, 4000	9	653	16792	11.428960353922069	0.8586178371840183	0.0631289466309023	4.177649474490009
GOTERM_BP_ALL	GO:0070345~negative regulation of fat cell proliferation	2	16.666666666666664	0.0028555262643750945	1869, 7027	9	6	16792	621.9259259259259	0.8609791878942961	0.06166608521189654	4.2128490861412455
GOTERM_BP_ALL	GO:0051641~cellular localization	6	50.0	0.002962879783640727	23203, 1869, 7027, 1977, 6209, 4000	9	2541	16792	4.405614587432769	0.870932748743227	0.061978048305523226	4.367951574930407
GOTERM_BP_ALL	GO:0043043~peptide biosynthetic process	4	33.33333333333333	0.0030078817822832165	27161, 1977, 1978, 6209	9	667	16792	11.189072130601366	0.8748905143352483	0.06104417883066349	4.432899906726151
GOTERM_CC_ALL	GO:0070013~intracellular organelle lumen	7	58.333333333333336	0.0031841508352617614	23203, 1869, 27161, 7027, 1978, 6209, 4000	9	4328	18224	3.275005134524543	0.3330447594029263	0.18332672347071766	3.631008362394328
GOTERM_BP_ALL	GO:2000112~regulation of cellular macromolecule biosynthetic process	7	58.333333333333336	0.003197130188132456	1869, 27161, 7027, 1977, 30061, 1978, 4000	9	3991	16792	3.2724741780116373	0.8902503954869155	0.06292023975172123	4.705578848587333
GOTERM_BP_ALL	GO:0072655~establishment of protein localization to mitochondrion	3	25.0	0.003339685797083914	23203, 1869, 7027	9	188	16792	29.77304964539007	0.9005638696283708	0.06382205374142969	4.910500559210074
GOTERM_BP_ALL	GO:0070585~protein localization to mitochondrion	3	25.0	0.0034449414540122245	23203, 1869, 7027	9	191	16792	29.305410122164048	0.9075524072826365	0.06400209221965192	5.061540016038258
GOTERM_CC_ALL	GO:0043233~organelle lumen	7	58.333333333333336	0.0034860563782621286	23203, 1869, 27161, 7027, 1978, 6209, 4000	9	4400	18224	3.2214141414141415	0.35821546544560623	0.13742589580568454	3.9689521751936296
GOTERM_BP_ALL	GO:0070887~cellular response to chemical stimulus	6	50.0	0.0035767271782323434	1869, 27161, 1977, 30061, 1978, 4000	9	2648	16792	4.2275931520644505	0.9156150223010736	0.06463710268957268	5.250333750738756
GOTERM_CC_ALL	GO:0031974~membrane-enclosed lumen	7	58.333333333333336	0.0037408637995686995	23203, 1869, 27161, 7027, 1978, 6209, 4000	9	4457	18224	3.1802158901104383	0.3787244327316529	0.11218788178746064	4.253332735987614
GOTERM_BP_ALL	GO:0010556~regulation of macromolecule biosynthetic process	7	58.333333333333336	0.00374132053291218	1869, 27161, 7027, 1977, 30061, 1978, 4000	9	4107	16792	3.1800449097746393	0.9247058153965595	0.06579735970426848	5.485634850246857
GOTERM_BP_ALL	GO:0044260~cellular macromolecule metabolic process	9	75.0	0.003866408098869896	23203, 1869, 27161, 7027, 1977, 30061, 1978, 6209, 4000	9	8387	16792	2.002146178609753	0.9309546928316664	0.06624227151970796	5.664093893743106
GOTERM_BP_ALL	GO:0043604~amide biosynthetic process	4	33.33333333333333	0.003979720968643586	27161, 1977, 1978, 6209	9	736	16792	10.140096618357488	0.9361670765869052	0.06647464441320461	5.825482698627072
GOTERM_BP_ALL	GO:0000956~nuclear-transcribed mRNA catabolic process	3	25.0	0.003994471975072846	27161, 1977, 6209	9	206	16792	27.1715210355987	0.9368160596879131	0.06514015697868825	5.846473231759508
GOTERM_BP_ALL	GO:0010557~positive regulation of macromolecule biosynthetic process	5	41.66666666666667	0.004168841147231271	1869, 27161, 7027, 30061, 4000	9	1597	16792	5.8415083837751345	0.9440061236016306	0.06632910212135157	6.094268056282459
GOTERM_BP_ALL	GO:0034613~cellular protein localization	5	41.66666666666667	0.004197714789286265	23203, 1869, 7027, 6209, 4000	9	1600	16792	5.830555555555556	0.9451152337111728	0.06527270218621206	6.135241387560663
GOTERM_CC_ALL	GO:0005654~nucleoplasm	6	50.0	0.004322388506155775	1869, 27161, 7027, 1978, 6209, 4000	9	2996	18224	4.0551846906987095	0.4231270014723776	0.10418971923753084	4.899469755987185
GOTERM_BP_ALL	GO:0070727~cellular macromolecule localization	5	41.66666666666667	0.004324457506457241	23203, 1869, 7027, 6209, 4000	9	1613	16792	5.783564097265275	0.9497299678736639	0.06570440950635681	6.314899127533402
GOTERM_BP_ALL	GO:0006402~mRNA catabolic process	3	25.0	0.004582435303580132	27161, 1977, 6209	9	221	16792	25.32730015082956	0.9579605629428932	0.0680028214780114	6.679591263276407
GOTERM_BP_ALL	GO:0044249~cellular biosynthetic process	8	66.66666666666666	0.004635699460577559	1869, 27161, 7027, 1977, 30061, 1978, 6209, 4000	9	6118	16792	2.439722494642403	0.9594844557592831	0.06732377544917845	6.754723256388662
GOTERM_BP_ALL	GO:0031326~regulation of cellular biosynthetic process	7	58.333333333333336	0.004711114679592551	1869, 27161, 7027, 1977, 30061, 1978, 4000	9	4284	16792	3.048656499636892	0.9615482242538409	0.06697809863010717	6.861003953246259
GOTERM_BP_ALL	GO:0033036~macromolecule localization	6	50.0	0.004736072487007644	23203, 1869, 7027, 1977, 6209, 4000	9	2817	16792	3.973967577801443	0.9622078178241957	0.06596631044701717	6.896151425680264
GOTERM_BP_ALL	GO:0070341~fat cell proliferation	2	16.666666666666664	0.004755244315620143	1869, 7027	9	10	16792	373.1555555555555	0.9627068142920046	0.06491824923962286	6.923142235514179
GOTERM_BP_ALL	GO:0070344~regulation of fat cell proliferation	2	16.666666666666664	0.004755244315620143	1869, 7027	9	10	16792	373.1555555555555	0.9627068142920046	0.06491824923962286	6.923142235514179
GOTERM_BP_ALL	GO:0045935~positive regulation of nucleobase-containing compound metabolic process	5	41.66666666666667	0.004783916305479427	1869, 27161, 7027, 30061, 4000	9	1658	16792	5.626591609703794	0.9634408266288763	0.06403431346093769	6.963494093045863
GOTERM_BP_ALL	GO:0048523~negative regulation of cellular process	7	58.333333333333336	0.004807746746274676	1869, 27161, 7027, 1977, 30061, 1978, 4000	9	4300	16792	3.0373126614987083	0.9640399034656407	0.06312260212048937	6.997019711918928
GOTERM_CC_ALL	GO:0016442~RISC complex	2	16.666666666666664	0.004819531919125037	27161, 1977	9	11	18224	368.16161616161617	0.4585801730920974	0.09720524776382555	5.448688189383932
GOTERM_CC_ALL	GO:0031332~RNAi effector complex	2	16.666666666666664	0.004819531919125037	27161, 1977	9	11	18224	368.16161616161617	0.4585801730920974	0.09720524776382555	5.448688189383932
GOTERM_BP_ALL	GO:0010821~regulation of mitochondrion organization	3	25.0	0.004911580100908703	1869, 7027, 4000	9	229	16792	24.442503639010187	0.9665378480225455	0.06324496536110291	7.142965048495508
GOTERM_BP_ALL	GO:0007049~cell cycle	5	41.66666666666667	0.004933555442911529	1869, 7027, 1977, 1978, 4000	9	1672	16792	5.579479000531632	0.9670438789222896	0.06235912820824563	7.1738255645056315
GOTERM_BP_ALL	GO:0009889~regulation of biosynthetic process	7	58.333333333333336	0.005049875252353538	1869, 27161, 7027, 1977, 30061, 1978, 4000	9	4339	16792	3.0100125476940414	0.9695978388774443	0.06264168099635259	7.33701693510147
GOTERM_BP_ALL	GO:0010468~regulation of gene expression	7	58.333333333333336	0.005087967195880277	1869, 27161, 7027, 1977, 30061, 1978, 4000	9	4345	16792	3.0058560286408387	0.9703904676911537	0.06198918366110284	7.390399946211557
GOTERM_BP_ALL	GO:0010628~positive regulation of gene expression	5	41.66666666666667	0.005152959720300192	1869, 27161, 7027, 30061, 4000	9	1692	16792	5.513527712109273	0.9716955029930807	0.06167224748538003	7.481415832450377
GOTERM_BP_ALL	GO:1901576~organic substance biosynthetic process	8	66.66666666666666	0.005202242324144191	1869, 27161, 7027, 1977, 30061, 1978, 6209, 4000	9	6227	16792	2.397016576557286	0.9726466578802989	0.06118692430449291	7.550375784073626
GOTERM_BP_ALL	GO:0006518~peptide metabolic process	4	33.33333333333333	0.005364130771187268	27161, 1977, 1978, 6209	9	818	16792	9.123607715294757	0.9755521467972575	0.06198227053081595	7.776564801334684
GOTERM_BP_ALL	GO:0051171~regulation of nitrogen compound metabolic process	7	58.333333333333336	0.005474787006234317	1869, 27161, 7027, 1977, 30061, 1978, 4000	9	4404	16792	2.9655868402462406	0.9773587478084195	0.06218547115747586	7.9308752808882055
GOTERM_BP_ALL	GO:0031328~positive regulation of cellular biosynthetic process	5	41.66666666666667	0.005576668569325923	1869, 27161, 7027, 30061, 4000	9	1729	16792	5.395540132382238	0.9789039741482544	0.06228684039941201	8.072736290968896
GOTERM_CC_ALL	GO:0005845~mRNA cap binding complex	2	16.666666666666664	0.0056936233598550235	27161, 1977	9	13	18224	311.52136752136755	0.5157512293212922	0.09840853959417739	6.407316575383826
GOTERM_BP_ALL	GO:0009058~biosynthetic process	8	66.66666666666666	0.005729973643729131	1869, 27161, 7027, 1977, 30061, 1978, 6209, 4000	9	6320	16792	2.3617440225035162	0.9810329595087955	0.0629333433783208	8.285815465352453
GOTERM_BP_ALL	GO:0006401~RNA catabolic process	3	25.0	0.005781297368951445	27161, 1977, 6209	9	249	16792	22.47925033467202	0.981696644841839	0.06248915190449167	8.357047380092553
GOTERM_BP_ALL	GO:0009891~positive regulation of biosynthetic process	5	41.66666666666667	0.005949886449250792	1869, 27161, 7027, 30061, 4000	9	1760	16792	5.300505050505051	0.9837178149253669	0.0632698753439066	8.590667930380691
GOTERM_BP_ALL	GO:0051173~positive regulation of nitrogen compound metabolic process	5	41.66666666666667	0.006036504975566486	1869, 27161, 7027, 30061, 4000	9	1767	16792	5.279507011255738	0.9846679649586979	0.0631932810304473	8.710482317901459
GOTERM_BP_ALL	GO:0044802~single-organism membrane organization	4	33.33333333333333	0.0062964598883814855	1869, 7027, 6209, 4000	9	866	16792	8.61791121375417	0.9871997768531071	0.06485217121298437	9.069183211480759
GOTERM_CC_ALL	GO:0034518~RNA cap binding complex	2	16.666666666666664	0.0065670429579481535	27161, 1977	9	15	18224	269.9851851851852	0.5668906353628198	0.09931133603886377	7.356329413963747
GOTERM_MF_ALL	GO:0000339~RNA cap binding	2	16.666666666666664	0.006616819689250697	27161, 1977	9	14	16881	267.95238095238096	0.49194135983695575	0.49194135983695575	7.129219755761163
GOTERM_BP_ALL	GO:0006366~transcription from RNA polymerase II promoter	5	41.66666666666667	0.00672099096652127	1869, 27161, 7027, 30061, 4000	9	1820	16792	5.125763125763126	0.9904683571763978	0.06807421175578954	9.652148144424256
GOTERM_BP_ALL	GO:0034641~cellular nitrogen compound metabolic process	8	66.66666666666666	0.00691221288275372	1869, 27161, 7027, 1977, 30061, 1978, 6209, 4000	9	6505	16792	2.294576821248612	0.9916541167950993	0.06894100853727125	9.913592157818163
GOTERM_BP_ALL	GO:0006357~regulation of transcription from RNA polymerase II promoter	5	41.66666666666667	0.006924075547765009	1869, 27161, 7027, 30061, 4000	9	1835	16792	5.083863154707841	0.9917226230235113	0.06807540094277009	9.929787839455484
GOTERM_BP_ALL	GO:0006839~mitochondrial transport	3	25.0	0.007109759183744517	23203, 1869, 7027	9	277	16792	20.206979542719615	0.9927245981666217	0.06886549606803982	10.182941212040742
GOTERM_BP_ALL	GO:0048519~negative regulation of biological process	7	58.333333333333336	0.0071183747471975835	1869, 27161, 7027, 1977, 30061, 1978, 4000	9	4623	16792	2.8251015454130313	0.9927680282756189	0.06799562045426177	10.194671173346158
GOTERM_BP_ALL	GO:0016070~RNA metabolic process	7	58.333333333333336	0.007328277377500742	1869, 27161, 7027, 1977, 30061, 6209, 4000	9	4648	16792	2.8099062918340025	0.993749727196554	0.06898576013562674	10.480009002648815
GOTERM_BP_ALL	GO:0006810~transport	7	58.333333333333336	0.007456536507016495	23203, 1869, 7027, 1977, 30061, 6209, 4000	9	4663	16792	2.8008673481545023	0.9942828683464671	0.0692143113878948	10.653945312551382
GOTERM_BP_ALL	GO:0001666~response to hypoxia	3	25.0	0.007563832482648836	1869, 1978, 4000	9	286	16792	19.571095571095572	0.9946938168153792	0.06925088185423323	10.79921039840308
GOTERM_BP_ALL	GO:0043170~macromolecule metabolic process	9	75.0	0.007626738007214256	23203, 1869, 27161, 7027, 1977, 30061, 1978, 6209, 4000	9	9130	16792	1.83921139101862	0.9949208914080719	0.06889828119199992	10.884273907321184
GOTERM_BP_ALL	GO:0036293~response to decreased oxygen levels	3	25.0	0.008030918308316959	1869, 1978, 4000	9	295	16792	18.974011299435027	0.9961654549584126	0.07149798354614356	11.42901973070105
GOTERM_BP_ALL	GO:0048522~positive regulation of cellular process	7	58.333333333333336	0.008179956608508789	1869, 27161, 7027, 1977, 30061, 1978, 4000	9	4744	16792	2.7530447817125725	0.996543093819308	0.07185824628917148	11.629104766264009
GOTERM_BP_ALL	GO:0051234~establishment of localization	7	58.333333333333336	0.008614644324630417	23203, 1869, 7027, 1977, 30061, 6209, 4000	9	4790	16792	2.726606355833913	0.9974453901192091	0.07460128789521847	12.210268803598057
GOTERM_BP_ALL	GO:0051726~regulation of cell cycle	4	33.33333333333333	0.008791608983149637	1869, 7027, 1977, 1978	9	976	16792	7.646630236794171	0.9977414525664888	0.07514269000305096	12.445841509158818
GOTERM_BP_ALL	GO:0070482~response to oxygen levels	3	25.0	0.009059313086078095	1869, 1978, 4000	9	314	16792	17.825902335456476	0.998125498936946	0.07640926910994683	12.80108385221147
GOTERM_BP_ALL	GO:0043603~cellular amide metabolic process	4	33.33333333333333	0.009249103152739453	27161, 1977, 1978, 6209	9	994	16792	7.5081600715403525	0.9983575689170265	0.07701723927256088	13.05211891730198
GOTERM_CC_ALL	GO:0031981~nuclear lumen	6	50.0	0.009741608379356566	1869, 27161, 7027, 1978, 6209, 4000	9	3592	18224	3.382331106161841	0.71155468790898	0.1290222635702527	10.73206909125769
GOTERM_BP_ALL	GO:0045184~establishment of protein localization	5	41.66666666666667	0.009806199626226938	23203, 1869, 7027, 6209, 4000	9	2021	16792	4.615976689207763	0.9988858594408038	0.08051961511258288	13.785098394743612
GOTERM_BP_ALL	GO:0061024~membrane organization	4	33.33333333333333	0.010124799434841469	1869, 7027, 6209, 4000	9	1027	16792	7.266904684626203	0.9991077093575392	0.0820668525998991	14.201687525489426
GOTERM_BP_ALL	GO:0045947~negative regulation of translational initiation	2	16.666666666666664	0.01043541091573626	27161, 1978	9	22	16792	169.61616161616163	0.9992814438499545	0.08351358325989733	14.606021645409161
GOTERM_BP_ALL	GO:0006807~nitrogen compound metabolic process	8	66.66666666666666	0.01058170972417221	1869, 27161, 7027, 1977, 30061, 1978, 6209, 4000	9	6948	16792	2.148276082645685	0.99935113439925	0.08367515659352831	14.795847177579446
GOTERM_BP_ALL	GO:0006417~regulation of translation	3	25.0	0.010738081396520714	27161, 1977, 1978	9	343	16792	16.31875607385811	0.999418176814398	0.08390878605219554	14.998306846721176
GOTERM_BP_ALL	GO:0090150~establishment of protein localization to membrane	3	25.0	0.012289109579550482	1869, 7027, 6209	9	368	16792	15.210144927536232	0.9998029433113118	0.09444704742441234	16.982299648758936
GOTERM_BP_ALL	GO:1902580~single-organism cellular localization	4	33.33333333333333	0.012296350536463704	1869, 7027, 6209, 4000	9	1102	16792	6.7723331316797735	0.9998039375943267	0.09346653086690182	16.991459664803866
GOTERM_BP_ALL	GO:0034248~regulation of cellular amide metabolic process	3	25.0	0.012675434458454005	27161, 1977, 1978	9	374	16792	14.966131907308377	0.9998495609688772	0.09518265951470184	17.469695989671287
GOTERM_BP_ALL	GO:0090304~nucleic acid metabolic process	7	58.333333333333336	0.012780416603615884	1869, 27161, 7027, 1977, 30061, 6209, 4000	9	5158	16792	2.5320753091206756	0.999860203702461	0.09491167554422264	17.601681518482714
GOTERM_BP_ALL	GO:0071310~cellular response to organic substance	5	41.66666666666667	0.012971619698087005	1869, 27161, 1977, 1978, 4000	9	2186	16792	4.267561248348073	0.9998776928728695	0.09525281228757931	17.841559518959393
GOTERM_BP_ALL	GO:0034655~nucleobase-containing compound catabolic process	3	25.0	0.013067155595327277	27161, 1977, 6209	9	380	16792	14.729824561403507	0.9998855948618847	0.0949215704528894	17.961171753802386
GOTERM_BP_ALL	GO:2001233~regulation of apoptotic signaling pathway	3	25.0	0.013067155595327277	1869, 7027, 4000	9	380	16792	14.729824561403507	0.9998855948618847	0.0949215704528894	17.961171753802386
GOTERM_BP_ALL	GO:0071549~cellular response to dexamethasone stimulus	2	16.666666666666664	0.013735724617883423	1977, 1978	9	29	16792	128.6743295019157	0.999928323200485	0.09853313634338567	18.793690586350465
GOTERM_BP_ALL	GO:1900739~regulation of protein insertion into mitochondrial membrane involved in apoptotic signaling pathway	2	16.666666666666664	0.014206410903091975	1869, 7027	9	30	16792	124.38518518518518	0.9999484376450546	0.10071768870232733	19.375062695773128
GOTERM_BP_ALL	GO:1900740~positive regulation of protein insertion into mitochondrial membrane involved in apoptotic signaling pathway	2	16.666666666666664	0.014206410903091975	1869, 7027	9	30	16792	124.38518518518518	0.9999484376450546	0.10071768870232733	19.375062695773128
GOTERM_BP_ALL	GO:0048518~positive regulation of biological process	7	58.333333333333336	0.014533107880062934	1869, 27161, 7027, 1977, 30061, 1978, 4000	9	5285	16792	2.4712288447387785	0.999958978986302	0.10188933177598514	19.776298220298482
GOTERM_CC_ALL	GO:0005737~cytoplasm	9	75.0	0.014918567058771261	23203, 1869, 27161, 7027, 1977, 30061, 1978, 6209, 4000	9	10775	18224	1.691322505800464	0.8517615214071549	0.17377925550981954	15.996777196288491
GOTERM_MF_ALL	GO:0031369~translation initiation factor binding	2	16.666666666666664	0.015067847822981605	1977, 1978	9	32	16881	117.22916666666666	0.7874583191220459	0.5389775700923499	15.561291764442187
GOTERM_BP_ALL	GO:0001844~protein insertion into mitochondrial membrane involved in apoptotic signaling pathway	2	16.666666666666664	0.015147193853522619	1869, 7027	9	32	16792	116.61111111111111	0.9999733181822861	0.1049343323062647	20.5254524661574
GOTERM_BP_ALL	GO:0046700~heterocycle catabolic process	3	25.0	0.015176033954214617	27161, 1977, 6209	9	411	16792	13.618815896188158	0.999973851905403	0.10408872851899464	20.560474869318966
GOTERM_CC_ALL	GO:0044428~nuclear part	6	50.0	0.015290010269721786	1869, 27161, 7027, 1978, 6209, 4000	9	3981	18224	3.051829523570292	0.85869430625185	0.16296852830167663	16.363380687238106
GOTERM_BP_ALL	GO:0044270~cellular nitrogen compound catabolic process	3	25.0	0.01567171020458146	27161, 1977, 6209	9	418	16792	13.390749601275916	0.9999815253071046	0.10627927924499059	21.16015937673432
GOTERM_BP_ALL	GO:0019439~aromatic compound catabolic process	3	25.0	0.016030107535978964	27161, 1977, 6209	9	423	16792	13.232466509062252	0.9999856302584914	0.10754523261273552	21.591124064025845
GOTERM_BP_ALL	GO:0051204~protein insertion into mitochondrial membrane	2	16.666666666666664	0.016087191110000936	1869, 7027	9	34	16792	109.75163398692808	0.9999861941252267	0.10688016070200701	21.659562385893803
GOTERM_BP_ALL	GO:0000289~nuclear-transcribed mRNA poly(A) tail shortening	2	16.666666666666664	0.017026403236679647	27161, 1977	9	36	16792	103.65432098765432	0.9999928570388766	0.11174270509552875	22.77762094059943
GOTERM_BP_ALL	GO:0071548~response to dexamethasone	2	16.666666666666664	0.017026403236679647	1977, 1978	9	36	16792	103.65432098765432	0.9999928570388766	0.11174270509552875	22.77762094059943
GOTERM_BP_ALL	GO:1901361~organic cyclic compound catabolic process	3	25.0	0.01764965673409411	27161, 1977, 6209	9	445	16792	12.578277153558052	0.9999953887692354	0.11454498192240503	23.511313664461586
GOTERM_BP_ALL	GO:1901030~positive regulation of mitochondrial outer membrane permeabilization involved in apoptotic signaling pathway	2	16.666666666666664	0.018433750536034858	1869, 7027	9	39	16792	95.68091168091168	0.9999973421176483	0.11826397350273155	24.425104453839342
GOTERM_BP_ALL	GO:0044237~cellular metabolic process	9	75.0	0.018543648493750817	23203, 1869, 27161, 7027, 1977, 30061, 1978, 6209, 4000	9	10202	16792	1.6459517741619292	0.9999975397285075	0.11784779378522248	24.552363232561213
GOTERM_BP_ALL	GO:0044238~primary metabolic process	9	75.0	0.01914850127016345	23203, 1869, 27161, 7027, 1977, 30061, 1978, 6209, 4000	9	10243	16792	1.6393634677340623	0.9999983921356316	0.12038857888993504	25.24919293047422
GOTERM_BP_ALL	GO:0006913~nucleocytoplasmic transport	3	25.0	0.019181453740382694	1977, 6209, 4000	9	465	16792	12.037275985663081	0.9999984289796036	0.11950774296457989	25.286983190388845
GOTERM_BP_ALL	GO:0008104~protein localization	5	41.66666666666667	0.019311831736407364	23203, 1869, 7027, 6209, 4000	9	2448	16792	3.810820624546115	0.9999985666718716	0.11921241367874724	25.436327313256303
GOTERM_BP_ALL	GO:0051169~nuclear transport	3	25.0	0.019809818373062053	1977, 6209, 4000	9	473	16792	11.833685694150809	0.999998990421509	0.12105049464395956	26.00419489790071
GOTERM_BP_ALL	GO:0032774~RNA biosynthetic process	6	50.0	0.020032482701788448	1869, 27161, 7027, 30061, 6209, 4000	9	3905	16792	2.8667520273154072	0.9999991369031279	0.12127617195240081	26.256796544528214
GOTERM_BP_ALL	GO:2000113~negative regulation of cellular macromolecule biosynthetic process	4	33.33333333333333	0.020262800127647064	1869, 27161, 1977, 1978	9	1324	16792	5.636790869419268	0.999999266123887	0.12154137821527033	26.517233084995485
GOTERM_BP_ALL	GO:0072657~protein localization to membrane	3	25.0	0.021093046676974734	1869, 7027, 6209	9	489	16792	11.446489434219494	0.9999995911394294	0.12517051653592337	27.448943416724745
GOTERM_BP_ALL	GO:1901566~organonitrogen compound biosynthetic process	4	33.33333333333333	0.022429172669629467	27161, 1977, 1978, 6209	9	1375	16792	5.4277171717171715	0.9999998406761897	0.1315210722676935	28.925233083186164
GOTERM_BP_ALL	GO:1901028~regulation of mitochondrial outer membrane permeabilization involved in apoptotic signaling pathway	2	16.666666666666664	0.022645219718131993	1869, 7027	9	48	16792	77.74074074074073	0.9999998632124393	0.13161022361744035	29.16129347113613
GOTERM_BP_ALL	GO:0071396~cellular response to lipid	3	25.0	0.02274616787929608	1869, 1977, 1978	9	509	16792	10.996725605762935	0.9999998726222251	0.13107332505035163	29.271341799074
GOTERM_MF_ALL	GO:0008134~transcription factor binding	3	25.0	0.022771603765837166	1869, 7027, 1977	9	512	16881	10.990234374999998	0.9045886645300296	0.543052128979127	22.634189511068058
GOTERM_BP_ALL	GO:0051205~protein insertion into membrane	2	16.666666666666664	0.023112183301355067	1869, 7027	9	49	16792	76.15419501133786	0.9999999016355006	0.13197212870785457	29.669015399539568
GOTERM_BP_ALL	GO:0006139~nucleobase-containing compound metabolic process	7	58.333333333333336	0.02349394786629253	1869, 27161, 7027, 1977, 30061, 6209, 4000	9	5794	16792	2.254132627622445	0.9999999248882118	0.1329390332053365	30.081575639206637
GOTERM_BP_ALL	GO:0042981~regulation of apoptotic process	4	33.33333333333333	0.023538045045449457	1869, 7027, 30061, 4000	9	1400	16792	5.330793650793651	0.9999999271925921	0.1321053109641489	30.129084159262487
GOTERM_BP_ALL	GO:0080090~regulation of primary metabolic process	7	58.333333333333336	0.023577965352699518	1869, 27161, 7027, 1977, 30061, 1978, 4000	9	5798	16792	2.2525775171515083	0.9999999292177592	0.13126315365051933	30.17206669453767
GOTERM_BP_ALL	GO:0071407~cellular response to organic cyclic compound	3	25.0	0.02367833063726115	27161, 1977, 1978	9	520	16792	10.764102564102563	0.9999999340642891	0.13074921687270558	30.280021831347426
GOTERM_BP_ALL	GO:0060255~regulation of macromolecule metabolic process	7	58.333333333333336	0.023937600526366887	1869, 27161, 7027, 1977, 30061, 1978, 4000	9	5815	16792	2.2459921658545907	0.9999999451050732	0.13106424964825958	30.558177601473535
GOTERM_BP_ALL	GO:0043067~regulation of programmed cell death	4	33.33333333333333	0.0241269224150696	1869, 7027, 30061, 4000	9	1413	16792	5.2817488401352515	0.9999999519821824	0.13101618676727755	30.760635347400633
GOTERM_BP_ALL	GO:0010558~negative regulation of macromolecule biosynthetic process	4	33.33333333333333	0.02435565311238578	1869, 27161, 1977, 1978	9	1418	16792	5.26312490205297	0.9999999591532585	0.13116924593666646	31.004501172496322
GOTERM_BP_ALL	GO:0031323~regulation of cellular metabolic process	7	58.333333333333336	0.024560734745276997	1869, 27161, 7027, 1977, 30061, 1978, 4000	9	5844	16792	2.234846756407331	0.999999964668569	0.1312009160644786	31.222471065418745
GOTERM_BP_ALL	GO:0042221~response to chemical	6	50.0	0.02510636635451986	1869, 27161, 1977, 30061, 1978, 4000	9	4117	16792	2.7191320540846893	0.9999999759844972	0.1329327597491502	31.79926629029367
GOTERM_BP_ALL	GO:0051179~localization	7	58.333333333333336	0.02517403736469719	23203, 1869, 7027, 1977, 30061, 6209, 4000	9	5872	16792	2.224190130184681	0.9999999771076583	0.13227002800839827	31.8704867001136
GOTERM_BP_ALL	GO:0097345~mitochondrial outer membrane permeabilization	2	16.666666666666664	0.025444074159165345	1869, 7027	9	54	16792	69.10288065843622	0.9999999810909835	0.13261211588420418	32.15399638051518
GOTERM_BP_ALL	GO:1902686~mitochondrial outer membrane permeabilization involved in programmed cell death	2	16.666666666666664	0.025909867409105034	1869, 7027	9	55	16792	67.84646464646464	0.9999999864040557	0.1339025876357196	32.6404424515021
GOTERM_BP_ALL	GO:0071385~cellular response to glucocorticoid stimulus	2	16.666666666666664	0.025909867409105034	1977, 1978	9	55	16792	67.84646464646464	0.9999999864040557	0.1339025876357196	32.6404424515021
GOTERM_BP_ALL	GO:1902110~positive regulation of mitochondrial membrane permeability involved in apoptotic process	2	16.666666666666664	0.025909867409105034	1869, 7027	9	55	16792	67.84646464646464	0.9999999864040557	0.1339025876357196	32.6404424515021
GOTERM_BP_ALL	GO:0046483~heterocycle metabolic process	7	58.333333333333336	0.026229638191831446	1869, 27161, 7027, 1977, 30061, 6209, 4000	9	5919	16792	2.2065288806292354	0.9999999891602098	0.13446700367252884	32.97250451639244
GOTERM_BP_ALL	GO:0044707~single-multicellular organism process	7	58.333333333333336	0.02678147665724321	1869, 27161, 1977, 30061, 1978, 6209, 4000	9	5943	16792	2.1976181128124592	0.9999999926691768	0.1361337525029992	33.54196272354986
GOTERM_BP_ALL	GO:0035794~positive regulation of mitochondrial membrane permeability	2	16.666666666666664	0.026840869544036954	1869, 7027	9	57	16792	65.46588693957115	0.9999999929714691	0.13543549857573045	33.60298201524425
GOTERM_BP_ALL	GO:0006725~cellular aromatic compound metabolic process	7	58.333333333333336	0.027295034638043426	1869, 27161, 7027, 1977, 30061, 6209, 4000	9	5965	16792	2.189512899320108	0.9999999949069065	0.13660893264613871	34.06785767625829
GOTERM_BP_ALL	GO:0031327~negative regulation of cellular biosynthetic process	4	33.33333333333333	0.0272956719529354	1869, 27161, 1977, 1978	9	1480	16792	5.042642642642643	0.9999999949092085	0.13564327040250468	34.068507880660206
GOTERM_BP_ALL	GO:0071704~organic substance metabolic process	9	75.0	0.027296772475225595	23203, 1869, 27161, 7027, 1977, 30061, 1978, 6209, 4000	9	10707	16792	1.568319790791071	0.9999999949131813	0.13469333776329462	34.06963064660303
GOTERM_BP_ALL	GO:0071384~cellular response to corticosteroid stimulus	2	16.666666666666664	0.027306078569582858	1977, 1978	9	58	16792	64.33716475095785	0.9999999949466509	0.133794579713589	34.0791241212485
GOTERM_BP_ALL	GO:1903827~regulation of cellular protein localization	3	25.0	0.027384261959854276	1869, 7027, 4000	9	562	16792	9.959667852906287	0.9999999952192951	0.13322444190560834	34.15883136857326
GOTERM_BP_ALL	GO:0010629~negative regulation of gene expression	4	33.33333333333333	0.027541164250277816	1869, 27161, 1977, 1978	9	1485	16792	5.02566404788627	0.9999999957229295	0.1330211721414405	34.31852042040432
GOTERM_BP_ALL	GO:1902108~regulation of mitochondrial membrane permeability involved in apoptotic process	2	16.666666666666664	0.028235912887073757	1869, 7027	9	60	16792	62.19259259259259	0.9999999973879403	0.13525196941953954	35.02127324147207
GOTERM_BP_ALL	GO:0009890~negative regulation of biosynthetic process	4	33.33333333333333	0.028485499610981523	1869, 27161, 1977, 1978	9	1504	16792	4.962174940898345	0.9999999978121977	0.13545345386535157	35.272016983420116
GOTERM_MF_ALL	GO:0003743~translation initiation factor activity	2	16.666666666666664	0.028551103059263644	27161, 1977	9	61	16881	61.49726775956284	0.9479002226956779	0.522240901304846	27.58154501888924
GOTERM_BP_ALL	GO:0051172~negative regulation of nitrogen compound metabolic process	4	33.33333333333333	0.02858596025288454	1869, 27161, 1977, 1978	9	1506	16792	4.955585067138851	0.9999999979628668	0.13498850259850848	35.3726881328662
GOTERM_BP_ALL	GO:0010941~regulation of cell death	4	33.33333333333333	0.028737028995018166	1869, 7027, 30061, 4000	9	1509	16792	4.9457330093513	0.9999999981701566	0.13475386415677448	35.52379829094503
GOTERM_BP_ALL	GO:0006977~DNA damage response, signal transduction by p53 class mediator resulting in cell cycle arrest	2	16.666666666666664	0.02916496935444173	1869, 7027	9	62	16792	60.186379928315404	0.9999999986499414	0.1357380843264101	35.950067290239886
GOTERM_BP_ALL	GO:0097190~apoptotic signaling pathway	3	25.0	0.02932265380656058	1869, 7027, 4000	9	583	16792	9.600914808461978	0.9999999987930843	0.1355308848983755	36.1064714766072
GOTERM_BP_ALL	GO:0072431~signal transduction involved in mitotic G1 DNA damage checkpoint	2	16.666666666666664	0.029629206068826405	1869, 7027	9	63	16792	59.23104056437389	0.9999999990294351	0.13597095504241785	36.409514936491036
GOTERM_BP_ALL	GO:1902402~signal transduction involved in mitotic DNA damage checkpoint	2	16.666666666666664	0.029629206068826405	1869, 7027	9	63	16792	59.23104056437389	0.9999999990294351	0.13597095504241785	36.409514936491036
GOTERM_BP_ALL	GO:0072413~signal transduction involved in mitotic cell cycle checkpoint	2	16.666666666666664	0.029629206068826405	1869, 7027	9	63	16792	59.23104056437389	0.9999999990294351	0.13597095504241785	36.409514936491036
GOTERM_BP_ALL	GO:1902400~intracellular signal transduction involved in G1 DNA damage checkpoint	2	16.666666666666664	0.029629206068826405	1869, 7027	9	63	16792	59.23104056437389	0.9999999990294351	0.13597095504241785	36.409514936491036
GOTERM_BP_ALL	GO:1902403~signal transduction involved in mitotic DNA integrity checkpoint	2	16.666666666666664	0.029629206068826405	1869, 7027	9	63	16792	59.23104056437389	0.9999999990294351	0.13597095504241785	36.409514936491036
GOTERM_BP_ALL	GO:0072401~signal transduction involved in DNA integrity checkpoint	2	16.666666666666664	0.03055709681222161	1869, 7027	9	65	16792	57.40854700854701	0.9999999994984172	0.1390708134746511	37.31862758897664
GOTERM_BP_ALL	GO:0072422~signal transduction involved in DNA damage checkpoint	2	16.666666666666664	0.03055709681222161	1869, 7027	9	65	16792	57.40854700854701	0.9999999994984172	0.1390708134746511	37.31862758897664
GOTERM_BP_ALL	GO:0016043~cellular component organization	7	58.333333333333336	0.03084333208233903	23203, 1869, 27161, 7027, 1978, 6209, 4000	9	6109	16792	2.137902184390972	0.9999999995908789	0.1393936893704084	37.5966120415109
GOTERM_BP_ALL	GO:0072395~signal transduction involved in cell cycle checkpoint	2	16.666666666666664	0.031020750976407677	1869, 7027	9	66	16792	56.53872053872053	0.9999999996394306	0.13925246980060468	37.768338549115995
GOTERM_BP_ALL	GO:0010033~response to organic substance	5	41.66666666666667	0.03149849020594999	1869, 27161, 1977, 1978, 4000	9	2822	16792	3.3057721080400033	0.9999999997434285	0.1403737936834082	38.22855893883408
GOTERM_BP_ALL	GO:0034654~nucleobase-containing compound biosynthetic process	6	50.0	0.03188666157932778	1869, 27161, 7027, 30061, 6209, 4000	9	4357	16792	2.569352000612042	0.9999999998054279	0.14110648472259235	38.60015422578781
GOTERM_BP_ALL	GO:1901360~organic cyclic compound metabolic process	7	58.333333333333336	0.03188810209675709	1869, 27161, 7027, 1977, 30061, 6209, 4000	9	6149	16792	2.123994868180915	0.9999999998056276	0.14022924817476357	38.60152933387732
GOTERM_BP_ALL	GO:0031325~positive regulation of cellular metabolic process	5	41.66666666666667	0.032146962043886874	1869, 27161, 7027, 30061, 4000	9	2839	16792	3.2859770654768896	0.9999999998383788	0.14042213709291362	38.848169017769784
GOTERM_BP_ALL	GO:0019222~regulation of metabolic process	7	58.333333333333336	0.03247398282197135	1869, 27161, 7027, 1977, 30061, 1978, 4000	9	6171	16792	2.116422693962801	0.9999999998719941	0.14089113562335365	39.158429528029984
GOTERM_BP_ALL	GO:0010604~positive regulation of macromolecule metabolic process	5	41.66666666666667	0.03280398432303999	1869, 27161, 7027, 30061, 4000	9	2856	16792	3.2664176781823846	0.999999999898841	0.14136621142516637	39.470027801895455
GOTERM_BP_ALL	GO:0046902~regulation of mitochondrial membrane permeability	2	16.666666666666664	0.03287342789532856	1869, 7027	9	70	16792	53.30793650793651	0.9999999999037307	0.1407849129842299	39.5354086799338
GOTERM_BP_ALL	GO:0046907~intracellular transport	4	33.33333333333333	0.03320618763223908	23203, 1977, 6209, 4000	9	1594	16792	4.682001951763557	0.9999999999240785	0.14126612681716855	39.84778695022805
GOTERM_BP_ALL	GO:0018130~heterocycle biosynthetic process	6	50.0	0.033573625019774594	1869, 27161, 7027, 30061, 6209, 4000	9	4411	16792	2.537897680042318	0.9999999999415945	0.14187925242991573	40.19096823084812
GOTERM_CC_ALL	GO:0000932~cytoplasmic mRNA processing body	2	16.666666666666664	0.03373838049690347	27161, 1977	9	78	18224	51.920227920227916	0.9872052843330666	0.30457139059281535	32.83504909101179
GOTERM_BP_ALL	GO:0044819~mitotic G1/S transition checkpoint	2	16.666666666666664	0.033798603480646394	1869, 7027	9	72	16792	51.82716049382716	0.9999999999502622	0.14192152764220578	40.400191770657216
GOTERM_BP_ALL	GO:0031571~mitotic G1 DNA damage checkpoint	2	16.666666666666664	0.033798603480646394	1869, 7027	9	72	16792	51.82716049382716	0.9999999999502622	0.14192152764220578	40.400191770657216
GOTERM_BP_ALL	GO:0000288~nuclear-transcribed mRNA catabolic process, deadenylation-dependent decay	2	16.666666666666664	0.033798603480646394	27161, 1977	9	72	16792	51.82716049382716	0.9999999999502622	0.14192152764220578	40.400191770657216
GOTERM_BP_ALL	GO:0019438~aromatic compound biosynthetic process	6	50.0	0.03398891499484989	1869, 27161, 7027, 30061, 6209, 4000	9	4424	16792	2.53044002411091	0.9999999999565834	0.1418272555227187	40.57664237321632
GOTERM_BP_ALL	GO:0044783~G1 DNA damage checkpoint	2	16.666666666666664	0.03426090080150885	1869, 7027	9	73	16792	51.117199391171994	0.9999999999642504	0.14205325225653465	40.82797230045176
GOTERM_BP_ALL	GO:0090559~regulation of membrane permeability	2	16.666666666666664	0.034723004563091096	1869, 7027	9	74	16792	50.426426426426424	0.9999999999743049	0.14301398927054365	41.252707730153304
GOTERM_BP_ALL	GO:0071840~cellular component organization or biogenesis	7	58.333333333333336	0.03506909262089081	23203, 1869, 27161, 7027, 1978, 6209, 4000	9	6265	16792	2.0846679081315953	0.9999999999799373	0.14351564591803434	41.568943238309195
GOTERM_BP_ALL	GO:1901655~cellular response to ketone	2	16.666666666666664	0.03518491483588945	1977, 1978	9	75	16792	49.754074074074076	0.999999999981532	0.14312964615164214	41.67441955661909
GOTERM_BP_ALL	GO:0008152~metabolic process	9	75.0	0.0357730947547744	23203, 1869, 27161, 7027, 1977, 30061, 1978, 6209, 4000	9	11075	16792	1.5162076749435667	0.999999999987875	0.14454579197398454	42.20732207534341
GOTERM_BP_ALL	GO:0008285~negative regulation of cell proliferation	3	25.0	0.035975786280869525	1869, 7027, 4000	9	651	16792	8.59805427547363	0.9999999999895123	0.14448737844239623	42.38990899094781
GOTERM_CC_ALL	GO:0032991~macromolecular complex	6	50.0	0.03600471806655177	1869, 27161, 7027, 1977, 1978, 6209	9	4868	18224	2.4957545877841687	0.9905045979067563	0.30108541311845227	34.63943819422555
GOTERM_BP_ALL	GO:1901362~organic cyclic compound biosynthetic process	6	50.0	0.03768254504477487	1869, 27161, 7027, 30061, 6209, 4000	9	4535	16792	2.4685042263873576	0.999999999996912	0.15006740915631234	43.906157765756724
GOTERM_CC_ALL	GO:0043229~intracellular organelle	9	75.0	0.03771449068496493	23203, 1869, 27161, 7027, 1977, 30061, 1978, 6209, 4000	9	12099	18224	1.5062401851392677	0.9924211879265283	0.2944253996356223	35.971271062861646
GOTERM_BP_ALL	GO:0016071~mRNA metabolic process	3	25.0	0.03814303072258451	27161, 1977, 6209	9	672	16792	8.329365079365079	0.9999999999977806	0.15093585444212687	44.30881475374048
GOTERM_BP_ALL	GO:0006446~regulation of translational initiation	2	16.666666666666664	0.038873239803933576	27161, 1978	9	83	16792	44.95850066934404	0.9999999999986858	0.15278840740570632	44.94179482923296
GOTERM_BP_ALL	GO:0071158~positive regulation of cell cycle arrest	2	16.666666666666664	0.03979339102467465	1869, 7027	9	85	16792	43.900653594771235	0.9999999999993213	0.15531145146084824	45.72986255141361
GOTERM_CC_ALL	GO:0043227~membrane-bounded organelle	9	75.0	0.04054732819413067	23203, 1869, 27161, 7027, 1977, 30061, 1978, 6209, 4000	9	12209	18224	1.4926693422884756	0.994788152667848	0.2956322784539397	38.1234445221753
GOTERM_BP_ALL	GO:0009893~positive regulation of metabolic process	5	41.66666666666667	0.041008339560355433	1869, 27161, 7027, 30061, 4000	9	3052	16792	3.056647735546818	0.9999999999997167	0.1588689387680462	46.75428535688152
GOTERM_BP_ALL	GO:0006605~protein targeting	3	25.0	0.04122026166653996	23203, 6209, 4000	9	701	16792	7.9847836424155965	0.9999999999997568	0.158766235551407	46.93111444976746
GOTERM_BP_ALL	GO:0006915~apoptotic process	4	33.33333333333333	0.04217426059866926	1869, 7027, 30061, 4000	9	1747	16792	4.271958277682376	0.9999999999998777	0.1613209709994352	47.72036933785395
GOTERM_CC_ALL	GO:0030529~intracellular ribonucleoprotein complex	3	25.0	0.043758208367398764	27161, 1977, 6209	9	786	18224	7.728583545377439	0.9965951305458263	0.29893823954773424	40.48277012806053
GOTERM_BP_ALL	GO:0033554~cellular response to stress	4	33.33333333333333	0.04381651916648048	1869, 7027, 1978, 4000	9	1773	16792	4.209312527417434	0.9999999999999626	0.1662798215557343	49.05341571810863
GOTERM_CC_ALL	GO:1990904~ribonucleoprotein complex	3	25.0	0.04385997027747538	27161, 1977, 6209	9	787	18224	7.718763235916984	0.9966408407535751	0.28470670758254746	40.556181481140506
GOTERM_MF_ALL	GO:0019899~enzyme binding	4	33.33333333333333	0.04423702681101134	1869, 27161, 1977, 1978	9	1789	16881	4.193776784050679	0.9900980535693118	0.6026766262486876	39.59303128667499
GOTERM_BP_ALL	GO:0048513~animal organ development	5	41.66666666666667	0.04455516359290297	1869, 1977, 30061, 1978, 4000	9	3129	16792	2.9814282163275454	0.999999999999978	0.16799117853590673	49.64257876009916
GOTERM_CC_ALL	GO:0005829~cytosol	5	41.66666666666667	0.04469621571406241	27161, 1977, 1978, 6209, 4000	9	3399	18224	2.9786538524402606	0.996994129518169	0.2757521129215066	41.156325125901525
GOTERM_BP_ALL	GO:2000134~negative regulation of G1/S transition of mitotic cell cycle	2	16.666666666666664	0.04484045775318856	1869, 7027	9	96	16792	38.87037037037037	0.9999999999999821	0.16809832337576547	49.86842957250101
GOTERM_BP_ALL	GO:1902807~negative regulation of cell cycle G1/S phase transition	2	16.666666666666664	0.04666999097442349	1869, 7027	9	100	16792	37.315555555555555	0.9999999999999952	0.17355678542350894	51.294439089961976
GOTERM_BP_ALL	GO:0044773~mitotic DNA damage checkpoint	2	16.666666666666664	0.04666999097442349	1869, 7027	9	100	16792	37.315555555555555	0.9999999999999952	0.17355678542350894	51.294439089961976
GOTERM_BP_ALL	GO:0007006~mitochondrial membrane organization	2	16.666666666666664	0.048040127916340714	1869, 7027	9	103	16792	36.228694714131606	0.9999999999999982	0.1773561484807198	52.337479242673346
GOTERM_BP_ALL	GO:0012501~programmed cell death	4	33.33333333333333	0.04901693029728353	1869, 7027, 30061, 4000	9	1852	16792	4.029757619390448	0.9999999999999991	0.17976478551956054	53.06831311364635
GOTERM_BP_ALL	GO:0030330~DNA damage response, signal transduction by p53 class mediator	2	16.666666666666664	0.04940854151451153	1869, 7027	9	106	16792	35.20335429769391	0.9999999999999993	0.18016564165772742	53.35836401687148
GOTERM_BP_ALL	GO:0044774~mitotic DNA integrity checkpoint	2	16.666666666666664	0.04986429673966846	1869, 7027	9	107	16792	34.87435098650052	0.9999999999999996	0.1807779385747419	53.69381648184262
GOTERM_BP_ALL	GO:0071156~regulation of cell cycle arrest	2	16.666666666666664	0.05031986075550428	1869, 7027	9	108	16792	34.55144032921811	0.9999999999999997	0.18138299735170227	54.02687622229564
GOTERM_BP_ALL	GO:0007275~multicellular organism development	6	50.0	0.05080409483867311	1869, 27161, 1977, 30061, 1978, 4000	9	4877	16792	2.2954001777048734	0.9999999999999998	0.18207681766696837	54.37844366414816
GOTERM_MF_ALL	GO:0008135~translation factor activity, RNA binding	2	16.666666666666664	0.052776080265057805	27161, 1977	9	114	16881	32.90643274853801	0.9960356593544896	0.6021721700021576	45.34051035510077
GOTERM_BP_ALL	GO:1903749~positive regulation of establishment of protein localization to mitochondrion	2	16.666666666666664	0.05395749769415334	1869, 7027	9	116	16792	32.16858237547893	1.0	0.19154195974580646	56.60722240787499
GOTERM_BP_ALL	GO:0071426~ribonucleoprotein complex export from nucleus	2	16.666666666666664	0.05486499966802001	1977, 6209	9	118	16792	31.623352165725045	1.0	0.1935475770158822	57.229539262161325
GOTERM_BP_ALL	GO:0042770~signal transduction in response to DNA damage	2	16.666666666666664	0.05531846494337124	1869, 7027	9	119	16792	31.357609710550886	1.0	0.19406151953109851	57.537370387464115
GOTERM_BP_ALL	GO:0008219~cell death	4	33.33333333333333	0.056490225976261965	1869, 7027, 30061, 4000	9	1958	16792	3.811599137441834	1.0	0.1968780026621224	58.323259948687856
GOTERM_BP_ALL	GO:0060341~regulation of cellular localization	3	25.0	0.05651998874873777	1869, 7027, 4000	9	834	16792	6.711430855315747	1.0	0.19601556989315727	58.34304359124096
GOTERM_BP_ALL	GO:0045931~positive regulation of mitotic cell cycle	2	16.666666666666664	0.057582936945485996	1977, 1978	9	124	16792	30.093189964157702	1.0	0.1984439875692282	59.04387626037014
GOTERM_BP_ALL	GO:0051716~cellular response to stimulus	7	58.333333333333336	0.057970572283285435	1869, 27161, 7027, 1977, 30061, 1978, 4000	9	6927	16792	1.8854402258473284	1.0	0.19871401050427162	59.296704882592444
GOTERM_BP_ALL	GO:0071166~ribonucleoprotein complex localization	2	16.666666666666664	0.05803526094920446	1977, 6209	9	125	16792	29.85244444444444	1.0	0.19796742230672715	59.33875484004179
GOTERM_BP_ALL	GO:0033993~response to lipid	3	25.0	0.05972581959892554	1869, 1977, 1978	9	860	16792	6.508527131782945	1.0	0.20230225613767294	60.42340618900518
GOTERM_BP_ALL	GO:1903747~regulation of establishment of protein localization to mitochondrion	2	16.666666666666664	0.059842657929192855	1869, 7027	9	129	16792	28.926787252368648	1.0	0.20170996358652105	60.49736193436629
GOTERM_BP_ALL	GO:0032501~multicellular organismal process	7	58.333333333333336	0.06220209706245882	1869, 27161, 1977, 30061, 1978, 6209, 4000	9	7027	16792	1.8586088578973168	1.0	0.20802300638829407	61.963499623193584
GOTERM_CC_ALL	GO:0036464~cytoplasmic ribonucleoprotein granule	2	16.666666666666664	0.0627492800798217	27161, 1977	9	147	18224	27.549508692365837	0.9997335078621604	0.3515475635819625	52.83608387941603
GOTERM_BP_ALL	GO:2000045~regulation of G1/S transition of mitotic cell cycle	2	16.666666666666664	0.06524665524666633	1869, 7027	9	141	16792	26.46493301812451	1.0	0.2163157921732538	63.78034719641668
GOTERM_BP_ALL	GO:0014070~response to organic cyclic compound	3	25.0	0.06555896923735274	27161, 1977, 1978	9	906	16792	6.178072111846946	1.0	0.2162620259460919	63.96206659699446
GOTERM_BP_ALL	GO:0051384~response to glucocorticoid	2	16.666666666666664	0.06614467396274479	1977, 1978	9	143	16792	26.094794094794096	1.0	0.21702892150863118	64.30056527324561
GOTERM_BP_ALL	GO:1901701~cellular response to oxygen-containing compound	3	25.0	0.0663346296073126	1869, 1977, 1978	9	912	16792	6.137426900584795	1.0	0.21660789179044382	64.4097080941993
GOTERM_CC_ALL	GO:0035770~ribonucleoprotein granule	2	16.666666666666664	0.0673030513162443	27161, 1977	9	158	18224	25.631504922644165	0.9998564343279114	0.357530477484736	55.42622157520975
GOTERM_BP_ALL	GO:0000077~DNA damage checkpoint	2	16.666666666666664	0.06838641890679349	1869, 7027	9	148	16792	25.213213213213212	1.0	0.22170883455896395	65.5689174570591
GOTERM_BP_ALL	GO:0006355~regulation of transcription, DNA-templated	5	41.66666666666667	0.0705804577806334	1869, 27161, 7027, 30061, 4000	9	3603	16792	2.5892003577265856	1.0	0.22715471693999845	66.7694368398055
GOTERM_BP_ALL	GO:1902806~regulation of cell cycle G1/S phase transition	2	16.666666666666664	0.07062345374366841	1869, 7027	9	153	16792	24.389251997095133	1.0	0.22626855404733115	66.79256782957424
GOTERM_BP_ALL	GO:0006351~transcription, DNA-templated	5	41.66666666666667	0.07070587498454925	1869, 27161, 7027, 30061, 4000	9	3605	16792	2.5877639081522577	1.0	0.2255048582857141	66.83686683120627
GOTERM_BP_ALL	GO:1901991~negative regulation of mitotic cell cycle phase transition	2	16.666666666666664	0.07107029624447261	1869, 7027	9	154	16792	24.23088023088023	1.0	0.2255635916432176	67.03207217318412
GOTERM_BP_ALL	GO:1902578~single-organism localization	5	41.66666666666667	0.07127189597737585	1869, 7027, 30061, 6209, 4000	9	3614	16792	2.581319559736826	1.0	0.22515358500876892	67.13959940390963
GOTERM_BP_ALL	GO:1903506~regulation of nucleic acid-templated transcription	5	41.66666666666667	0.07196735306876717	1869, 27161, 7027, 30061, 4000	9	3625	16792	2.5734865900383146	1.0	0.2261621329324901	67.50802768209199
GOTERM_BP_ALL	GO:0031570~DNA integrity checkpoint	2	16.666666666666664	0.07285578695497417	1869, 7027	9	158	16792	23.61744022503516	1.0	0.22771010282074455	67.9730791288529
GOTERM_BP_ALL	GO:0031960~response to corticosteroid	2	16.666666666666664	0.07285578695497417	1977, 1978	9	158	16792	23.61744022503516	1.0	0.22771010282074455	67.9730791288529
GOTERM_BP_ALL	GO:0032880~regulation of protein localization	3	25.0	0.07292703484701149	1869, 7027, 4000	9	962	16792	5.818433818433818	1.0	0.22692840467177244	68.01010346105105
GOTERM_BP_ALL	GO:2001141~regulation of RNA biosynthetic process	5	41.66666666666667	0.07317806894280633	1869, 27161, 7027, 30061, 4000	9	3644	16792	2.5600683010123184	1.0	0.22666112141154493	68.1402364417302
GOTERM_BP_ALL	GO:0007093~mitotic cell cycle checkpoint	2	16.666666666666664	0.07330169014729393	1869, 7027	9	159	16792	23.46890286512928	1.0	0.22603843365871668	68.20413838474313
GOTERM_CC_ALL	GO:0043226~organelle	9	75.0	0.07363016526238433	23203, 1869, 27161, 7027, 1977, 30061, 1978, 6209, 4000	9	13154	18224	1.3854340884901932	0.9999395189389343	0.3703129911447529	58.80952593315636
GOTERM_MF_ALL	GO:0001047~core promoter binding	2	16.666666666666664	0.07381469234080082	1869, 27161	9	161	16881	23.300207039337472	0.9995989629358306	0.6728547306442627	57.4411001576441
GOTERM_BP_ALL	GO:0044265~cellular macromolecule catabolic process	3	25.0	0.07481310168615866	27161, 1977, 6209	9	976	16792	5.734972677595628	1.0	0.22930040368403926	68.97580029123074
GOTERM_BP_ALL	GO:0006950~response to stress	5	41.66666666666667	0.0753094305657575	1869, 7027, 1977, 1978, 4000	9	3677	16792	2.5370924364669265	1.0	0.22970911022628682	69.22536679196445
GOTERM_BP_ALL	GO:0072331~signal transduction by p53 class mediator	2	16.666666666666664	0.07641776185001133	1869, 7027	9	166	16792	22.47925033467202	1.0	0.2318043385033427	69.77591363801517
GOTERM_BP_ALL	GO:1901988~negative regulation of cell cycle phase transition	2	16.666666666666664	0.07641776185001133	1869, 7027	9	166	16792	22.47925033467202	1.0	0.2318043385033427	69.77591363801517
GOTERM_BP_ALL	GO:0032269~negative regulation of cellular protein metabolic process	3	25.0	0.0769895643636783	27161, 1977, 1978	9	992	16792	5.642473118279569	1.0	0.2324054644228265	70.05633904335734
GOTERM_BP_ALL	GO:1901564~organonitrogen compound metabolic process	4	33.33333333333333	0.07744582390790837	27161, 1977, 1978, 6209	9	2221	16792	3.360248136475061	1.0	0.23268565571719724	70.27835509110405
GOTERM_CC_ALL	GO:0043228~non-membrane-bounded organelle	5	41.66666666666667	0.07745740157019868	1869, 27161, 1977, 6209, 4000	9	4026	18224	2.5147651377159574	0.9999642499655678	0.3721206457752122	60.74042820955627
GOTERM_CC_ALL	GO:0043232~intracellular non-membrane-bounded organelle	5	41.66666666666667	0.07745740157019868	1869, 27161, 1977, 6209, 4000	9	4026	18224	2.5147651377159574	0.9999642499655678	0.3721206457752122	60.74042820955627
GOTERM_BP_ALL	GO:1901654~response to ketone	2	16.666666666666664	0.07819425469189534	1977, 1978	9	170	16792	21.950326797385618	1.0	0.23375819080970028	70.63921672270817
GOTERM_BP_ALL	GO:0010822~positive regulation of mitochondrion organization	2	16.666666666666664	0.07908137935944534	1869, 7027	9	172	16792	21.695090439276484	1.0	0.2351957213254744	71.0616523838702
GOTERM_BP_ALL	GO:0006996~organelle organization	5	41.66666666666667	0.08035598174187966	23203, 1869, 7027, 6209, 4000	9	3753	16792	2.485715131598425	1.0	0.2376603874422608	71.65867499007672
GOTERM_BP_ALL	GO:0048856~anatomical structure development	6	50.0	0.08052021819781519	1869, 27161, 1977, 30061, 1978, 4000	9	5473	16792	2.045435166575309	1.0	0.23713252644012106	71.73476136876684
GOTERM_BP_ALL	GO:0044767~single-organism developmental process	6	50.0	0.08063551402974667	1869, 27161, 1977, 30061, 1978, 4000	9	5475	16792	2.04468797564688	1.0	0.23647886038378385	71.78806088879898
GOTERM_BP_ALL	GO:0006886~intracellular protein transport	3	25.0	0.08085111133160999	23203, 6209, 4000	9	1020	16792	5.487581699346405	1.0	0.23609705478787868	71.88747657589391
GOTERM_BP_ALL	GO:0030324~lung development	2	16.666666666666664	0.08085338786241375	1977, 1978	9	176	16792	21.202020202020204	1.0	0.23515442451260127	71.88852457695172
GOTERM_BP_ALL	GO:0051252~regulation of RNA metabolic process	5	41.66666666666667	0.08096635158769128	1869, 27161, 7027, 30061, 4000	9	3762	16792	2.4797684446807255	1.0	0.23451114123801453	71.94048164973121
GOTERM_BP_ALL	GO:2001235~positive regulation of apoptotic signaling pathway	2	16.666666666666664	0.08129592354540899	1869, 7027	9	177	16792	21.08223477715003	1.0	0.23444207855881738	72.09155468685584
GOTERM_BP_ALL	GO:0097659~nucleic acid-templated transcription	5	41.66666666666667	0.0815794231627889	1869, 27161, 7027, 30061, 4000	9	3771	16792	2.4738501429034447	1.0	0.2342534744001613	72.22090066433582
GOTERM_BP_ALL	GO:0009628~response to abiotic stimulus	3	25.0	0.08210631920551568	1869, 1978, 4000	9	1029	16792	5.439585357952705	1.0	0.23470052990632506	72.4598102723914
GOTERM_BP_ALL	GO:0030323~respiratory tube development	2	16.666666666666664	0.0826224122056446	1977, 1978	9	180	16792	20.730864197530863	1.0	0.2351160884852006	72.69196071365364
GOTERM_CC_ALL	GO:0043234~protein complex	5	41.66666666666667	0.08319108075889772	1869, 27161, 7027, 1977, 1978	9	4118	18224	2.4585829151152123	0.9999838038655624	0.380967375534381	63.47877199339932
GOTERM_BP_ALL	GO:0051168~nuclear export	2	16.666666666666664	0.08482950271036957	1977, 6209	9	185	16792	20.170570570570572	1.0	0.23988262075142508	73.66430087389426
GOTERM_BP_ALL	GO:0051248~negative regulation of protein metabolic process	3	25.0	0.0849195690600451	27161, 1977, 1978	9	1049	16792	5.335875436924054	1.0	0.23918199636183524	73.7032849208148
GOTERM_BP_ALL	GO:0051128~regulation of cellular component organization	4	33.33333333333333	0.08647575440714265	1869, 7027, 1978, 4000	9	2323	16792	3.21270387908356	1.0	0.2422227311420887	74.36841068966783
GOTERM_BP_ALL	GO:0010605~negative regulation of macromolecule metabolic process	4	33.33333333333333	0.08674878600405593	1869, 27161, 1977, 1978	9	2326	16792	3.208560236935129	1.0	0.241984263155837	74.48347441384729
GOTERM_BP_ALL	GO:0031324~negative regulation of cellular metabolic process	4	33.33333333333333	0.08848776719749862	1869, 27161, 1977, 1978	9	2345	16792	3.18256337360815	1.0	0.24544276978391366	75.20509204444944
GOTERM_BP_ALL	GO:0032502~developmental process	6	50.0	0.0900236267825255	1869, 27161, 1977, 30061, 1978, 4000	9	5632	16792	1.987689393939394	1.0	0.2483560013400563	75.82653221378942
GOTERM_CC_ALL	GO:0044446~intracellular organelle part	7	58.333333333333336	0.09007586294770711	23203, 1869, 27161, 7027, 1978, 6209, 4000	9	8233	18224	1.721635153919862	0.9999937818877901	0.3931671167265408	66.53577839975539
GOTERM_BP_ALL	GO:0060541~respiratory system development	2	16.666666666666664	0.09273660639914444	1977, 1978	9	203	16792	18.382047071702242	1.0	0.2541586562119019	76.88887092594851
GOTERM_BP_ALL	GO:0022618~ribonucleoprotein complex assembly	2	16.666666666666664	0.09666769292252422	27161, 6209	9	212	16792	17.601677148846957	1.0	0.26287247526865654	78.35108033007445
GOTERM_BP_ALL	GO:0045930~negative regulation of mitotic cell cycle	2	16.666666666666664	0.0997148926605361	1869, 7027	9	219	16792	17.039066463723998	1.0	0.2693108395288344	79.42459458485239
GOTERM_BP_ALL	GO:0033043~regulation of organelle organization	3	25.0	0.09990610388895729	1869, 7027, 4000	9	1152	16792	4.858796296296297	1.0	0.2687840410358472	79.4902719270311
GOTERM_CC_ALL	GO:0044422~organelle part	7	58.333333333333336	0.0999188947750001	23203, 1869, 27161, 7027, 1978, 6209, 4000	9	8415	18224	1.6843995510662177	0.9999984376838962	0.4141981263993778	70.50139010311297
