Category	Term	Count	%	PValue	Genes	List Total	Pop Hits	Pop Total	Fold Enrichment	Bonferroni	Benjamini	FDR
GOTERM_BP_ALL	GO:0006006~glucose metabolic process	21	52.5	2.690117239978597E-29	669, 3098, 2645, 130589, 5230, 226, 2819, 5213, 5091, 5211, 7167, 2538, 2597, 5236, 5313, 2023, 441531, 2203, 6576, 2821, 2820	40	191	16792	46.15602094240838	3.663939680850849E-26	3.663939680850849E-26	4.417538948551489E-26
GOTERM_BP_ALL	GO:0006082~organic acid metabolic process	30	75.0	4.2291106216234086E-29	669, 2645, 5230, 23530, 1431, 2819, 5213, 5211, 6513, 38, 84693, 7167, 2597, 6566, 3155, 441531, 2203, 728294, 3098, 226, 47, 5091, 137872, 2538, 5236, 5313, 2023, 2821, 50, 79944	40	907	16792	13.885336273428885	5.760048666651083E-26	2.8800243333255415E-26	6.944775718735161E-26
GOTERM_BP_ALL	GO:0044281~small molecule metabolic process	36	90.0	7.358208912025557E-29	669, 2645, 5230, 23530, 1431, 2819, 5213, 5211, 6513, 38, 5019, 84693, 7167, 622, 2597, 6566, 3155, 441531, 2203, 728294, 3098, 130589, 226, 47, 5091, 54981, 137872, 2538, 5236, 5313, 2023, 6576, 2821, 50, 79944, 2820	40	1951	16792	7.74618144541261	1.0021880538178808E-25	3.340626846059603E-26	1.2083181348895483E-25
GOTERM_BP_ALL	GO:0006090~pyruvate metabolic process	18	45.0	9.273398851213913E-29	3098, 669, 2645, 5230, 226, 2819, 5213, 5091, 5211, 7167, 2597, 5236, 5313, 6566, 2023, 441531, 2203, 2821	40	97	16792	77.90103092783505	1.263036923535335E-25	3.1575923088383373E-26	1.5228184111044926E-25
GOTERM_BP_ALL	GO:0006732~coenzyme metabolic process	23	57.49999999999999	1.854057264997709E-28	669, 3098, 2645, 5230, 23530, 226, 47, 2819, 5213, 5211, 38, 54981, 84693, 7167, 2597, 5236, 3155, 5313, 2023, 441531, 2203, 6576, 2821	40	315	16792	30.65206349206349	2.52522599492688E-25	5.050451989853759E-26	3.0446145838005907E-25
GOTERM_BP_ALL	GO:0051186~cofactor metabolic process	24	60.0	2.6817638136366686E-28	669, 3098, 2645, 5230, 23530, 226, 47, 2819, 5213, 5091, 5211, 38, 54981, 84693, 7167, 2597, 5236, 3155, 5313, 2023, 441531, 2203, 6576, 2821	40	385	16792	26.169350649350648	3.652562314173143E-25	6.087603856955238E-26	4.403821484616862E-25
GOTERM_BP_ALL	GO:0044724~single-organism carbohydrate catabolic process	19	47.5	3.2672679374680133E-28	669, 3098, 2645, 130589, 5230, 226, 2819, 5213, 5211, 7167, 2538, 2597, 5236, 5313, 2023, 441531, 2203, 2821, 2820	40	135	16792	59.08296296296295	4.450018930831434E-25	6.357169901187764E-26	5.365299011738713E-25
GOTERM_BP_ALL	GO:0019318~hexose metabolic process	21	52.5	1.3843270473409324E-27	669, 3098, 2645, 130589, 5230, 226, 2819, 5213, 5091, 5211, 7167, 2538, 2597, 5236, 5313, 2023, 441531, 2203, 6576, 2821, 2820	40	231	16792	38.163636363636364	1.8854534384783497E-24	2.356816798097937E-25	2.2732535810262696E-24
GOTERM_BP_ALL	GO:0006096~glycolytic process	16	40.0	2.6833905718941482E-27	3098, 669, 2645, 5230, 226, 2819, 5213, 5211, 7167, 2597, 5236, 5313, 2023, 441531, 2203, 2821	40	65	16792	103.33538461538463	3.6547779589198295E-24	4.0608643987998114E-25	4.406492843268261E-24
GOTERM_BP_ALL	GO:0006757~ATP generation from ADP	16	40.0	3.4676405525178884E-27	3098, 669, 2645, 5230, 226, 2819, 5213, 5211, 7167, 2597, 5236, 5313, 2023, 441531, 2203, 2821	40	66	16792	101.76969696969697	4.722926432529364E-24	4.722926432529364E-25	5.694338139867188E-24
GOTERM_BP_ALL	GO:0016052~carbohydrate catabolic process	19	47.5	3.514388804551863E-27	669, 3098, 2645, 130589, 5230, 226, 2819, 5213, 5211, 7167, 2538, 2597, 5236, 5313, 2023, 441531, 2203, 2821, 2820	40	153	16792	52.132026143790846	4.786597551799637E-24	4.351452319817852E-25	5.771105137627637E-24
GOTERM_BP_ALL	GO:0005996~monosaccharide metabolic process	21	52.5	3.924753637860708E-27	669, 3098, 2645, 130589, 5230, 226, 2819, 5213, 5091, 5211, 7167, 2538, 2597, 5236, 5313, 2023, 441531, 2203, 6576, 2821, 2820	40	243	16792	36.279012345679014	5.345514454766284E-24	4.454595378971903E-25	6.444980092710296E-24
GOTERM_BP_ALL	GO:0019752~carboxylic acid metabolic process	28	70.0	6.932890608037717E-27	669, 2645, 5230, 1431, 2819, 5213, 5211, 6513, 38, 84693, 7167, 2597, 6566, 3155, 441531, 2203, 728294, 3098, 226, 47, 5091, 137872, 5236, 5313, 2023, 2821, 79944, 50	40	826	16792	14.23050847457627	9.442597008147371E-24	7.263536160113363E-25	1.1384750758036516E-23
GOTERM_BP_ALL	GO:0046496~nicotinamide nucleotide metabolic process	18	45.0	7.064425309693495E-27	669, 3098, 2645, 5230, 23530, 226, 2819, 5213, 5211, 54981, 7167, 2597, 5236, 5313, 2023, 441531, 2203, 2821	40	123	16792	61.43414634146341	9.62174727180254E-24	6.8726766227161E-25	1.1600748655457196E-23
GOTERM_BP_ALL	GO:0019362~pyridine nucleotide metabolic process	18	45.0	7.064425309693495E-27	669, 3098, 2645, 5230, 23530, 226, 2819, 5213, 5211, 54981, 7167, 2597, 5236, 5313, 2023, 441531, 2203, 2821	40	123	16792	61.43414634146341	9.62174727180254E-24	6.8726766227161E-25	1.1600748655457196E-23
GOTERM_BP_ALL	GO:0043436~oxoacid metabolic process	28	70.0	8.150466834778872E-27	669, 2645, 5230, 1431, 2819, 5213, 5211, 6513, 38, 84693, 7167, 2597, 6566, 3155, 441531, 2203, 728294, 3098, 226, 47, 5091, 137872, 5236, 5313, 2023, 2821, 79944, 50	40	831	16792	14.14488567990373	1.1100935828968824E-23	7.400623885979216E-25	1.3384176777291427E-23
GOTERM_BP_ALL	GO:0006094~gluconeogenesis	16	40.0	1.860312954766217E-26	669, 2645, 5230, 226, 2819, 5091, 7167, 2538, 2597, 5236, 2023, 441531, 2203, 6576, 2821, 2820	40	73	16792	92.0109589041096	2.5337462443915875E-23	1.5835914027447422E-24	3.0548872785336493E-23
GOTERM_BP_ALL	GO:0072524~pyridine-containing compound metabolic process	18	45.0	2.197134363754515E-26	669, 3098, 2645, 5230, 23530, 226, 2819, 5213, 5211, 54981, 7167, 2597, 5236, 5313, 2023, 441531, 2203, 2821	40	131	16792	57.6824427480916	2.992497003433649E-23	1.7602923549609703E-24	3.607993912995289E-23
GOTERM_BP_ALL	GO:0046031~ADP metabolic process	16	40.0	2.32992447819518E-26	3098, 669, 2645, 5230, 226, 2819, 5213, 5211, 7167, 2597, 5236, 5313, 2023, 441531, 2203, 2821	40	74	16792	90.76756756756758	3.173357139301835E-23	1.7629761885010195E-24	3.8260533692176934E-23
GOTERM_BP_ALL	GO:0019319~hexose biosynthetic process	16	40.0	3.6181598791878804E-26	669, 2645, 5230, 226, 2819, 5091, 7167, 2538, 2597, 5236, 2023, 441531, 2203, 6576, 2821, 2820	40	76	16792	88.37894736842105	4.9279337554538934E-23	2.5936493449757335E-24	5.941511377595566E-23
GOTERM_BP_ALL	GO:0006733~oxidoreduction coenzyme metabolic process	18	45.0	6.356020719950095E-26	669, 3098, 2645, 5230, 23530, 226, 2819, 5213, 5211, 54981, 7167, 2597, 5236, 5313, 2023, 441531, 2203, 2821	40	139	16792	54.36258992805756	8.656900220572029E-23	4.328450110286014E-24	1.0437451822138138E-22
GOTERM_BP_ALL	GO:0046364~monosaccharide biosynthetic process	16	40.0	8.403658976044672E-26	669, 2645, 5230, 226, 2819, 5091, 7167, 2538, 2597, 5236, 2023, 441531, 2203, 6576, 2821, 2820	40	80	16792	83.96000000000001	1.1445783525372843E-22	5.450373107320402E-24	1.379995276239969E-22
GOTERM_BP_ALL	GO:0006165~nucleoside diphosphate phosphorylation	16	40.0	1.8648811553794138E-25	3098, 669, 2645, 5230, 226, 2819, 5213, 5211, 7167, 2597, 5236, 5313, 2023, 441531, 2203, 2821	40	84	16792	79.96190476190476	2.5399681336267616E-22	1.154530969830346E-23	3.0623888862084716E-22
GOTERM_BP_ALL	GO:0009135~purine nucleoside diphosphate metabolic process	16	40.0	4.770843854416277E-25	3098, 669, 2645, 5230, 226, 2819, 5213, 5211, 7167, 2597, 5236, 5313, 2023, 441531, 2203, 2821	40	89	16792	75.46966292134833	6.497889329714969E-22	2.825169273789117E-23	7.834375480419245E-22
GOTERM_BP_ALL	GO:0009179~purine ribonucleoside diphosphate metabolic process	16	40.0	4.770843854416277E-25	3098, 669, 2645, 5230, 226, 2819, 5213, 5211, 7167, 2597, 5236, 5313, 2023, 441531, 2203, 2821	40	89	16792	75.46966292134833	6.497889329714969E-22	2.825169273789117E-23	7.834375480419245E-22
GOTERM_BP_ALL	GO:0046939~nucleotide phosphorylation	16	40.0	5.716786540012108E-25	3098, 669, 2645, 5230, 226, 2819, 5213, 5211, 7167, 2597, 5236, 5313, 2023, 441531, 2203, 2821	40	90	16792	74.63111111111112	7.786263267496491E-22	3.244276361456872E-23	9.387742223926018E-22
GOTERM_BP_ALL	GO:0009185~ribonucleoside diphosphate metabolic process	16	40.0	6.8352635817685315E-25	3098, 669, 2645, 5230, 226, 2819, 5213, 5211, 7167, 2597, 5236, 5313, 2023, 441531, 2203, 2821	40	91	16792	73.81098901098902	9.30962899836874E-22	3.7238515993474955E-23	1.1224433882412606E-21
GOTERM_BP_ALL	GO:0019320~hexose catabolic process	14	35.0	8.185655990116154E-24	3098, 2645, 130589, 5230, 226, 5213, 5211, 7167, 2597, 5236, 5313, 2023, 2203, 2821	40	55	16792	106.85818181818182	1.1148863458538202E-20	4.288024407130077E-22	1.3441962163726966E-20
GOTERM_BP_ALL	GO:0009132~nucleoside diphosphate metabolic process	16	40.0	1.8984375028700106E-23	3098, 669, 2645, 5230, 226, 2819, 5213, 5211, 7167, 2597, 5236, 5313, 2023, 441531, 2203, 2821	40	112	16792	59.971428571428575	2.5856718789089544E-20	9.576562514477608E-22	3.117492979743078E-20
GOTERM_BP_ALL	GO:0006091~generation of precursor metabolites and energy	21	52.5	3.264573660581931E-23	669, 3098, 2645, 5230, 23530, 226, 1431, 2819, 5213, 5211, 7167, 2538, 2597, 5236, 5313, 2023, 441531, 2203, 2821, 50, 728294	40	379	16792	23.260686015831137	4.4463493257125896E-20	1.5879819020402108E-21	5.3608746420846434E-20
GOTERM_BP_ALL	GO:0046365~monosaccharide catabolic process	14	35.0	3.6694013996315787E-23	3098, 2645, 130589, 5230, 226, 5213, 5211, 7167, 2597, 5236, 5313, 2023, 2203, 2821	40	61	16792	96.34754098360655	4.99772470629821E-20	1.7233533469993826E-21	6.025656934145671E-20
GOTERM_BP_ALL	GO:0044282~small molecule catabolic process	20	50.0	1.9855421313787218E-22	3098, 2645, 130589, 5230, 226, 5213, 5211, 38, 5019, 84693, 7167, 622, 2597, 5236, 5313, 3155, 2023, 2203, 2821, 2820	40	341	16792	24.621700879765395	2.704308382937819E-19	9.014361276459397E-21	3.2605306449116797E-19
GOTERM_BP_ALL	GO:0006734~NADH metabolic process	12	30.0	1.8358277466154478E-21	3098, 2645, 7167, 5230, 226, 2597, 2819, 5313, 2023, 5213, 2821, 5211	40	37	16792	136.15135135135134	2.50039739089024E-18	8.065798035129807E-20	3.0146792314411466E-18
GOTERM_BP_ALL	GO:0016051~carbohydrate biosynthetic process	17	42.5	1.8750532587867113E-21	669, 2645, 5230, 226, 2819, 5091, 6513, 7167, 2538, 2597, 5236, 2023, 441531, 2203, 6576, 2821, 2820	40	196	16792	36.41122448979592	2.553822538467501E-18	7.98069543271094E-20	3.0790928656197134E-18
GOTERM_BP_ALL	GO:0044723~single-organism carbohydrate metabolic process	23	57.49999999999999	1.9681535066140746E-21	669, 3098, 2645, 130589, 5230, 226, 2819, 5663, 5213, 5091, 5211, 6513, 7167, 2538, 2597, 5236, 5313, 2023, 441531, 2203, 6576, 2821, 2820	40	656	16792	14.718597560975608	2.6806250760083694E-18	8.123106290934453E-20	3.2319761544166156E-18
GOTERM_BP_ALL	GO:0032787~monocarboxylic acid metabolic process	22	55.00000000000001	2.231683676950433E-21	669, 3098, 2645, 5230, 47, 226, 2819, 5213, 5091, 5211, 38, 84693, 7167, 2597, 5236, 6566, 5313, 2023, 441531, 2203, 2821, 728294	40	559	16792	16.5216457960644	3.0395531680064894E-18	8.939862258842617E-20	3.6647285914771404E-18
GOTERM_BP_ALL	GO:0005975~carbohydrate metabolic process	24	60.0	2.72469133305322E-21	669, 3098, 2645, 130589, 5230, 1431, 226, 2819, 5663, 5213, 5091, 5211, 6513, 7167, 2538, 2597, 5236, 5313, 2023, 441531, 2203, 6576, 2821, 2820	40	778	16792	12.950128534704369	3.711029595618486E-18	1.0602941701767101E-19	4.474314318969623E-18
GOTERM_BP_ALL	GO:0019674~NAD metabolic process	13	32.5	3.883149868548209E-21	3098, 2645, 5230, 226, 2819, 5213, 5211, 54981, 7167, 2597, 5313, 2023, 2821	40	59	16792	92.49830508474577	5.28885012096266E-18	1.469125033600739E-19	6.376661036346054E-18
GOTERM_BP_ALL	GO:0044283~small molecule biosynthetic process	21	52.5	5.065135411512975E-21	669, 2645, 5230, 226, 47, 2819, 5091, 38, 7167, 2538, 622, 2597, 5236, 3155, 5313, 2023, 441531, 2203, 6576, 2821, 2820	40	488	16792	18.06516393442623	6.898714430480672E-18	1.864517413643425E-19	8.317642304773291E-18
GOTERM_BP_ALL	GO:0044710~single-organism metabolic process	38	95.0	5.9633022591350406E-21	669, 2645, 23530, 5230, 1431, 2819, 5663, 6794, 5213, 5211, 6513, 38, 5019, 84693, 7167, 622, 2597, 6566, 3155, 441531, 2203, 728294, 3098, 130589, 226, 47, 5091, 54981, 137872, 2538, 5236, 5313, 2023, 6576, 2821, 50, 79944, 2820	40	4063	16792	3.926261383214374	8.122017676941925E-18	2.1373730728794542E-19	9.792554614431495E-18
GOTERM_BP_ALL	GO:0061621~canonical glycolysis	11	27.500000000000004	6.705003864152349E-21	3098, 2645, 7167, 5230, 226, 2597, 5313, 2023, 5213, 2821, 5211	40	26	16792	177.6076923076923	9.132215262975499E-18	2.341593657173205E-19	1.1010529682459825E-17
GOTERM_BP_ALL	GO:0061718~glucose catabolic process to pyruvate	11	27.500000000000004	6.705003864152349E-21	3098, 2645, 7167, 5230, 226, 2597, 5313, 2023, 5213, 2821, 5211	40	26	16792	177.6076923076923	9.132215262975499E-18	2.341593657173205E-19	1.1010529682459825E-17
GOTERM_BP_ALL	GO:0006735~NADH regeneration	11	27.500000000000004	6.705003864152349E-21	3098, 2645, 7167, 5230, 226, 2597, 5313, 2023, 5213, 2821, 5211	40	26	16792	177.6076923076923	9.132215262975499E-18	2.341593657173205E-19	1.1010529682459825E-17
GOTERM_BP_ALL	GO:0061620~glycolytic process through glucose-6-phosphate	11	27.500000000000004	1.063070409000262E-20	3098, 2645, 7167, 5230, 226, 2597, 5313, 2023, 5213, 2821, 5211	40	27	16792	171.02962962962965	1.4479018970583568E-17	3.619754742645892E-19	1.7457064201590645E-17
GOTERM_BP_ALL	GO:0061615~glycolytic process through fructose-6-phosphate	11	27.500000000000004	1.063070409000262E-20	3098, 2645, 7167, 5230, 226, 2597, 5313, 2023, 5213, 2821, 5211	40	27	16792	171.02962962962965	1.4479018970583568E-17	3.619754742645892E-19	1.7457064201590645E-17
GOTERM_BP_ALL	GO:0044712~single-organism catabolic process	24	60.0	1.4123950922198823E-20	669, 3098, 2645, 130589, 5230, 226, 2819, 5213, 5211, 38, 5019, 84693, 7167, 622, 2538, 2597, 5236, 3155, 5313, 2023, 441531, 2203, 2821, 2820	40	837	16792	12.037275985663083	1.9236821156034798E-17	4.691907599032877E-19	2.3193451340707903E-17
GOTERM_BP_ALL	GO:0006007~glucose catabolic process	11	27.500000000000004	5.550316887087424E-20	3098, 2645, 7167, 5230, 226, 2597, 5313, 2023, 5213, 2821, 5211	40	31	16792	148.96129032258065	7.559531600213072E-17	1.7998884762412076E-18	9.114376377777064E-17
GOTERM_BP_ALL	GO:0046034~ATP metabolic process	16	40.0	2.995216300847389E-18	3098, 669, 2645, 5230, 226, 2819, 5213, 5211, 7167, 2597, 5236, 5313, 2023, 441531, 2203, 2821	40	243	16792	27.641152263374487	4.079484601754144E-15	9.487173492451498E-17	4.9185531662682955E-15
GOTERM_BP_ALL	GO:0055114~oxidation-reduction process	23	57.49999999999999	1.1453550561733402E-17	3098, 2645, 5230, 23530, 226, 1431, 2819, 5213, 5211, 38, 7167, 137872, 622, 2538, 2597, 5236, 5313, 2023, 2821, 50, 79944, 2820, 728294	40	983	16792	9.822380467955238	1.5599735865080893E-14	3.545394514791112E-16	1.8808290194097133E-14
GOTERM_BP_ALL	GO:0009205~purine ribonucleoside triphosphate metabolic process	16	40.0	1.2370956224247375E-17	3098, 669, 2645, 5230, 226, 2819, 5213, 5211, 7167, 2597, 5236, 5313, 2023, 441531, 2203, 2821	40	267	16792	25.156554307116103	1.6849242377424924E-14	3.7442760838722056E-16	2.0314795258467267E-14
GOTERM_BP_ALL	GO:0009199~ribonucleoside triphosphate metabolic process	16	40.0	1.7269507039305266E-17	3098, 669, 2645, 5230, 226, 2819, 5213, 5211, 7167, 2597, 5236, 5313, 2023, 441531, 2203, 2821	40	273	16792	24.60366300366301	2.3521068587533774E-14	5.113275779898646E-16	2.835888296415739E-14
GOTERM_BP_ALL	GO:0009144~purine nucleoside triphosphate metabolic process	16	40.0	1.8243128036329066E-17	3098, 669, 2645, 5230, 226, 2819, 5213, 5211, 7167, 2597, 5236, 5313, 2023, 441531, 2203, 2821	40	274	16792	24.51386861313869	2.4847140385480188E-14	5.286625613931955E-16	2.995770126529373E-14
GOTERM_BP_ALL	GO:0046128~purine ribonucleoside metabolic process	17	42.5	2.8048855823347325E-17	3098, 669, 2645, 5230, 226, 2819, 5213, 5211, 38, 7167, 2597, 5236, 5313, 2023, 441531, 2203, 2821	40	356	16792	20.046629213483147	3.8202541631399056E-14	7.958862839874803E-16	4.606004200133965E-14
GOTERM_BP_ALL	GO:0042278~purine nucleoside metabolic process	17	42.5	3.2037722545194035E-17	3098, 669, 2645, 5230, 226, 2819, 5213, 5211, 38, 7167, 2597, 5236, 5313, 2023, 441531, 2203, 2821	40	359	16792	19.879108635097495	4.363537810655427E-14	8.90517920541924E-16	5.261030451126614E-14
GOTERM_BP_ALL	GO:0009167~purine ribonucleoside monophosphate metabolic process	16	40.0	3.290184266738348E-17	3098, 669, 2645, 5230, 226, 2819, 5213, 5211, 7167, 2597, 5236, 5313, 2023, 441531, 2203, 2821	40	285	16792	23.567719298245617	4.48123097129763E-14	8.962461942595259E-16	5.402930746001098E-14
GOTERM_BP_ALL	GO:0009126~purine nucleoside monophosphate metabolic process	16	40.0	3.467249313696532E-17	3098, 669, 2645, 5230, 226, 2819, 5213, 5211, 7167, 2597, 5236, 5313, 2023, 441531, 2203, 2821	40	286	16792	23.485314685314687	4.722393565254676E-14	9.259595225989561E-16	5.693695672429026E-14
GOTERM_BP_ALL	GO:0009141~nucleoside triphosphate metabolic process	16	40.0	6.095324021003072E-17	3098, 669, 2645, 5230, 226, 2819, 5213, 5211, 7167, 2597, 5236, 5313, 2023, 441531, 2203, 2821	40	297	16792	22.615488215488217	1.5121237595394632E-13	2.886579864025407E-15	1.7763568394002505E-13
GOTERM_BP_ALL	GO:0009161~ribonucleoside monophosphate metabolic process	16	40.0	6.095324021003072E-17	3098, 669, 2645, 5230, 226, 2819, 5213, 5211, 7167, 2597, 5236, 5313, 2023, 441531, 2203, 2821	40	297	16792	22.615488215488217	1.5121237595394632E-13	2.886579864025407E-15	1.7763568394002505E-13
GOTERM_BP_ALL	GO:0009119~ribonucleoside metabolic process	17	42.5	9.67787443381484E-17	3098, 669, 2645, 5230, 226, 2819, 5213, 5211, 38, 7167, 2597, 5236, 5313, 2023, 441531, 2203, 2821	40	385	16792	18.536623376623375	1.5121237595394632E-13	2.886579864025407E-15	1.7763568394002505E-13
GOTERM_BP_ALL	GO:0009123~nucleoside monophosphate metabolic process	16	40.0	1.2115441147141262E-16	3098, 669, 2645, 5230, 226, 2819, 5213, 5211, 7167, 2597, 5236, 5313, 2023, 441531, 2203, 2821	40	311	16792	21.59742765273312	1.5121237595394632E-13	2.7755575615628914E-15	1.7763568394002505E-13
GOTERM_BP_ALL	GO:0009116~nucleoside metabolic process	17	42.5	2.923874791868032E-16	3098, 669, 2645, 5230, 226, 2819, 5213, 5211, 38, 7167, 2597, 5236, 5313, 2023, 441531, 2203, 2821	40	413	16792	17.279903147699756	4.5363712786183896E-13	8.215650382226158E-15	5.440092820663267E-13
GOTERM_BP_ALL	GO:0044711~single-organism biosynthetic process	24	60.0	4.764169611822731E-16	669, 2645, 5230, 226, 47, 2819, 6794, 5091, 6513, 38, 54981, 7167, 2538, 622, 2597, 5236, 3155, 5313, 2023, 441531, 2203, 6576, 2821, 2820	40	1340	16792	7.518805970149253	6.048495038157853E-13	1.0769163338864018E-14	7.327471962526033E-13
GOTERM_BP_ALL	GO:1901657~glycosyl compound metabolic process	17	42.5	6.602268318418205E-16	3098, 669, 2645, 5230, 226, 2819, 5213, 5211, 38, 7167, 2597, 5236, 5313, 2023, 441531, 2203, 2821	40	435	16792	16.405977011494254	9.072742557236779E-13	1.587618925213974E-14	1.099120794378905E-12
GOTERM_BP_ALL	GO:0009117~nucleotide metabolic process	19	47.5	1.431351043111756E-15	669, 3098, 2645, 5230, 23530, 226, 2819, 5213, 5211, 38, 54981, 7167, 2597, 5236, 5313, 2023, 441531, 2203, 2821	40	667	16792	11.95832083958021	1.965760887401302E-12	3.3861802251067274E-14	2.3647750424515834E-12
GOTERM_BP_ALL	GO:0006753~nucleoside phosphate metabolic process	19	47.5	1.7349172559722008E-15	669, 3098, 2645, 5230, 23530, 226, 2819, 5213, 5211, 38, 54981, 7167, 2597, 5236, 5313, 2023, 441531, 2203, 2821	40	675	16792	11.816592592592592	2.419398015263141E-12	4.0967229608668276E-14	2.9198865547641617E-12
GOTERM_BP_ALL	GO:0055086~nucleobase-containing small molecule metabolic process	19	47.5	6.34042801435807E-15	669, 3098, 2645, 5230, 23530, 226, 2819, 5213, 5211, 38, 54981, 7167, 2597, 5236, 5313, 2023, 441531, 2203, 2821	40	728	16792	10.956318681318681	8.61910542937494E-12	1.4366285938649526E-13	1.0391687510491465E-11
GOTERM_BP_ALL	GO:0009150~purine ribonucleotide metabolic process	17	42.5	1.1106672956381401E-14	3098, 669, 2645, 5230, 226, 2819, 5213, 5211, 38, 7167, 2597, 5236, 5313, 2023, 441531, 2203, 2821	40	520	16792	13.72423076923077	1.5121237595394632E-11	2.4791280139879746E-13	1.822986206434507E-11
GOTERM_BP_ALL	GO:0009259~ribonucleotide metabolic process	17	42.5	1.733932853936605E-14	3098, 669, 2645, 5230, 226, 2819, 5213, 5211, 38, 7167, 2597, 5236, 5313, 2023, 441531, 2203, 2821	40	535	16792	13.33943925233645	2.3589130648815626E-11	3.8047343053904115E-13	2.844391389089651E-11
GOTERM_BP_ALL	GO:0006163~purine nucleotide metabolic process	17	42.5	2.4447590659469498E-14	3098, 669, 2645, 5230, 226, 2819, 5213, 5211, 38, 7167, 2597, 5236, 5313, 2023, 441531, 2203, 2821	40	547	16792	13.046800731261426	3.326672270986819E-11	5.280220705117245E-13	4.0112357879706906E-11
GOTERM_BP_ALL	GO:0019693~ribose phosphate metabolic process	17	42.5	2.580102828795833E-14	3098, 669, 2645, 5230, 226, 2819, 5213, 5211, 38, 7167, 2597, 5236, 5313, 2023, 441531, 2203, 2821	40	549	16792	12.999271402550091	3.5081271221315546E-11	5.481171072574398E-13	4.2299497238218464E-11
GOTERM_BP_ALL	GO:0019637~organophosphate metabolic process	21	52.5	4.2785836609523266E-14	669, 3098, 2645, 5230, 23530, 226, 2819, 5213, 5211, 38, 54981, 7167, 2538, 2597, 5236, 5313, 2023, 441531, 2203, 2821, 2820	40	1108	16792	7.9564981949458495	5.821676474226933E-11	8.956169139651138E-13	7.01882996168024E-11
GOTERM_BP_ALL	GO:0072521~purine-containing compound metabolic process	17	42.5	5.284169592097358E-14	3098, 669, 2645, 5230, 226, 2819, 5213, 5211, 38, 7167, 2597, 5236, 5313, 2023, 441531, 2203, 2821	40	575	16792	12.411478260869565	7.197709095407845E-11	1.0905720770892913E-12	8.678613383494849E-11
GOTERM_BP_ALL	GO:1901575~organic substance catabolic process	25	62.5	6.856073453558082E-14	669, 2645, 5230, 2819, 5663, 5213, 38, 5211, 5019, 84693, 7167, 622, 2597, 3155, 441531, 2203, 3098, 130589, 226, 2538, 5236, 5313, 2023, 2821, 2820	40	1889	16792	5.555849655902594	9.344924833953883E-11	1.3947731858365842E-12	1.1266543253896089E-10
GOTERM_BP_ALL	GO:0009056~catabolic process	25	62.5	2.792707964306512E-13	669, 2645, 5230, 2819, 5663, 5213, 38, 5211, 5019, 84693, 7167, 622, 2597, 3155, 441531, 2203, 3098, 130589, 226, 2538, 5236, 5313, 2023, 2821, 2820	40	2012	16792	5.216202783300199	3.80299125524175E-10	5.5926374642467636E-12	4.5852210917018965E-10
GOTERM_BP_ALL	GO:1901135~carbohydrate derivative metabolic process	20	50.0	5.036711326969863E-12	669, 3098, 2645, 5230, 226, 2819, 5663, 5213, 5211, 38, 7167, 2538, 2597, 5236, 5313, 2023, 441531, 2203, 2821, 2820	40	1247	16792	6.732959101844426	6.860051859902683E-9	9.942102696669508E-11	8.271028306694461E-9
GOTERM_MF_ALL	GO:0003824~catalytic activity	35	87.5	3.853778292543676E-11	669, 2645, 5230, 23530, 1431, 2819, 5663, 6794, 5213, 5211, 38, 5019, 84693, 7167, 622, 2597, 3155, 441531, 2203, 728294, 3098, 130589, 226, 47, 5091, 54981, 137872, 2538, 5236, 5313, 2023, 2821, 50, 79944, 2820	40	6018	16881	2.4544491525423733	9.171979398203689E-9	9.171979398203689E-9	4.967659616994524E-8
GOTERM_CC_ALL	GO:0005739~mitochondrion	20	50.0	1.5091410568341666E-10	3098, 2645, 23530, 1431, 2819, 5663, 6794, 5091, 38, 5019, 84693, 137872, 622, 3155, 6566, 6576, 50, 2820, 728294, 79944	39	1700	18224	5.497435897435897	2.927732700719332E-8	2.927732700719332E-8	1.8821142422353887E-7
GOTERM_BP_ALL	GO:0044262~cellular carbohydrate metabolic process	11	27.500000000000004	4.275375895993398E-10	3098, 669, 2645, 7167, 2538, 5236, 441531, 2203, 5213, 6513, 2820	40	271	16792	17.039852398523983	5.823059885390336E-7	8.318659316941535E-9	7.020749093200607E-7
GOTERM_CC_ALL	GO:0044429~mitochondrial part	16	40.0	4.5407211972373077E-10	3098, 23530, 1431, 5663, 5091, 38, 5019, 84693, 137872, 622, 3155, 6576, 79944, 50, 2820, 728294	39	990	18224	7.552033152033151	8.808998608333951E-8	4.4044993985359326E-8	5.662928792560251E-7
GOTERM_CC_ALL	GO:0044444~cytoplasmic part	36	90.0	6.774966483496452E-10	669, 2645, 5230, 23530, 1431, 2819, 5663, 6794, 5213, 5211, 6513, 38, 5019, 84693, 7167, 622, 2597, 6566, 3155, 441531, 2203, 728294, 3098, 226, 47, 5091, 137872, 2538, 5236, 5313, 2023, 6576, 2821, 50, 79944, 2820	39	8090	18224	2.0793762479794617	1.3143433463813636E-7	4.3811446803765364E-8	8.449351995842846E-7
GOTERM_BP_ALL	GO:0044275~cellular carbohydrate catabolic process	7	17.5	9.182435067285431E-10	669, 7167, 2538, 5236, 441531, 5213, 2820	40	46	16792	63.88260869565217	1.250646839978664E-6	1.761475509898247E-8	1.5078808646151742E-6
GOTERM_MF_ALL	GO:0048029~monosaccharide binding	7	17.5	1.1619406679699781E-9	3098, 2645, 226, 2203, 5213, 2821, 5211	40	48	16881	61.545312499999994	2.7654183776260055E-7	1.3827092848472944E-7	1.497785662163409E-6
GOTERM_BP_ALL	GO:1901564~organonitrogen compound metabolic process	22	55.00000000000001	1.8458238759490528E-9	669, 3098, 2645, 5230, 23530, 226, 2819, 5663, 5213, 5211, 38, 54981, 7167, 2597, 5236, 3155, 5313, 2023, 441531, 2203, 6576, 2821	40	2221	16792	4.158307068887889	2.5140088947273043E-6	3.491683353562536E-8	3.0310941090405663E-6
GOTERM_CC_ALL	GO:0070062~extracellular exosome	22	55.00000000000001	1.6581679646867626E-8	669, 130589, 5230, 1431, 47, 226, 2819, 6794, 5213, 5211, 6513, 38, 7167, 2597, 5236, 5313, 6566, 2023, 441531, 2203, 6576, 2821	39	2811	18224	3.65713451732662	3.2168407136934363E-6	8.042111485639936E-7	2.067972477703961E-5
GOTERM_CC_ALL	GO:1903561~extracellular vesicle	22	55.00000000000001	1.81464649127666E-8	669, 130589, 5230, 1431, 47, 226, 2819, 6794, 5213, 5211, 6513, 38, 7167, 2597, 5236, 5313, 6566, 2023, 441531, 2203, 6576, 2821	39	2825	18224	3.639010664851373	3.5204080232054125E-6	7.040825961146524E-7	2.2631235374603875E-5
GOTERM_CC_ALL	GO:0043230~extracellular organelle	22	55.00000000000001	1.8263355498720638E-8	669, 130589, 5230, 1431, 47, 226, 2819, 6794, 5213, 5211, 6513, 38, 7167, 2597, 5236, 5313, 6566, 2023, 441531, 2203, 6576, 2821	39	2826	18224	3.6377229753025935	3.5430847216133543E-6	5.905149920160113E-7	2.2777014663244444E-5
GOTERM_BP_ALL	GO:0006796~phosphate-containing compound metabolic process	23	57.49999999999999	1.1867998290439873E-7	669, 3098, 2645, 5230, 23530, 226, 2819, 5663, 6794, 5213, 5211, 38, 54981, 7167, 2538, 2597, 5236, 5313, 2023, 441531, 2203, 2821, 2820	40	3083	16792	3.1318196561790463	1.616290829848932E-4	2.2142735262020707E-6	1.9488851993321177E-4
GOTERM_BP_ALL	GO:0006793~phosphorus metabolic process	23	57.49999999999999	1.2302149842227812E-7	669, 3098, 2645, 5230, 23530, 226, 2819, 5663, 6794, 5213, 5211, 38, 54981, 7167, 2538, 2597, 5236, 5313, 2023, 441531, 2203, 2821, 2820	40	3089	16792	3.125736484299126	1.675412545679711E-4	2.2642581281040464E-6	2.0201786645746012E-4
GOTERM_BP_ALL	GO:0015980~energy derivation by oxidation of organic compounds	9	22.5	1.6555145330158328E-7	2645, 2538, 23530, 1431, 5236, 2819, 5213, 728294, 50	40	271	16792	13.941697416974169	2.2545567913923037E-4	3.0064101219640094E-6	2.718576903038006E-4
GOTERM_CC_ALL	GO:0005759~mitochondrial matrix	10	25.0	1.6780356161134651E-7	5019, 84693, 137872, 622, 1431, 3155, 5091, 728294, 38, 50	39	425	18224	10.994871794871793	3.2553363809806335E-5	4.650545426421182E-6	2.0927484576382938E-4
GOTERM_BP_ALL	GO:0051156~glucose 6-phosphate metabolic process	5	12.5	1.7630533549610486E-7	3098, 2645, 7167, 2538, 2821	40	22	16792	95.40909090909092	2.400990596461705E-4	3.1595724827582217E-6	2.8951698305412776E-4
GOTERM_BP_ALL	GO:0042593~glucose homeostasis	8	20.0	3.8978913959427816E-7	5019, 3098, 2645, 2538, 6566, 6794, 5213, 2821	40	204	16792	16.462745098039218	5.307520129403942E-4	6.894689369763007E-6	6.400849394960773E-4
GOTERM_BP_ALL	GO:0033500~carbohydrate homeostasis	8	20.0	3.8978913959427816E-7	5019, 3098, 2645, 2538, 6566, 6794, 5213, 2821	40	204	16792	16.462745098039218	5.307520129403942E-4	6.894689369763007E-6	6.400849394960773E-4
GOTERM_CC_ALL	GO:0031982~vesicle	23	57.49999999999999	5.241113906262729E-7	669, 130589, 5230, 1431, 47, 226, 2819, 5663, 6794, 5213, 5211, 6513, 38, 7167, 2597, 5236, 5313, 6566, 2023, 441531, 2203, 6576, 2821	39	3754	18224	2.8629427755693073	1.016724674299807E-4	1.2709623785300828E-5	6.536399181911179E-4
GOTERM_BP_ALL	GO:0016310~phosphorylation	19	47.5	5.908533697460133E-7	3098, 669, 2645, 5230, 226, 2819, 5663, 6794, 5213, 5211, 54981, 7167, 2597, 5236, 5313, 2023, 441531, 2203, 2821	40	2229	16792	3.578375953342306	8.044188089660897E-4	1.0317158667394466E-5	9.702572972503098E-4
GOTERM_CC_ALL	GO:0005737~cytoplasm	37	92.5	7.564527501900445E-7	669, 2645, 5230, 23530, 1431, 2819, 5663, 6794, 5213, 5211, 6513, 38, 5019, 84693, 7167, 622, 2597, 6566, 3155, 441531, 2203, 728294, 3098, 130589, 226, 47, 5091, 137872, 2538, 5236, 5313, 2023, 6576, 2821, 50, 79944, 2820	39	10775	18224	1.604588018323517	1.467411215158032E-4	1.630563251142636E-5	9.434007039232917E-4
GOTERM_BP_ALL	GO:0006739~NADP metabolic process	5	12.5	1.0955929682391526E-6	669, 2645, 7167, 23530, 441531	40	34	16792	61.73529411764705	0.001491085665629277	1.8888409461848E-5	0.001799097694155094
GOTERM_BP_ALL	GO:1902224~ketone body metabolic process	4	10.0	1.3743882076788758E-6	5019, 622, 3155, 38	40	10	16792	167.92000000000002	0.0018701670794066816	2.3398701561649915E-5	0.0022569087348545125
GOTERM_BP_ALL	GO:0046950~cellular ketone body metabolic process	4	10.0	1.3743882076788758E-6	5019, 622, 3155, 38	40	10	16792	167.92000000000002	0.0018701670794066816	2.3398701561649915E-5	0.0022569087348545125
GOTERM_CC_ALL	GO:0031988~membrane-bounded vesicle	22	55.00000000000001	1.3871491126292164E-6	669, 130589, 5230, 1431, 47, 226, 2819, 6794, 5213, 5211, 6513, 38, 7167, 2597, 5236, 5313, 6566, 2023, 441531, 2203, 6576, 2821	39	3611	18224	2.846913632845508	2.69070908413771E-4	2.6910349358644226E-5	0.001729959623908428
GOTERM_MF_ALL	GO:0016853~isomerase activity	7	17.5	1.9886130705091186E-6	669, 84693, 7167, 130589, 5236, 441531, 2821	40	165	16881	17.904090909090908	4.7317839716121135E-4	1.5775101646176015E-4	0.002563367526409177
GOTERM_MF_ALL	GO:0030246~carbohydrate binding	8	20.0	2.1191669514133517E-6	3098, 2645, 130589, 226, 2203, 5213, 2821, 5211	40	264	16881	12.788636363636364	5.04235099570427E-4	1.260826181281871E-4	0.002731652331133816
GOTERM_BP_ALL	GO:0043470~regulation of carbohydrate catabolic process	5	12.5	2.872012742230989E-6	669, 2645, 2819, 441531, 2203	40	43	16792	48.81395348837209	0.003904046290478247	4.829126569316777E-5	0.00471613170005547
GOTERM_CC_ALL	GO:0044421~extracellular region part	22	55.00000000000001	4.649699916530744E-6	669, 130589, 5230, 1431, 47, 226, 2819, 6794, 5213, 5211, 6513, 38, 7167, 2597, 5236, 5313, 6566, 2023, 441531, 2203, 6576, 2821	39	3878	18224	2.650903849459806	9.016371616469288E-4	8.20006269399709E-5	0.0057986863300940605
GOTERM_BP_ALL	GO:0071704~organic substance metabolic process	38	95.0	6.153283348704403E-6	669, 2645, 23530, 5230, 1431, 2819, 5663, 6794, 5213, 5211, 6513, 38, 5019, 84693, 7167, 622, 2597, 6566, 3155, 441531, 2203, 728294, 3098, 130589, 226, 47, 5091, 54981, 137872, 2538, 5236, 5313, 2023, 6576, 2821, 50, 79944, 2820	40	10707	16792	1.4899038012515176	0.008345776723511111	1.0219962733204468E-4	0.010104050036896517
GOTERM_BP_ALL	GO:0051193~regulation of cofactor metabolic process	5	12.5	6.701951241519039E-6	669, 2645, 2819, 441531, 2203	40	53	16792	39.60377358490566	0.009086553655099583	1.0997091876718823E-4	0.011004948150827865
GOTERM_BP_ALL	GO:0051196~regulation of coenzyme metabolic process	5	12.5	6.701951241519039E-6	669, 2645, 2819, 441531, 2203	40	53	16792	39.60377358490566	0.009086553655099583	1.0997091876718823E-4	0.011004948150827865
GOTERM_BP_ALL	GO:0044248~cellular catabolic process	15	37.5	8.223116171688838E-6	669, 2819, 5663, 5213, 38, 5019, 84693, 7167, 2538, 622, 5236, 3155, 441531, 2821, 2820	40	1616	16792	3.8966584158415842	0.011137444552084097	1.3332361489093447E-4	0.01350262071927455
GOTERM_BP_ALL	GO:0044237~cellular metabolic process	37	92.5	9.968239689033602E-6	669, 2645, 5230, 23530, 1431, 2819, 5663, 6794, 5213, 5211, 6513, 38, 5019, 84693, 7167, 622, 2597, 6566, 3155, 441531, 2203, 728294, 3098, 226, 47, 5091, 54981, 137872, 2538, 5236, 5313, 2023, 6576, 2821, 50, 79944, 2820	40	10202	16792	1.5225053910997846	0.01348506092824775	1.5971442223472465E-4	0.016367949307682927
GOTERM_CC_ALL	GO:0005829~cytosol	20	50.0	1.2063383083949958E-5	3098, 669, 2645, 5230, 47, 226, 2819, 6794, 5213, 5091, 5211, 6513, 7167, 2597, 5236, 5313, 2023, 441531, 2203, 2821	39	3399	18224	2.7495266330217785	0.002337574042956647	1.950068532193816E-4	0.015043723549790222
GOTERM_MF_ALL	GO:0019200~carbohydrate kinase activity	4	10.0	1.4732455371112993E-5	3098, 2645, 5213, 5211	40	21	16881	80.38571428571429	0.003500210139575466	7.010242090242924E-4	0.018989031680305413
GOTERM_MF_ALL	GO:0016614~oxidoreductase activity, acting on CH-OH group of donors	6	15.0	1.5090966172553575E-5	137872, 622, 2819, 79944, 728294, 2820	40	137	16881	18.482846715328467	0.0035852346933279433	5.984337087585612E-4	0.019451083797494828
GOTERM_BP_ALL	GO:0008152~metabolic process	38	95.0	1.9180193642610392E-5	669, 2645, 23530, 5230, 1431, 2819, 5663, 6794, 5213, 5211, 6513, 38, 5019, 84693, 7167, 622, 2597, 6566, 3155, 441531, 2203, 728294, 3098, 130589, 226, 47, 5091, 54981, 137872, 2538, 5236, 5313, 2023, 6576, 2821, 50, 79944, 2820	40	11075	16792	1.4403972911963883	0.025785403121773354	3.037175228024491E-4	0.03149183297468383
GOTERM_BP_ALL	GO:0046952~ketone body catabolic process	3	7.5	3.1444417125380744E-5	5019, 622, 38	40	4	16792	314.85	0.04192380576170951	4.921543635376668E-4	0.0516234985269759
GOTERM_MF_ALL	GO:0016866~intramolecular transferase activity	4	10.0	3.209095762108809E-5	669, 5236, 441531, 2821	40	27	16881	62.52222222222223	0.007608676814653492	0.0010905150224461702	0.04135857284981448
GOTERM_MF_ALL	GO:0048037~cofactor binding	7	17.5	3.528471199936521E-5	23530, 47, 2597, 2819, 3155, 728294, 38	40	273	16881	10.821153846153846	0.008362745676041006	0.001049187919024197	0.045473794877737284
GOTERM_CC_ALL	GO:0043227~membrane-bounded organelle	37	92.5	4.603383159694272E-5	669, 2645, 5230, 23530, 1431, 2819, 5663, 6794, 5213, 5211, 6513, 38, 5019, 84693, 7167, 622, 2597, 6566, 3155, 441531, 2203, 728294, 3098, 130589, 226, 47, 5091, 137872, 2538, 5236, 5313, 2023, 6576, 2821, 50, 79944, 2820	39	12209	18224	1.4161221965300923	0.008891008026723934	6.867463040587385E-4	0.057395617440803015
GOTERM_BP_ALL	GO:0050796~regulation of insulin secretion	6	15.0	5.016636608914118E-5	5019, 2645, 6566, 5213, 5211, 6513	40	175	16792	14.393142857142857	0.06604619801467349	7.761566403854392E-4	0.0823481483539501
GOTERM_MF_ALL	GO:0070061~fructose binding	3	7.5	5.178124077389139E-5	226, 5213, 5211	40	5	16881	253.21499999999997	0.012248621790367897	0.001368424451055783	0.06672744303211076
GOTERM_MF_ALL	GO:0050662~coenzyme binding	6	15.0	6.372725918337731E-5	23530, 2597, 2819, 3155, 728294, 38	40	185	16881	13.687297297297297	0.015053122744416503	0.0015156074037583345	0.08211574343773842
GOTERM_CC_ALL	GO:0005743~mitochondrial inner membrane	8	20.0	6.685821065461536E-5	622, 23530, 3155, 5663, 6576, 79944, 38, 2820	39	499	18224	7.491495812137095	0.012887166550516915	9.260656847095428E-4	0.08334978563219186
GOTERM_MF_ALL	GO:0016829~lyase activity	6	15.0	7.05279530856516E-5	226, 47, 3155, 2023, 38, 50	40	189	16881	13.397619047619047	0.01664614081922433	0.001524858473834434	0.0908751018580789
GOTERM_BP_ALL	GO:0044763~single-organism cellular process	39	97.5	7.067126900620977E-5	669, 2645, 23530, 5230, 1431, 2819, 5663, 6794, 5213, 5211, 6513, 38, 5019, 9122, 9194, 84693, 7167, 622, 2597, 6566, 3155, 441531, 2203, 728294, 3098, 226, 47, 5091, 54981, 137872, 2538, 5236, 5313, 2023, 6576, 2821, 50, 79944, 2820	40	12256	16792	1.3358518276762401	0.0917700374737408	0.0010809621901523014	0.11598863244240976
GOTERM_BP_ALL	GO:0006637~acyl-CoA metabolic process	5	12.5	7.077199532112981E-5	84693, 47, 3155, 6576, 38	40	96	16792	21.864583333333332	0.09189463711775492	0.0010704807229086066	0.11615385846810433
GOTERM_BP_ALL	GO:0035383~thioester metabolic process	5	12.5	7.077199532112981E-5	84693, 47, 3155, 6576, 38	40	96	16792	21.864583333333332	0.09189463711775492	0.0010704807229086066	0.11615385846810433
GOTERM_CC_ALL	GO:0031966~mitochondrial membrane	9	22.5	7.311906036148173E-5	3098, 622, 23530, 3155, 5663, 6576, 79944, 38, 2820	39	691	18224	6.0861627518646335	0.014085474563986455	9.452607150820524E-4	0.09115169423989933
GOTERM_CC_ALL	GO:0005576~extracellular region	22	55.00000000000001	8.097338251198083E-5	669, 130589, 5230, 1431, 47, 226, 2819, 6794, 5213, 5211, 6513, 38, 7167, 2597, 5236, 5313, 6566, 2023, 441531, 2203, 6576, 2821	39	4623	18224	2.223708658491267	0.015586722101988193	9.813601658706927E-4	0.10093850356224232
GOTERM_MF_ALL	GO:0036094~small molecule binding	17	42.5	9.05301322834484E-5	3098, 2645, 5230, 23530, 47, 226, 2819, 6794, 5213, 5091, 5211, 54981, 2597, 5313, 2203, 2821, 728294	40	2571	16881	2.7905192532088683	0.02131666543656452	0.00179398445199197	0.11663399367125571
GOTERM_BP_ALL	GO:0090276~regulation of peptide hormone secretion	6	15.0	9.897846601995955E-5	5019, 2645, 6566, 5213, 5211, 6513	40	202	16792	12.469306930693069	0.1261227354261324	0.0014803904222692177	0.16241213661626341
GOTERM_CC_ALL	GO:0005740~mitochondrial envelope	9	22.5	1.0931142686264107E-4	3098, 622, 23530, 3155, 5663, 6576, 79944, 38, 2820	39	732	18224	5.745271122320303	0.020984276640361954	0.0012467266572858682	0.13624154573406155
GOTERM_BP_ALL	GO:0006101~citrate metabolic process	3	7.5	1.0957131759340706E-4	47, 1431, 50	40	7	16792	179.9142857142857	0.13864135033986047	0.0016209056845705172	0.17977909080332255
GOTERM_BP_ALL	GO:0002791~regulation of peptide secretion	6	15.0	1.1104380314369618E-4	5019, 2645, 6566, 5213, 5211, 6513	40	207	16792	12.168115942028985	0.1403672860223658	0.001625022924855224	0.1821930026455032
GOTERM_BP_ALL	GO:0090087~regulation of peptide transport	6	15.0	1.1617439558837886E-4	5019, 2645, 6566, 5213, 5211, 6513	40	209	16792	12.051674641148324	0.14635402354026228	0.0016819745162804933	0.19060338551287748
GOTERM_CC_ALL	GO:0019866~organelle inner membrane	8	20.0	1.3285380669673334E-4	622, 23530, 3155, 5663, 6576, 79944, 38, 2820	39	557	18224	6.711411867605763	0.025446002120981692	0.0014309391574017782	0.16556150550484094
GOTERM_BP_ALL	GO:0044699~single-organism process	40	100.0	1.393460925665578E-4	669, 2645, 23530, 5230, 1431, 2819, 5663, 6794, 5213, 5211, 6513, 38, 5019, 9122, 9194, 84693, 7167, 622, 2597, 6566, 3155, 441531, 2203, 728294, 3098, 130589, 226, 47, 5091, 54981, 137872, 2538, 5236, 5313, 2023, 6576, 2821, 50, 79944, 2820	40	13377	16792	1.2552889287583167	0.17287761028530646	0.0019959276137632154	0.2285795679004221
GOTERM_BP_ALL	GO:0030388~fructose 1,6-bisphosphate metabolic process	3	7.5	1.4588060732686586E-4	226, 2203, 5211	40	8	16792	157.425	0.18020738648045576	0.002067691469019861	0.2392865558645596
GOTERM_BP_ALL	GO:0046951~ketone body biosynthetic process	3	7.5	1.4588060732686586E-4	622, 3155, 38	40	8	16792	157.425	0.18020738648045576	0.002067691469019861	0.2392865558645596
GOTERM_BP_ALL	GO:0006002~fructose 6-phosphate metabolic process	3	7.5	1.8728546059350423E-4	2203, 5213, 5211	40	9	16792	139.93333333333334	0.225166171115053	0.002626510514581626	0.3071045074788392
GOTERM_BP_ALL	GO:0030072~peptide hormone secretion	6	15.0	2.2583164598751984E-4	5019, 2645, 6566, 5213, 5211, 6513	40	241	16792	10.451452282157677	0.2648034775451841	0.0031340320854500447	0.3702012648299058
GOTERM_BP_ALL	GO:0002790~peptide secretion	6	15.0	2.6758033103096285E-4	5019, 2645, 6566, 5213, 5211, 6513	40	250	16792	10.075199999999999	0.3054514262591438	0.0036749799505386704	0.438497929029269
GOTERM_MF_ALL	GO:0016868~intramolecular transferase activity, phosphotransferases	3	7.5	2.8231064001395587E-4	669, 5236, 441531	40	11	16881	115.09772727272727	0.06499127512987646	0.005155848773733318	0.3632989891121152
GOTERM_MF_ALL	GO:0015129~lactate transmembrane transporter activity	3	7.5	2.8231064001395587E-4	9122, 9194, 6566	40	11	16881	115.09772727272727	0.06499127512987646	0.005155848773733318	0.3632989891121152
GOTERM_BP_ALL	GO:0046883~regulation of hormone secretion	6	15.0	2.879156981694343E-4	5019, 2645, 6566, 5213, 5211, 6513	40	254	16792	9.916535433070866	0.32442942139961806	0.003914295530599743	0.47174862557495256
GOTERM_BP_ALL	GO:0031667~response to nutrient levels	7	17.5	3.112170531440278E-4	5019, 2538, 6566, 3155, 5313, 6513, 38	40	404	16792	7.273762376237623	0.34553920691724516	0.004188664348362181	0.5098362369849618
GOTERM_BP_ALL	GO:0044238~primary metabolic process	35	87.5	3.266135845740517E-4	669, 2645, 5230, 23530, 1431, 2819, 5663, 6794, 5213, 5211, 6513, 38, 84693, 7167, 2597, 6566, 3155, 441531, 2203, 728294, 3098, 130589, 226, 47, 5091, 54981, 2538, 5236, 5313, 2023, 6576, 2821, 50, 79944, 2820	40	10243	16792	1.4344430342673045	0.35912468967867917	0.004352464810159051	0.5349953789257955
GOTERM_BP_ALL	GO:0035879~plasma membrane lactate transport	3	7.5	3.418472796702815E-4	9122, 9194, 6566	40	12	16792	104.95	0.37228911606183956	0.0045109173875236275	0.5598825530378826
GOTERM_BP_ALL	GO:0015833~peptide transport	6	15.0	3.6847225287295354E-4	5019, 2645, 6566, 5213, 5211, 6513	40	268	16792	9.398507462686567	0.3946519467420583	0.004814829939026266	0.603365531841682
GOTERM_BP_ALL	GO:0023061~signal release	7	17.5	3.6857409846175165E-4	5019, 2645, 6566, 5663, 5213, 5211, 6513	40	417	16792	7.047002398081534	0.3947359419338785	0.004770399201558417	0.6035318282220703
GOTERM_BP_ALL	GO:0015727~lactate transport	3	7.5	4.034086296776414E-4	9122, 9194, 6566	40	13	16792	96.87692307692306	0.42279247111952045	0.005171049967435115	0.6603953184058153
GOTERM_BP_ALL	GO:0035873~lactate transmembrane transport	3	7.5	4.034086296776414E-4	9122, 9194, 6566	40	13	16792	96.87692307692306	0.42279247111952045	0.005171049967435115	0.6603953184058153
GOTERM_BP_ALL	GO:0009991~response to extracellular stimulus	7	17.5	4.6135779687631837E-4	5019, 2538, 6566, 3155, 5313, 6513, 38	40	435	16792	6.755402298850575	0.46661634752716863	0.0058567475587167905	0.7549231982170723
GOTERM_BP_ALL	GO:0072350~tricarboxylic acid metabolic process	3	7.5	4.699530283411693E-4	47, 1431, 50	40	14	16792	89.95714285714286	0.472826980761359	0.005910486853374142	0.7689367216357934
GOTERM_CC_ALL	GO:0031967~organelle envelope	10	25.0	4.706724025320269E-4	3098, 622, 23530, 2597, 3155, 5663, 6576, 79944, 38, 2820	39	1149	18224	4.0668585838298625	0.08728530726503092	0.0047954094221305255	0.58541374146871
GOTERM_CC_ALL	GO:0031975~envelope	10	25.0	4.858664191805112E-4	3098, 622, 23530, 2597, 3155, 5663, 6576, 79944, 38, 2820	39	1154	18224	4.049237879393859	0.08997298323569525	0.004702955865298564	0.6042591507752215
GOTERM_CC_ALL	GO:0043226~organelle	37	92.5	4.953674405500268E-4	669, 2645, 5230, 23530, 1431, 2819, 5663, 6794, 5213, 5211, 6513, 38, 5019, 84693, 7167, 622, 2597, 6566, 3155, 441531, 2203, 728294, 3098, 130589, 226, 47, 5091, 137872, 2538, 5236, 5313, 2023, 6576, 2821, 50, 79944, 2820	39	13154	18224	1.314386186516337	0.09164962027000034	0.004566925168742797	0.6160417668316209
GOTERM_BP_ALL	GO:0042886~amide transport	6	15.0	5.200046458002528E-4	5019, 2645, 6566, 5213, 5211, 6513	40	289	16792	8.715570934256055	0.5075835793980681	0.006478287551188844	0.8505031429196674
GOTERM_BP_ALL	GO:0046879~hormone secretion	6	15.0	5.70868745960313E-4	5019, 2645, 6566, 5213, 5211, 6513	40	295	16792	8.538305084745764	0.5405592308632226	0.007045474795518314	0.9333291155645518
GOTERM_MF_ALL	GO:0000166~nucleotide binding	15	37.5	5.756071659670037E-4	3098, 2645, 5230, 23530, 47, 2819, 6794, 5213, 5091, 5211, 54981, 2597, 5313, 2203, 728294	40	2389	16881	2.64980117203851	0.12805937513803278	0.009740391233997281	0.739445689364937
GOTERM_MF_ALL	GO:1901265~nucleoside phosphate binding	15	37.5	5.780976111493428E-4	3098, 2645, 5230, 23530, 47, 2819, 6794, 5213, 5091, 5211, 54981, 2597, 5313, 2203, 728294	40	2390	16881	2.648692468619247	0.12857634196477918	0.009133171305507948	0.742634017614785
GOTERM_BP_ALL	GO:0009914~hormone transport	6	15.0	6.737524674773412E-4	5019, 2645, 6566, 5213, 5211, 6513	40	306	16792	8.231372549019607	0.6006672039369191	0.008235809476297873	1.1006640890300345
GOTERM_BP_ALL	GO:0006109~regulation of carbohydrate metabolic process	5	12.5	6.754890013374809E-4	669, 2645, 2819, 441531, 2203	40	173	16792	12.132947976878611	0.601611209584098	0.008183535437302769	1.1034861909708482
GOTERM_BP_ALL	GO:0045333~cellular respiration	5	12.5	6.902342615726646E-4	23530, 1431, 2819, 728294, 50	40	174	16792	12.063218390804597	0.609537622168895	0.008287798510197342	1.1274461821539128
GOTERM_CC_ALL	GO:0097228~sperm principal piece	3	7.5	7.0794093828977E-4	3098, 441531, 5213	39	19	18224	73.78137651821862	0.12836906076158305	0.006225503452583769	0.8793273994107009
GOTERM_BP_ALL	GO:0006103~2-oxoglutarate metabolic process	3	7.5	7.85516481685719E-4	137872, 79944, 728294	40	18	16792	69.96666666666667	0.6570922676330095	0.009344607952770367	1.282141583697416
GOTERM_MF_ALL	GO:0042802~identical protein binding	11	27.500000000000004	8.026396034959375E-4	5019, 226, 2597, 2819, 6566, 3155, 2203, 5213, 5211, 6513, 38	40	1358	16881	3.4184646539027983	0.17395409346650614	0.0118730110131684	1.0297102047370443
GOTERM_BP_ALL	GO:0005977~glycogen metabolic process	4	10.0	8.409760017291895E-4	2645, 2538, 5236, 5213	40	80	16792	20.990000000000002	0.6820595619342011	0.009914792562515373	1.3720781778958968
GOTERM_BP_ALL	GO:0006073~cellular glucan metabolic process	4	10.0	8.719234693106769E-4	2645, 2538, 5236, 5213	40	81	16792	20.730864197530863	0.6951933985064949	0.010189778786878767	1.422231054206502
GOTERM_BP_ALL	GO:0034637~cellular carbohydrate biosynthetic process	4	10.0	8.719234693106769E-4	2645, 5236, 2203, 6513	40	81	16792	20.730864197530863	0.6951933985064949	0.010189778786878767	1.422231054206502
GOTERM_BP_ALL	GO:0044042~glucan metabolic process	4	10.0	8.719234693106769E-4	2645, 2538, 5236, 5213	40	81	16792	20.730864197530863	0.6951933985064949	0.010189778786878767	1.422231054206502
GOTERM_MF_ALL	GO:0008514~organic anion transmembrane transporter activity	4	10.0	9.54488030762637E-4	9122, 9194, 6566, 6576	40	84	16881	20.09642857142857	0.2032996433992238	0.01328024281646123	1.223413604125223
GOTERM_BP_ALL	GO:0015711~organic anion transport	6	15.0	9.589188729321148E-4	9122, 9194, 6566, 5663, 6576, 6513	40	331	16792	7.609667673716012	0.7292810557444028	0.011106022397136095	1.563085888278759
GOTERM_BP_ALL	GO:0042592~homeostatic process	12	30.0	9.714848019451191E-4	5019, 3098, 669, 2645, 2538, 23530, 226, 6566, 5663, 6794, 5213, 2821	40	1645	16792	3.062370820668693	0.7338793317016187	0.011155995275298425	1.5834158380493624
GOTERM_BP_ALL	GO:0043648~dicarboxylic acid metabolic process	4	10.0	0.0010375173135294643	137872, 47, 79944, 728294	40	86	16792	19.525581395348837	0.7567905190749924	0.011810642688075967	1.6901826006685883
GOTERM_MF_ALL	GO:0000287~magnesium ion binding	5	12.5	0.001223134660969851	5236, 3155, 5313, 2023, 6794	40	204	16881	10.34375	0.25269675485635157	0.016052224459248254	1.5652526637499609
GOTERM_BP_ALL	GO:0005980~glycogen catabolic process	3	7.5	0.0012894364051913058	2538, 5236, 5213	40	23	16792	54.756521739130434	0.8274978571422791	0.014537837000005549	2.096507743056253
GOTERM_BP_ALL	GO:0006112~energy reserve metabolic process	4	10.0	0.0013416386018975787	2645, 2538, 5236, 5213	40	94	16792	17.863829787234042	0.8393518435863677	0.014998278236930784	2.180508165771433
GOTERM_BP_ALL	GO:0009251~glucan catabolic process	3	7.5	0.0014045974182290638	2538, 5236, 5213	40	24	16792	52.475	0.8525706916919522	0.015569380706157654	2.281727410552925
GOTERM_BP_ALL	GO:0046835~carbohydrate phosphorylation	3	7.5	0.0014045974182290638	3098, 2645, 5213	40	24	16792	52.475	0.8525706916919522	0.015569380706157654	2.281727410552925
GOTERM_BP_ALL	GO:0044247~cellular polysaccharide catabolic process	3	7.5	0.0014045974182290638	2538, 5236, 5213	40	24	16792	52.475	0.8525706916919522	0.015569380706157654	2.281727410552925
GOTERM_BP_ALL	GO:0006140~regulation of nucleotide metabolic process	5	12.5	0.0014369294388731964	669, 2645, 2819, 441531, 2203	40	212	16792	9.900943396226415	0.8589308876204607	0.015796709984259638	2.3336695491181114
GOTERM_BP_ALL	GO:0044264~cellular polysaccharide metabolic process	4	10.0	0.0015126072055735192	2645, 2538, 5236, 5213	40	98	16792	17.134693877551022	0.872766424140286	0.016489397168587994	2.455146277721465
GOTERM_MF_ALL	GO:0016491~oxidoreductase activity	8	20.0	0.0015545707684547605	137872, 622, 23530, 2597, 2819, 79944, 728294, 2820	40	757	16881	4.45997357992074	0.3094560975111207	0.01929952886841091	1.9854844340816524
GOTERM_BP_ALL	GO:1901576~organic substance biosynthetic process	25	62.5	0.0016427193659918514	669, 2645, 5230, 226, 47, 2819, 5663, 6794, 5091, 6513, 38, 54981, 7167, 2538, 622, 2597, 5236, 3155, 5313, 2023, 441531, 2203, 6576, 2821, 2820	40	6227	16792	1.6854022803918418	0.8934587972468001	0.017754289833087022	2.6636685891729295
GOTERM_CC_ALL	GO:0044422~organelle part	28	70.0	0.0016716116816542594	2645, 23530, 1431, 5663, 6794, 5213, 6513, 38, 5019, 84693, 622, 2597, 6566, 3155, 441531, 728294, 3098, 226, 47, 5091, 137872, 2538, 2023, 6576, 2821, 50, 2820, 79944	39	8415	18224	1.5548303548303548	0.2771575661415664	0.014012378665795744	2.064866827631273
GOTERM_BP_ALL	GO:0000272~polysaccharide catabolic process	3	7.5	0.001778445551017997	2538, 5236, 5213	40	27	16792	46.644444444444446	0.911468717172001	0.019057332827774776	2.880741989853286
GOTERM_MF_ALL	GO:0016773~phosphotransferase activity, alcohol group as acceptor	8	20.0	0.0019000699314254237	3098, 54981, 2645, 2538, 5313, 6794, 5213, 5211	40	784	16881	4.306377551020408	0.36405729761303685	0.022378150346502146	2.4217847582180596
GOTERM_MF_ALL	GO:0032559~adenyl ribonucleotide binding	11	27.500000000000004	0.0020078606502427774	3098, 54981, 2645, 5230, 47, 5313, 6794, 2203, 5213, 5091, 5211	40	1531	16881	3.0321848465055523	0.3801955332711683	0.02252115554073275	2.5575370327024727
GOTERM_BP_ALL	GO:0050708~regulation of protein secretion	6	15.0	0.0020249272056776747	5019, 2645, 6566, 5213, 5211, 6513	40	392	16792	6.4255102040816325	0.9367554900422251	0.0215035938750876	3.2737899276355287
GOTERM_BP_ALL	GO:0006099~tricarboxylic acid cycle	3	7.5	0.002051101052931505	23530, 1431, 50	40	29	16792	43.42758620689655	0.9389748091485185	0.02161048430473267	3.3154397733400676
GOTERM_BP_ALL	GO:0009058~biosynthetic process	25	62.5	0.002078220599351925	669, 2645, 5230, 226, 47, 2819, 5663, 6794, 5091, 6513, 38, 54981, 7167, 2538, 622, 2597, 5236, 3155, 5313, 2023, 441531, 2203, 6576, 2821, 2820	40	6320	16792	1.6606012658227849	0.941192258659616	0.02172550150192354	3.3585767222721774
GOTERM_MF_ALL	GO:0030554~adenyl nucleotide binding	11	27.500000000000004	0.0021183435775154764	3098, 54981, 2645, 5230, 47, 5313, 6794, 2203, 5213, 5091, 5211	40	1542	16881	3.0105544747081714	0.39631366263817425	0.022679790511615838	2.696499082537296
GOTERM_BP_ALL	GO:0048878~chemical homeostasis	9	22.5	0.002448218082986231	5019, 3098, 2645, 2538, 6566, 5663, 6794, 5213, 2821	40	1049	16792	3.6017159199237367	0.9645120281801769	0.02535428379620419	3.9453003952694576
GOTERM_BP_ALL	GO:0005976~polysaccharide metabolic process	4	10.0	0.0024491637974748365	2645, 2538, 5236, 5213	40	116	16792	14.475862068965519	0.9645578215634717	0.02517280411121736	3.9467957671745046
GOTERM_MF_ALL	GO:0046943~carboxylic acid transmembrane transporter activity	4	10.0	0.002472491036000806	9122, 9194, 6566, 6576	40	117	16881	14.428205128205128	0.4452188349105577	0.02529126768422829	3.1407037899686463
GOTERM_CC_ALL	GO:0044424~intracellular part	37	92.5	0.0024921008882070146	669, 2645, 5230, 23530, 1431, 2819, 5663, 6794, 5213, 5211, 6513, 38, 5019, 84693, 7167, 622, 2597, 6566, 3155, 441531, 2203, 728294, 3098, 130589, 226, 47, 5091, 137872, 2538, 5236, 5313, 2023, 6576, 2821, 50, 79944, 2820	39	13860	18224	1.2474340474340473	0.3837305547957126	0.019967578794142904	3.063964714216516
GOTERM_MF_ALL	GO:0016740~transferase activity	14	35.0	0.0025009714527527357	3098, 2645, 5230, 1431, 47, 6794, 5213, 5211, 38, 5019, 54981, 2538, 2597, 5313	40	2453	16881	2.4086220953933957	0.44897592485919413	0.024526578890814443	3.1763451916117957
GOTERM_BP_ALL	GO:0015758~glucose transport	4	10.0	0.0025096019238887795	3098, 2645, 2538, 6513	40	117	16792	14.352136752136753	0.96736513282786	0.02559385527772906	4.042315724019696
GOTERM_BP_ALL	GO:0008645~hexose transport	4	10.0	0.002633237985943811	3098, 2645, 2538, 6513	40	119	16792	14.1109243697479	0.9724347803192938	0.026640225523303918	4.237439577741043
GOTERM_BP_ALL	GO:0015749~monosaccharide transport	4	10.0	0.002633237985943811	3098, 2645, 2538, 6513	40	119	16792	14.1109243697479	0.9724347803192938	0.026640225523303918	4.237439577741043
GOTERM_BP_ALL	GO:0006110~regulation of glycolytic process	3	7.5	0.0026518635065917086	2645, 2819, 2203	40	33	16792	38.16363636363636	0.9731270649350352	0.0266288477938188	4.266802273463233
GOTERM_MF_ALL	GO:0005342~organic acid transmembrane transporter activity	4	10.0	0.0026566382484792075	9122, 9194, 6566, 6576	40	120	16881	14.0675	0.46906796648616544	0.025006866451321885	3.3709384576616097
GOTERM_MF_ALL	GO:0016772~transferase activity, transferring phosphorus-containing groups	9	22.5	0.0027916711604782057	3098, 54981, 2645, 2538, 5230, 5313, 6794, 5213, 5211	40	1077	16881	3.5266713091922006	0.4859048344924355	0.02526560917126508	3.539445815606901
GOTERM_BP_ALL	GO:0006629~lipid metabolic process	10	25.0	0.002873344135241448	84693, 2538, 47, 2819, 6566, 3155, 6794, 5091, 38, 2820	40	1330	16792	3.156390977443609	0.9801415945691223	0.028613238217795156	4.6153138621699785
GOTERM_MF_ALL	GO:0008028~monocarboxylic acid transmembrane transporter activity	3	7.5	0.0029490485487259125	9122, 9194, 6566	40	35	16881	36.17357142857143	0.5048579180743298	0.025697767426300033	3.73549474479995
GOTERM_BP_ALL	GO:0046942~carboxylic acid transport	5	12.5	0.003688624284099934	9122, 9194, 6566, 5663, 6576	40	275	16792	7.632727272727274	0.9934820461208503	0.03633233061144092	5.887962473615238
GOTERM_BP_ALL	GO:0010675~regulation of cellular carbohydrate metabolic process	4	10.0	0.0038376332148219554	669, 2645, 441531, 2203	40	136	16792	12.34705882352941	0.9946833482868265	0.03750425321926709	6.118834227152692
GOTERM_BP_ALL	GO:0051262~protein tetramerization	4	10.0	0.00399796025241954	226, 3155, 2203, 5211	40	138	16792	12.168115942028987	0.9957299760929899	0.03876582027925313	6.366647986905538
GOTERM_CC_ALL	GO:0005945~6-phosphofructokinase complex	2	5.0	0.004166091130086191	5213, 5211	39	2	18224	467.28205128205127	0.5551018646729532	0.031877255229921575	5.073345165872989
GOTERM_BP_ALL	GO:0006820~anion transport	6	15.0	0.00433841645629889	9122, 9194, 6566, 5663, 6576, 6513	40	468	16792	5.382051282051282	0.9973195701128847	0.04170797537220927	6.890847343649398
GOTERM_BP_ALL	GO:0009306~protein secretion	6	15.0	0.004377776765924571	5019, 2645, 6566, 5213, 5211, 6513	40	469	16792	5.370575692963753	0.9974600769358718	0.04178491407275742	6.951272242750395
GOTERM_BP_ALL	GO:0009108~coenzyme biosynthetic process	4	10.0	0.0044165081793723915	54981, 47, 6576, 38	40	143	16792	11.742657342657344	0.9975911520060707	0.04185492345162212	7.010695727685789
GOTERM_BP_ALL	GO:0051259~protein oligomerization	6	15.0	0.004537786214975919	226, 3155, 2203, 5213, 5211, 38	40	473	16792	5.325158562367864	0.9979594383806842	0.042685635721641524	7.196535543452409
GOTERM_MF_ALL	GO:0004368~glycerol-3-phosphate dehydrogenase activity	2	5.0	0.004615378460699228	2819, 2820	40	2	16881	422.02500000000003	0.66746255374879	0.03855847164639281	5.788855078303179
GOTERM_BP_ALL	GO:0010817~regulation of hormone levels	6	15.0	0.0046193448595645255	5019, 2645, 6566, 5213, 5211, 6513	40	475	16792	5.302736842105263	0.9981749064244894	0.043140555592853125	7.3213153331682435
GOTERM_MF_ALL	GO:0016301~kinase activity	8	20.0	0.004755931303003671	3098, 54981, 2645, 5230, 5313, 6794, 5213, 5211	40	924	16881	3.6538961038961038	0.6784530982761265	0.0383690665233547	5.960192473253311
GOTERM_BP_ALL	GO:0030073~insulin secretion	4	10.0	0.005139839024135689	5019, 2645, 5213, 5211	40	151	16792	11.120529801324505	0.9991048446292016	0.04757096185291476	8.113936217135908
GOTERM_BP_ALL	GO:0042594~response to starvation	4	10.0	0.005331167930731769	5019, 3155, 6513, 38	40	153	16792	10.97516339869281	0.9993111415342628	0.04897047489113804	8.403692912747218
GOTERM_CC_ALL	GO:0005622~intracellular	37	92.5	0.005347997326748958	669, 2645, 5230, 23530, 1431, 2819, 5663, 6794, 5213, 5211, 6513, 38, 5019, 84693, 7167, 622, 2597, 6566, 3155, 441531, 2203, 728294, 3098, 130589, 226, 47, 5091, 137872, 2538, 5236, 5313, 2023, 6576, 2821, 50, 79944, 2820	39	14216	18224	1.2161955470903136	0.6466498250979764	0.03922148854087726	6.468898072422524
GOTERM_CC_ALL	GO:0044441~ciliary part	5	12.5	0.005899338429764025	3098, 5663, 441531, 5213, 2821	39	350	18224	6.675457875457875	0.6826851574757569	0.041622341468672164	7.113425260722317
GOTERM_BP_ALL	GO:0008643~carbohydrate transport	4	10.0	0.005930775434231591	3098, 2645, 2538, 6513	40	159	16792	10.561006289308176	0.9996969960855991	0.05397997299332358	9.306215710940934
GOTERM_MF_ALL	GO:0005524~ATP binding	10	25.0	0.006038781617170479	3098, 54981, 2645, 5230, 47, 5313, 6794, 5213, 5091, 5211	40	1495	16881	2.8229096989966553	0.7634479791568091	0.04691663662193646	7.5107881412579625
GOTERM_BP_ALL	GO:0071705~nitrogen compound transport	7	17.5	0.006127918703715222	5019, 2645, 6566, 5663, 5213, 5211, 6513	40	725	16792	4.053241379310345	0.9997687249175327	0.05536032377729372	9.601124720833587
GOTERM_BP_ALL	GO:0009894~regulation of catabolic process	6	15.0	0.006171876864328186	669, 2645, 2819, 5663, 441531, 2203	40	509	16792	4.94852652259332	0.9997822459224389	0.05538132118990535	9.666759363137157
GOTERM_BP_ALL	GO:0032940~secretion by cell	8	20.0	0.006226641320811387	5019, 2645, 226, 6566, 5663, 5213, 5211, 6513	40	966	16792	3.4766045548654247	0.9997979910770239	0.05549593974643041	9.748466454466387
GOTERM_BP_ALL	GO:0009118~regulation of nucleoside metabolic process	3	7.5	0.006237325826858052	2645, 2819, 2203	40	51	16792	24.69411764705882	0.9998009276524981	0.055228596327532076	9.764399355769516
GOTERM_BP_ALL	GO:1903578~regulation of ATP metabolic process	3	7.5	0.006237325826858052	2645, 2819, 2203	40	51	16792	24.69411764705882	0.9998009276524981	0.055228596327532076	9.764399355769516
GOTERM_CC_ALL	GO:0009331~glycerol-3-phosphate dehydrogenase complex	2	5.0	0.006242794485133259	2819, 2820	39	3	18224	311.5213675213675	0.7032597993322007	0.042461379356405815	7.512863464332186
GOTERM_BP_ALL	GO:0009749~response to glucose	4	10.0	0.006460182150962439	5019, 2645, 5313, 5211	40	164	16792	10.239024390243902	0.9998533280225501	0.05678310668001063	10.096124637229465
GOTERM_MF_ALL	GO:0016830~carbon-carbon lyase activity	3	7.5	0.00665347291003268	226, 3155, 38	40	53	16881	23.88820754716981	0.7958332081754459	0.049960953774671024	8.245383737425128
GOTERM_MF_ALL	GO:0051287~NAD binding	3	7.5	0.00665347291003268	23530, 2597, 2819	40	53	16881	23.88820754716981	0.7958332081754459	0.049960953774671024	8.245383737425128
GOTERM_MF_ALL	GO:0003872~6-phosphofructokinase activity	2	5.0	0.0069152777584564245	5213, 5211	40	3	16881	281.35	0.808248148975807	0.05030180757408875	8.556619987121428
GOTERM_BP_ALL	GO:0009746~response to hexose	4	10.0	0.007017018956529872	5019, 2645, 5313, 5211	40	169	16792	9.936094674556212	0.9999316499979998	0.06114837128003636	10.9199865827327
GOTERM_BP_ALL	GO:0007584~response to nutrient	4	10.0	0.007247513425903341	5019, 6566, 3155, 5313	40	171	16792	9.819883040935672	0.9999501781829034	0.06270012472470288	11.258932975626868
GOTERM_BP_ALL	GO:0034284~response to monosaccharide	4	10.0	0.00760163665761162	5019, 2645, 5313, 5211	40	174	16792	9.650574712643678	0.999969353166076	0.06526002586489954	11.7773188455788
GOTERM_MF_ALL	GO:0032550~purine ribonucleoside binding	11	27.500000000000004	0.007871304858527753	3098, 54981, 2645, 5230, 47, 5313, 6794, 2203, 5213, 5091, 5211	40	1850	16881	2.5093378378378377	0.8475292357745536	0.05539970234064906	9.684902496821934
GOTERM_MF_ALL	GO:0032549~ribonucleoside binding	11	27.500000000000004	0.007960099311036174	3098, 54981, 2645, 5230, 47, 5313, 6794, 2203, 5213, 5091, 5211	40	1853	16881	2.5052752293577982	0.850742773469042	0.05440758172597582	9.789041359879036
GOTERM_MF_ALL	GO:0001883~purine nucleoside binding	11	27.500000000000004	0.007960099311036174	3098, 54981, 2645, 5230, 47, 5313, 6794, 2203, 5213, 5091, 5211	40	1853	16881	2.5052752293577982	0.850742773469042	0.05440758172597582	9.789041359879036
GOTERM_CC_ALL	GO:0036126~sperm flagellum	3	7.5	0.008107091388633011	3098, 441531, 5213	39	65	18224	21.566863905325445	0.7938571111425992	0.05299857386037321	9.65360753252803
GOTERM_MF_ALL	GO:0001882~nucleoside binding	11	27.500000000000004	0.008170350730859689	3098, 54981, 2645, 5230, 47, 5313, 6794, 2203, 5213, 5091, 5211	40	1860	16881	2.4958467741935486	0.8580855419532634	0.0542590594203789	10.035184466217817
GOTERM_BP_ALL	GO:0051188~cofactor biosynthetic process	4	10.0	0.008724992579998684	54981, 47, 6576, 38	40	183	16792	9.175956284153006	0.9999934469822404	0.07411364020396538	13.402995829835874
GOTERM_MF_ALL	GO:0032555~purine ribonucleotide binding	11	27.500000000000004	0.00892452169753417	3098, 54981, 2645, 5230, 47, 5313, 6794, 2203, 5213, 5091, 5211	40	1884	16881	2.464052547770701	0.8815863100560926	0.05754382499363564	10.913011274340956
GOTERM_BP_ALL	GO:0051289~protein homotetramerization	3	7.5	0.009103533534429135	226, 2203, 5211	40	62	16792	20.31290322580645	0.9999961049146393	0.0767404113154313	13.944438462533137
GOTERM_BP_ALL	GO:0009060~aerobic respiration	3	7.5	0.009103533534429135	23530, 1431, 50	40	62	16792	20.31290322580645	0.9999961049146393	0.0767404113154313	13.944438462533137
GOTERM_MF_ALL	GO:0004082~bisphosphoglycerate mutase activity	2	5.0	0.009209998944072935	669, 441531	40	4	16881	211.01250000000002	0.8894332892638579	0.05778066821622996	11.243229608981197
GOTERM_MF_ALL	GO:0046538~2,3-bisphosphoglycerate-dependent phosphoglycerate mutase activity	2	5.0	0.009209998944072935	669, 441531	40	4	16881	211.01250000000002	0.8894332892638579	0.05778066821622996	11.243229608981197
GOTERM_MF_ALL	GO:0004619~phosphoglycerate mutase activity	2	5.0	0.009209998944072935	669, 441531	40	4	16881	211.01250000000002	0.8894332892638579	0.05778066821622996	11.243229608981197
GOTERM_MF_ALL	GO:0017076~purine nucleotide binding	11	27.500000000000004	0.009355188177856456	3098, 54981, 2645, 5230, 47, 5313, 6794, 2203, 5213, 5091, 5211	40	1897	16881	2.4471665788086456	0.8932232450661787	0.057169555147043916	11.410739976328744
GOTERM_MF_ALL	GO:0032553~ribonucleotide binding	11	27.500000000000004	0.0094568407414696	3098, 54981, 2645, 5230, 47, 5313, 6794, 2203, 5213, 5091, 5211	40	1900	16881	2.4433026315789474	0.8957994696709689	0.05633645568283718	11.527846810273335
GOTERM_BP_ALL	GO:0035384~thioester biosynthetic process	3	7.5	0.009969718355245065	47, 6576, 38	40	65	16792	19.375384615384615	0.9999988163383932	0.08325224082971727	15.171441400514919
GOTERM_BP_ALL	GO:0071616~acyl-CoA biosynthetic process	3	7.5	0.009969718355245065	47, 6576, 38	40	65	16792	19.375384615384615	0.9999988163383932	0.08325224082971727	15.171441400514919
GOTERM_BP_ALL	GO:0065008~regulation of biological quality	16	40.0	0.010096355083068505	3098, 669, 2645, 23530, 226, 5663, 6794, 5213, 5091, 5211, 6513, 5019, 2538, 2597, 6566, 2821	40	3548	16792	1.8931228861330327	0.9999990055988293	0.08375865820800477	15.349447212094269
GOTERM_BP_ALL	GO:0006790~sulfur compound metabolic process	5	12.5	0.010579537250078333	84693, 47, 3155, 6576, 38	40	372	16792	5.64247311827957	0.9999994885897099	0.0870804398483086	16.0254105996107
GOTERM_BP_ALL	GO:0009743~response to carbohydrate	4	10.0	0.010804257514287837	5019, 2645, 5313, 5211	40	198	16792	8.480808080808082	0.9999996246738588	0.08832498033265401	16.33806029738857
GOTERM_BP_ALL	GO:0032024~positive regulation of insulin secretion	3	7.5	0.011179360838596785	5019, 2645, 5213	40	69	16792	18.252173913043478	0.9999997760939379	0.09072330281269647	16.857501519555782
GOTERM_MF_ALL	GO:0046912~transferase activity, transferring acyl groups, acyl groups converted into alkyl on transfer	2	5.0	0.011499553369577772	47, 1431	40	5	16881	168.81	0.9362478214212786	0.06650418397798019	13.851058942661432
GOTERM_MF_ALL	GO:0008865~fructokinase activity	2	5.0	0.011499553369577772	3098, 2645	40	5	16881	168.81	0.9362478214212786	0.06650418397798019	13.851058942661432
GOTERM_MF_ALL	GO:0004396~hexokinase activity	2	5.0	0.011499553369577772	3098, 2645	40	5	16881	168.81	0.9362478214212786	0.06650418397798019	13.851058942661432
GOTERM_MF_ALL	GO:0004083~bisphosphoglycerate 2-phosphatase activity	2	5.0	0.011499553369577772	669, 441531	40	5	16881	168.81	0.9362478214212786	0.06650418397798019	13.851058942661432
GOTERM_MF_ALL	GO:0016901~oxidoreductase activity, acting on the CH-OH group of donors, quinone or similar compound as acceptor	2	5.0	0.011499553369577772	2819, 2820	40	5	16881	168.81	0.9362478214212786	0.06650418397798019	13.851058942661432
GOTERM_MF_ALL	GO:0019158~mannokinase activity	2	5.0	0.011499553369577772	3098, 2645	40	5	16881	168.81	0.9362478214212786	0.06650418397798019	13.851058942661432
GOTERM_MF_ALL	GO:0004340~glucokinase activity	2	5.0	0.011499553369577772	3098, 2645	40	5	16881	168.81	0.9362478214212786	0.06650418397798019	13.851058942661432
GOTERM_MF_ALL	GO:0008509~anion transmembrane transporter activity	4	10.0	0.011544884600764974	9122, 9194, 6566, 6576	40	204	16881	8.275	0.9369398669582486	0.06518487860050781	13.901970679103181
GOTERM_BP_ALL	GO:0046351~disaccharide biosynthetic process	2	5.0	0.011560226729431597	2203, 6513	40	5	16792	167.92000000000002	0.9999998675081069	0.09313137167912389	17.381822763074318
GOTERM_BP_ALL	GO:0043456~regulation of pentose-phosphate shunt	2	5.0	0.011560226729431597	669, 441531	40	5	16792	167.92000000000002	0.9999998675081069	0.09313137167912389	17.381822763074318
GOTERM_BP_ALL	GO:0019725~cellular homeostasis	7	17.5	0.01176568937779354	5019, 3098, 2645, 23530, 226, 5663, 5213	40	833	16792	3.5277310924369747	0.9999999001789529	0.09416219390966307	17.66338312505864
GOTERM_BP_ALL	GO:0046903~secretion	8	20.0	0.0122206505723844	5019, 2645, 226, 6566, 5663, 5213, 5211, 6513	40	1098	16792	3.0586520947176687	0.9999999466859429	0.09707542385228707	18.283645776078895
GOTERM_MF_ALL	GO:0034416~bisphosphoglycerate phosphatase activity	2	5.0	0.013783952362930367	669, 441531	40	6	16881	140.675	0.9632420329086236	0.07563881211714396	16.38241361782423
GOTERM_BP_ALL	GO:0019563~glycerol catabolic process	2	5.0	0.013856596012167363	7167, 2820	40	6	16792	139.93333333333334	0.9999999944232514	0.10879407110135975	20.477914014463472
GOTERM_BP_ALL	GO:1903530~regulation of secretion by cell	6	15.0	0.014677556169552122	5019, 2645, 6566, 5213, 5211, 6513	40	630	16792	3.998095238095238	0.9999999982063108	0.11424883927376761	21.558087162900552
GOTERM_MF_ALL	GO:0008443~phosphofructokinase activity	2	5.0	0.01606320722899596	5213, 5211	40	7	16881	120.57857142857144	0.9788069359371522	0.08573041301975859	18.839531918187514
GOTERM_BP_ALL	GO:0006072~glycerol-3-phosphate metabolic process	2	5.0	0.01614776679500629	2819, 2820	40	7	16792	119.94285714285715	0.9999999997653121	0.1243344423135011	23.458154548378708
GOTERM_BP_ALL	GO:0019405~alditol catabolic process	2	5.0	0.01614776679500629	7167, 2820	40	7	16792	119.94285714285715	0.9999999997653121	0.1243344423135011	23.458154548378708
GOTERM_BP_ALL	GO:1902031~regulation of NADP metabolic process	2	5.0	0.01614776679500629	669, 441531	40	7	16792	119.94285714285715	0.9999999997653121	0.1243344423135011	23.458154548378708
GOTERM_CC_ALL	GO:0031090~organelle membrane	12	30.0	0.01637484706991852	3098, 622, 23530, 2597, 3155, 5663, 6576, 2821, 79944, 6513, 38, 2820	39	2646	18224	2.1191929763358335	0.9593605882427646	0.10126515435170502	18.609226405015768
GOTERM_BP_ALL	GO:0044765~single-organism transport	15	37.5	0.0176022376153177	3098, 2645, 23530, 226, 5663, 5213, 5211, 6513, 5019, 9122, 9194, 137872, 2538, 6566, 6576	40	3415	16792	1.8439238653001464	0.999999999968711	0.13409038304817333	25.29528369647447
GOTERM_BP_ALL	GO:0043467~regulation of generation of precursor metabolites and energy	3	7.5	0.01774438397554288	2645, 2819, 2203	40	88	16792	14.311363636363637	0.9999999999743081	0.13436247042350535	25.472588748746738
GOTERM_BP_ALL	GO:0090277~positive regulation of peptide hormone secretion	3	7.5	0.018125960873964852	5019, 2645, 5213	40	89	16792	14.15056179775281	0.9999999999848654	0.13632020939419853	25.94659315382173
GOTERM_MF_ALL	GO:0016885~ligase activity, forming carbon-carbon bonds	2	5.0	0.018337329245482707	5091, 38	40	8	16881	105.50625000000001	0.9877813893021098	0.09526118376895876	21.224586740492292
GOTERM_BP_ALL	GO:0019388~galactose catabolic process	2	5.0	0.018433750535830587	130589, 5236	40	8	16792	104.95000000000002	0.9999999999901255	0.1377355948950657	26.32687278386412
GOTERM_BP_ALL	GO:0052646~alditol phosphate metabolic process	2	5.0	0.018433750535830587	2819, 2820	40	8	16792	104.95000000000002	0.9999999999901255	0.1377355948950657	26.32687278386412
GOTERM_CC_ALL	GO:0044446~intracellular organelle part	25	62.5	0.019505943938209983	3098, 2645, 23530, 226, 1431, 47, 5663, 6794, 5091, 6513, 38, 5019, 84693, 137872, 2538, 622, 2597, 3155, 6566, 6576, 2821, 50, 79944, 2820, 728294	39	8233	18224	1.4189300719119742	0.978106093650607	0.1159801018795128	21.78204129839011
GOTERM_BP_ALL	GO:0002793~positive regulation of peptide secretion	3	7.5	0.01968690766445819	5019, 2645, 5213	40	93	16792	13.541935483870967	0.9999999999982667	0.14567859600348476	27.856318737414053
GOTERM_CC_ALL	GO:0045121~membrane raft	4	10.0	0.01980488748703588	3098, 5230, 5663, 6513	39	277	18224	6.747755253170416	0.9793637233651417	0.1142070296383525	22.07893954790501
GOTERM_CC_ALL	GO:0098857~membrane microdomain	4	10.0	0.019992564202587725	3098, 5230, 5663, 6513	39	278	18224	6.72348275225973	0.9801162654505771	0.11194608742949064	22.26480218743174
GOTERM_BP_ALL	GO:0051046~regulation of secretion	6	15.0	0.020131025088382853	5019, 2645, 6566, 5213, 5211, 6513	40	683	16792	3.687847730600293	0.999999999999065	0.14794584235814345	28.391158955253402
GOTERM_CC_ALL	GO:0044464~cell part	39	97.5	0.02027821533696645	669, 2645, 23530, 5230, 1431, 2819, 5663, 6794, 5213, 5211, 6513, 38, 5019, 9122, 9194, 84693, 7167, 622, 2597, 6566, 3155, 441531, 2203, 728294, 3098, 130589, 226, 47, 5091, 137872, 2538, 5236, 5313, 2023, 6576, 2821, 50, 79944, 2820	39	16449	18224	1.1079092953978964	0.9812095838769784	0.11032082818143207	22.54690968344225
GOTERM_BP_ALL	GO:1901360~organic cyclic compound metabolic process	22	55.00000000000001	0.02081874220839979	669, 3098, 2645, 5230, 23530, 226, 47, 2819, 5663, 5213, 5211, 38, 54981, 7167, 2538, 2597, 5236, 5313, 2023, 441531, 2203, 2821	40	6149	16792	1.5019677996422183	0.9999999999996406	0.1518355481773892	29.21201868150498
GOTERM_MF_ALL	GO:0022891~substrate-specific transmembrane transporter activity	7	17.5	0.021166366566890617	9122, 9194, 23530, 6566, 5663, 6576, 6513	40	954	16881	3.0966194968553458	0.99385227688819	0.10698178413593429	24.101362744602294
GOTERM_CC_ALL	GO:0005623~cell	39	97.5	0.02168364891988935	669, 2645, 23530, 5230, 1431, 2819, 5663, 6794, 5213, 5211, 6513, 38, 5019, 9122, 9194, 84693, 7167, 622, 2597, 6566, 3155, 441531, 2203, 728294, 3098, 130589, 226, 47, 5091, 137872, 2538, 5236, 5313, 2023, 6576, 2821, 50, 79944, 2820	39	16478	18224	1.105959461099648	0.9857771523015592	0.11441920969547914	23.921244034605316
GOTERM_MF_ALL	GO:0035639~purine ribonucleoside triphosphate binding	10	25.0	0.022016000716342417	3098, 54981, 2645, 5230, 47, 5313, 6794, 5213, 5091, 5211	40	1841	16881	2.292368278109723	0.9950001571456484	0.10879562041840007	24.94621914154286
GOTERM_CC_ALL	GO:0005929~cilium	5	12.5	0.022062559147124988	3098, 5663, 441531, 5213, 2821	39	517	18224	4.519168774487923	0.9868068564961024	0.11327806381504046	24.287911303142906
GOTERM_BP_ALL	GO:0032880~regulation of protein localization	7	17.5	0.022472105627159813	5019, 2645, 6566, 6794, 5213, 5211, 6513	40	962	16792	3.0546777546777544	0.999999999999964	0.1621299715871828	31.149460635041002
GOTERM_BP_ALL	GO:0042451~purine nucleoside biosynthetic process	3	7.5	0.022549280746329385	226, 5313, 38	40	100	16792	12.594	0.9999999999999677	0.16179971369895163	31.238667919224415
GOTERM_BP_ALL	GO:0046129~purine ribonucleoside biosynthetic process	3	7.5	0.022549280746329385	226, 5313, 38	40	100	16792	12.594	0.9999999999999677	0.16179971369895163	31.238667919224415
GOTERM_MF_ALL	GO:0050308~sugar-phosphatase activity	2	5.0	0.02287021973358949	2538, 2203	40	10	16881	84.405	0.9959389774047446	0.11055335303509273	25.786882015534673
GOTERM_BP_ALL	GO:0005984~disaccharide metabolic process	2	5.0	0.022990202608858732	2203, 6513	40	10	16792	83.96000000000001	0.9999999999999826	0.16387148186053024	31.746254687474142
GOTERM_BP_ALL	GO:0051260~protein homooligomerization	4	10.0	0.02384259451039789	226, 2203, 5211, 38	40	267	16792	6.289138576779026	0.9999999999999947	0.16860154151825113	32.71756257165009
GOTERM_MF_ALL	GO:0005536~glucose binding	2	5.0	0.025129010642816724	3098, 2645	40	11	16881	76.73181818181818	0.997658894938612	0.11855286839177748	27.968158226304595
GOTERM_MF_ALL	GO:0019203~carbohydrate phosphatase activity	2	5.0	0.025129010642816724	2538, 2203	40	11	16881	76.73181818181818	0.997658894938612	0.11855286839177748	27.968158226304595
GOTERM_MF_ALL	GO:0042803~protein homodimerization activity	6	15.0	0.025455860246682435	5019, 2819, 6566, 3155, 5213, 38	40	730	16881	3.468698630136986	0.9978384743282439	0.11771812989307506	28.278847015595588
GOTERM_MF_ALL	GO:0016791~phosphatase activity	4	10.0	0.026589901665597257	669, 2538, 441531, 2203	40	280	16881	6.028928571428572	0.9983616311706638	0.12039389789961685	29.347257532117677
GOTERM_MF_ALL	GO:0016861~intramolecular oxidoreductase activity, interconverting aldoses and ketoses	2	5.0	0.027382713581879853	7167, 2821	40	12	16881	70.3375	0.9986504399750337	0.1215252988506158	30.085446020903873
GOTERM_BP_ALL	GO:0043455~regulation of secondary metabolic process	2	5.0	0.027526043413297726	669, 441531	40	12	16792	69.96666666666667	1.0	0.19134311055799624	36.76756430256932
GOTERM_MF_ALL	GO:0097367~carbohydrate derivative binding	11	27.500000000000004	0.027830979547465974	3098, 54981, 2645, 5230, 47, 5313, 6794, 2203, 5213, 5091, 5211	40	2241	16881	2.0715194109772423	0.9987906749291083	0.12118986107587071	30.499672127099874
GOTERM_BP_ALL	GO:1902578~single-organism localization	15	37.5	0.028041299414019043	3098, 2645, 23530, 226, 5663, 5213, 5211, 6513, 5019, 9122, 9194, 137872, 2538, 6566, 6576	40	3614	16792	1.7423907028223575	1.0	0.193628613229346	37.31548888438835
GOTERM_BP_ALL	GO:0051223~regulation of protein transport	6	15.0	0.028184435057619535	5019, 2645, 6566, 5213, 5211, 6513	40	746	16792	3.376407506702413	1.0	0.19356347289484555	37.46690647364752
GOTERM_MF_ALL	GO:0043167~ion binding	17	42.5	0.028735201626352895	47, 6794, 5213, 5091, 5211, 38, 54981, 84693, 137872, 2538, 5236, 5313, 3155, 2023, 2203, 2820, 50	40	4386	16881	1.6357558139534882	0.9990309182234938	0.12271869216747922	31.328350247486313
GOTERM_BP_ALL	GO:0001678~cellular glucose homeostasis	3	7.5	0.028752541880008052	5019, 3098, 2645	40	114	16792	11.047368421052632	1.0	0.19613510757911945	38.064503930874984
GOTERM_MF_ALL	GO:0022857~transmembrane transporter activity	7	17.5	0.029764759537772564	9122, 9194, 23530, 6566, 5663, 6576, 6513	40	1032	16881	2.8625726744186046	0.9992471010873073	0.12469020138481324	32.260791155832344
GOTERM_BP_ALL	GO:0006012~galactose metabolic process	2	5.0	0.02978626297846857	130589, 5236	40	13	16792	64.58461538461539	1.0	0.20152898747225745	39.13815162257268
GOTERM_BP_ALL	GO:0046184~aldehyde biosynthetic process	2	5.0	0.02978626297846857	7167, 2821	40	13	16792	64.58461538461539	1.0	0.20152898747225745	39.13815162257268
GOTERM_BP_ALL	GO:0043471~regulation of cellular carbohydrate catabolic process	2	5.0	0.02978626297846857	669, 441531	40	13	16792	64.58461538461539	1.0	0.20152898747225745	39.13815162257268
GOTERM_MF_ALL	GO:0016616~oxidoreductase activity, acting on the CH-OH group of donors, NAD or NADP as acceptor	3	7.5	0.029870466108455215	137872, 622, 2819	40	117	16881	10.821153846153846	0.9992663738274802	0.122981745410358	32.35586247036327
GOTERM_BP_ALL	GO:0046887~positive regulation of hormone secretion	3	7.5	0.030161472209587405	5019, 2645, 5213	40	117	16792	10.764102564102563	1.0	0.20283744736193154	39.5235109271113
GOTERM_CC_ALL	GO:0031514~motile cilium	3	7.5	0.03045570406282381	3098, 441531, 5213	39	131	18224	10.701115678214915	0.997521863667634	0.1497024040095114	32.0046130428951
GOTERM_BP_ALL	GO:0042455~ribonucleoside biosynthetic process	3	7.5	0.031115870428027312	226, 5313, 38	40	119	16792	10.583193277310924	1.0	0.20762443237473838	40.49342583378913
GOTERM_BP_ALL	GO:0006000~fructose metabolic process	2	5.0	0.034291356998722614	226, 2203	40	15	16792	55.973333333333336	1.0	0.2254767140710735	43.61642347890899
GOTERM_BP_ALL	GO:0006085~acetyl-CoA biosynthetic process	2	5.0	0.034291356998722614	47, 38	40	15	16792	55.973333333333336	1.0	0.2254767140710735	43.61642347890899
GOTERM_BP_ALL	GO:0009312~oligosaccharide biosynthetic process	2	5.0	0.034291356998722614	2203, 6513	40	15	16792	55.973333333333336	1.0	0.2254767140710735	43.61642347890899
GOTERM_BP_ALL	GO:0010038~response to metal ion	4	10.0	0.034357690140987905	5313, 2203, 2821, 728294	40	308	16792	5.451948051948052	1.0	0.2248056511016997	43.679988215223744
GOTERM_BP_ALL	GO:0071702~organic substance transport	12	30.0	0.03540166755682297	5019, 9122, 3098, 2645, 9194, 2538, 6566, 5663, 5213, 6576, 5211, 6513	40	2657	16792	1.8959729017689122	1.0	0.22981432358723064	44.6715735685785
GOTERM_BP_ALL	GO:0009165~nucleotide biosynthetic process	4	10.0	0.0357809642165125	54981, 226, 5313, 38	40	313	16792	5.36485623003195	1.0	0.23093229167992557	45.02775701661861
GOTERM_BP_ALL	GO:0009163~nucleoside biosynthetic process	3	7.5	0.03606449962526558	226, 5313, 38	40	129	16792	9.762790697674419	1.0	0.23149062772468731	45.29260691063543
GOTERM_BP_ALL	GO:1901293~nucleoside phosphate biosynthetic process	4	10.0	0.03664951515896253	54981, 226, 5313, 38	40	316	16792	5.313924050632911	1.0	0.233754793122796	45.83528646167419
GOTERM_BP_ALL	GO:1901659~glycosyl compound biosynthetic process	3	7.5	0.037088688779080815	226, 5313, 38	40	131	16792	9.613740458015267	1.0	0.2351694392173288	46.239351807214256
GOTERM_CC_ALL	GO:0098589~membrane region	4	10.0	0.03715901411727124	3098, 5230, 5663, 6513	39	354	18224	5.280023178328263	0.9993549604178655	0.17578266108880092	37.64059720378491
GOTERM_MF_ALL	GO:0016854~racemase and epimerase activity	2	5.0	0.03857529848822881	84693, 130589	40	17	16881	49.650000000000006	0.9999141311373255	0.15396189580124886	39.77574792517431
GOTERM_MF_ALL	GO:0015075~ion transmembrane transporter activity	6	15.0	0.03870949346257095	9122, 9194, 23530, 6566, 5663, 6576	40	817	16881	3.099326805385557	0.9999169370220187	0.15197109022296584	39.884015337866074
GOTERM_MF_ALL	GO:0046872~metal ion binding	16	40.0	0.03932889156261088	47, 6794, 5213, 5091, 5211, 38, 54981, 84693, 137872, 5236, 5313, 3155, 2023, 2203, 2820, 50	40	4166	16881	1.6208353336533847	0.9999287498659448	0.15180383421693366	40.38141781800921
GOTERM_BP_ALL	GO:0070201~regulation of establishment of protein localization	6	15.0	0.039991604802353045	5019, 2645, 6566, 5213, 5211, 6513	40	820	16792	3.0717073170731704	1.0	0.2502525711364678	48.83984361488414
GOTERM_BP_ALL	GO:0015718~monocarboxylic acid transport	3	7.5	0.040227998075071485	9122, 9194, 6566	40	137	16792	9.192700729927008	1.0	0.2504357438641408	49.04632301524029
GOTERM_BP_ALL	GO:0006071~glycerol metabolic process	2	5.0	0.0410108042092697	7167, 2820	40	18	16792	46.64444444444445	1.0	0.253592852829877	49.72449791825595
GOTERM_MF_ALL	GO:0015293~symporter activity	3	7.5	0.04251263479683441	9122, 9194, 6566	40	142	16881	8.916021126760564	0.999967665486302	0.1607474881988542	42.87872839573347
GOTERM_BP_ALL	GO:0090407~organophosphate biosynthetic process	5	12.5	0.04279213335739831	54981, 7167, 226, 5313, 38	40	572	16792	3.66958041958042	1.0	0.2620738813806256	51.2362717780472
GOTERM_CC_ALL	GO:0097223~sperm part	3	7.5	0.04283899800869813	3098, 441531, 5213	39	158	18224	8.87244401168452	0.9997953135196298	0.19571023425502532	42.07638034555758
GOTERM_MF_ALL	GO:0043169~cation binding	16	40.0	0.043076161153186646	47, 6794, 5213, 5091, 5211, 38, 54981, 84693, 137872, 5236, 5313, 3155, 2023, 2203, 2820, 50	40	4213	16881	1.6027533823878473	0.9999718929688743	0.16025598691390763	43.31057126515447
GOTERM_BP_ALL	GO:0032026~response to magnesium ion	2	5.0	0.04324047981858418	2203, 728294	40	19	16792	44.189473684210526	1.0	0.2633246158959788	51.609991285961556
GOTERM_BP_ALL	GO:0046716~muscle cell cellular homeostasis	2	5.0	0.04324047981858418	226, 5213	40	19	16792	44.189473684210526	1.0	0.2633246158959788	51.609991285961556
GOTERM_MF_ALL	GO:0022892~substrate-specific transporter activity	7	17.5	0.04464183216024361	9122, 9194, 23530, 6566, 5663, 6576, 6513	40	1137	16881	2.598218997361477	0.9999809646621849	0.16321141463240085	44.49462391510735
GOTERM_BP_ALL	GO:0006461~protein complex assembly	8	20.0	0.04641310847118266	226, 3155, 6794, 2203, 5213, 5211, 6513, 38	40	1445	16792	2.324152249134948	1.0	0.2788531811893299	54.17868399346952
GOTERM_BP_ALL	GO:0070271~protein complex biogenesis	8	20.0	0.04655924484311865	226, 3155, 6794, 2203, 5213, 5211, 6513, 38	40	1446	16792	2.322544951590595	1.0	0.2784248188968075	54.29385990946969
GOTERM_BP_ALL	GO:0006139~nucleobase-containing compound metabolic process	20	50.0	0.04681482152336177	669, 3098, 2645, 5230, 23530, 226, 2819, 5663, 5213, 5211, 38, 54981, 7167, 2597, 5236, 5313, 2023, 441531, 2203, 2821	40	5794	16792	1.4490852606144289	1.0	0.27856487810107766	54.494636845695055
GOTERM_CC_ALL	GO:0031430~M band	2	5.0	0.04690227740311273	226, 2023	39	23	18224	40.633221850613154	0.9999103269850701	0.20783336912372086	45.06945235668375
GOTERM_BP_ALL	GO:0046174~polyol catabolic process	2	5.0	0.04768468787993423	7167, 2820	40	21	16792	39.98095238095238	1.0	0.28184870851498	55.1718005658274
GOTERM_BP_ALL	GO:0019400~alditol metabolic process	2	5.0	0.04768468787993423	7167, 2820	40	21	16792	39.98095238095238	1.0	0.28184870851498	55.1718005658274
GOTERM_BP_ALL	GO:0006811~ion transport	8	20.0	0.04833656014912523	9122, 2645, 9194, 23530, 6566, 5663, 6576, 6513	40	1458	16792	2.303429355281207	1.0	0.28398416405024585	55.673047207032575
GOTERM_CC_ALL	GO:0043209~myelin sheath	3	7.5	0.05092299707705	441531, 2821, 50	39	174	18224	8.056587091069849	0.9999605105280114	0.21909697434304243	47.890535422834866
GOTERM_CC_ALL	GO:0043233~organelle lumen	15	37.5	0.05490743371513344	2645, 226, 1431, 47, 6794, 5091, 38, 5019, 84693, 137872, 622, 3155, 2821, 50, 728294	39	4400	18224	1.593006993006993	0.9999825408395643	0.22960254078958975	50.55412993423194
GOTERM_MF_ALL	GO:0042578~phosphoric ester hydrolase activity	4	10.0	0.05555900845703955	669, 2538, 441531, 2203	40	376	16881	4.489627659574468	0.999998765164292	0.1970225043357241	52.13764061215886
GOTERM_BP_ALL	GO:0031329~regulation of cellular catabolic process	4	10.0	0.0566359187517484	669, 2819, 5663, 441531	40	377	16792	4.454111405835544	1.0	0.3237386574436376	61.61158224038432
GOTERM_BP_ALL	GO:0046483~heterocycle metabolic process	20	50.0	0.05749907416795404	669, 3098, 2645, 5230, 23530, 226, 2819, 5663, 5213, 5211, 38, 54981, 7167, 2597, 5236, 5313, 2023, 441531, 2203, 2821	40	5919	16792	1.4184828518330799	1.0	0.32656901101740554	62.18432253836204
GOTERM_BP_ALL	GO:0007267~cell-cell signaling	8	20.0	0.057719298415993534	5019, 2645, 6566, 5663, 6794, 5213, 5211, 6513	40	1517	16792	2.213843111404087	1.0	0.3263157257599	62.329160409270166
GOTERM_BP_ALL	GO:0030308~negative regulation of cell growth	3	7.5	0.059770281970096074	2023, 6794, 2203	40	171	16792	7.364912280701754	1.0	0.3346772245353057	63.65326609484371
GOTERM_CC_ALL	GO:0031974~membrane-enclosed lumen	15	37.5	0.06037028739379226	2645, 226, 1431, 47, 6794, 5091, 38, 5019, 84693, 137872, 622, 3155, 2821, 50, 728294	39	4457	18224	1.5726342313732935	0.9999943296765306	0.24492362901212417	54.00274895355113
GOTERM_BP_ALL	GO:0006725~cellular aromatic compound metabolic process	20	50.0	0.06186031083222405	669, 3098, 2645, 5230, 23530, 226, 2819, 5663, 5213, 5211, 38, 54981, 7167, 2597, 5236, 5313, 2023, 441531, 2203, 2821	40	5965	16792	1.4075440067057836	1.0	0.34305614843912224	64.95752814875866
GOTERM_BP_ALL	GO:0006084~acetyl-CoA metabolic process	2	5.0	0.06526123796359926	47, 38	40	29	16792	28.951724137931038	1.0	0.35719755661173413	66.9863136088151
GOTERM_CC_ALL	GO:0043231~intracellular membrane-bounded organelle	29	72.5	0.06530898446815969	2645, 23530, 1431, 2819, 5663, 6794, 6513, 38, 5019, 84693, 7167, 622, 2597, 6566, 3155, 441531, 728294, 3098, 226, 47, 5091, 137872, 2538, 2023, 6576, 2821, 50, 2820, 79944	39	11035	18224	1.2280180776782499	0.9999979601171582	0.25754036756172083	56.928613920565205
GOTERM_CC_ALL	GO:0044455~mitochondrial membrane part	3	7.5	0.06625629974410036	622, 23530, 79944	39	202	18224	6.93983244478294	0.999998324398108	0.25587098139725406	57.469877189377996
GOTERM_BP_ALL	GO:0048732~gland development	4	10.0	0.0736880946191254	3155, 5663, 6794, 38	40	421	16792	3.988598574821853	1.0	0.39275296759524425	71.54826898032489
GOTERM_BP_ALL	GO:0046395~carboxylic acid catabolic process	3	7.5	0.07449088680953594	84693, 3155, 38	40	194	16792	6.491752577319588	1.0	0.3947220929074431	71.9504892868802
GOTERM_BP_ALL	GO:0034641~cellular nitrogen compound metabolic process	21	52.5	0.07553633083305875	669, 3098, 2645, 5230, 23530, 226, 2819, 5663, 5213, 5211, 38, 54981, 7167, 2597, 5236, 5313, 2023, 441531, 2203, 6576, 2821	40	6505	16792	1.3552344350499617	1.0	0.39769040831780755	72.4662829093069
GOTERM_BP_ALL	GO:0098656~anion transmembrane transport	3	7.5	0.07582180639093795	9122, 9194, 6566	40	196	16792	6.4255102040816325	1.0	0.39744508367683473	72.60557271307917
GOTERM_BP_ALL	GO:0060612~adipose tissue development	2	5.0	0.07608563924079903	5019, 38	40	34	16792	24.69411764705882	1.0	0.3971120320673619	72.73371392687322
GOTERM_BP_ALL	GO:0032094~response to food	2	5.0	0.07608563924079903	2538, 6566	40	34	16792	24.69411764705882	1.0	0.3971120320673619	72.73371392687322
GOTERM_CC_ALL	GO:0031672~A band	2	5.0	0.07632925956529026	226, 2023	39	38	18224	24.59379217273954	0.9999997956690388	0.28456121182339555	62.85075562120765
GOTERM_BP_ALL	GO:0006807~nitrogen compound metabolic process	22	55.00000000000001	0.07868256286020361	669, 3098, 2645, 5230, 23530, 226, 2819, 5663, 5213, 5211, 38, 54981, 7167, 2597, 5236, 3155, 5313, 2023, 441531, 2203, 6576, 2821	40	6948	16792	1.329245826137018	1.0	0.40641429921041194	73.96533014496491
GOTERM_BP_ALL	GO:0051402~neuron apoptotic process	3	7.5	0.08122149924540303	2597, 5663, 2821	40	204	16792	6.173529411764705	1.0	0.41528417312477905	75.11878289997676
GOTERM_BP_ALL	GO:0044272~sulfur compound biosynthetic process	3	7.5	0.08122149924540303	47, 6576, 38	40	204	16792	6.173529411764705	1.0	0.41528417312477905	75.11878289997676
GOTERM_BP_ALL	GO:1900542~regulation of purine nucleotide metabolic process	3	7.5	0.08190481705852311	2645, 2819, 2203	40	205	16792	6.143414634146341	1.0	0.4165731853456792	75.4209199390837
GOTERM_MF_ALL	GO:0005215~transporter activity	7	17.5	0.08203977965309742	9122, 9194, 23530, 6566, 5663, 6576, 6513	40	1327	16881	2.2262057272042197	0.9999999985806842	0.2763029368259874	66.82694681697863
GOTERM_BP_ALL	GO:0055085~transmembrane transport	7	17.5	0.0825076902837878	9122, 9194, 23530, 6566, 5663, 6576, 6513	40	1322	16792	2.2228441754916792	1.0	0.41752907017247787	75.68462321013104
GOTERM_BP_ALL	GO:0006111~regulation of gluconeogenesis	2	5.0	0.08678787022090302	2645, 2203	40	39	16792	21.52820512820513	1.0	0.43289512824058074	77.4818277939676
GOTERM_BP_ALL	GO:0071822~protein complex subunit organization	8	20.0	0.08805146743108314	226, 3155, 6794, 2203, 5213, 5211, 6513, 38	40	1674	16792	2.0062126642771805	1.0	0.43629959545762276	77.98806243807124
GOTERM_BP_ALL	GO:0050714~positive regulation of protein secretion	3	7.5	0.08813509801907607	5019, 2645, 5213	40	214	16792	5.885046728971963	1.0	0.4351496952513937	78.02118738610538
GOTERM_CC_ALL	GO:0044445~cytosolic part	3	7.5	0.08852871116422927	2023, 5213, 5211	39	239	18224	5.8654650788542	0.9999999845068172	0.31792398229488195	68.5270442235868
GOTERM_BP_ALL	GO:0046164~alcohol catabolic process	2	5.0	0.0910348562522941	7167, 2820	40	41	16792	20.478048780487804	1.0	0.444695887329549	79.14121326896458
GOTERM_BP_ALL	GO:0044255~cellular lipid metabolic process	6	15.0	0.09193574835959616	84693, 2538, 47, 2819, 38, 2820	40	1043	16792	2.4149568552253116	1.0	0.446599494676152	79.47811864864846
GOTERM_BP_ALL	GO:0035338~long-chain fatty-acyl-CoA biosynthetic process	2	5.0	0.09315112636582545	47, 6576	40	42	16792	19.99047619047619	1.0	0.4496496152392847	79.92453990427367
GOTERM_BP_ALL	GO:0016054~organic acid catabolic process	3	7.5	0.09379001276244195	84693, 3155, 38	40	222	16792	5.672972972972973	1.0	0.45053998053568867	80.1555366107561
GOTERM_BP_ALL	GO:0010035~response to inorganic substance	4	10.0	0.09460730989821263	5313, 2203, 2821, 728294	40	469	16792	3.5803837953091686	1.0	0.45207656577118605	80.44740167886862
GOTERM_BP_ALL	GO:0046949~fatty-acyl-CoA biosynthetic process	2	5.0	0.0952625953813635	47, 6576	40	43	16792	19.525581395348837	1.0	0.45300796071231664	80.67849385281782
GOTERM_CC_ALL	GO:0070013~intracellular organelle lumen	14	35.0	0.09559153732006745	5019, 2645, 84693, 137872, 622, 47, 1431, 3155, 6794, 5091, 2821, 728294, 38, 50	39	4328	18224	1.5115408313190197	0.9999999965744069	0.33374523382098886	71.43696479980053
GOTERM_BP_ALL	GO:0065003~macromolecular complex assembly	8	20.0	0.09612132996359507	226, 3155, 6794, 2203, 5213, 5211, 6513, 38	40	1710	16792	1.9639766081871346	1.0	0.45466819494302346	80.97745241950769
GOTERM_BP_ALL	GO:1901137~carbohydrate derivative biosynthetic process	5	12.5	0.09695651807771682	7167, 226, 5313, 5663, 38	40	756	16792	2.7764550264550265	1.0	0.45622713089581335	81.26404208775742
GOTERM_BP_ALL	GO:0042180~cellular ketone metabolic process	3	7.5	0.09882363954534944	5019, 2819, 2821	40	229	16792	5.499563318777293	1.0	0.4614490566566989	81.89013517187395
