Category	Term	Count	%	PValue	Genes	List Total	Pop Hits	Pop Total	Fold Enrichment	Bonferroni	Benjamini	FDR
GOTERM_BP_ALL	GO:0045333~cellular respiration	18	60.0	3.8151275906221475E-27	1351, 9377, 3420, 1350, 1340, 1329, 1327, 4714, 6834, 54205, 6392, 3419, 6390, 6391, 1349, 1337, 1345, 3421	30	174	16792	57.90344827586206	2.3119673199170215E-24	2.3119673199170215E-24	5.642327667327741E-24
GOTERM_CC_ALL	GO:0044429~mitochondrial part	25	83.33333333333334	3.023725218900299E-26	1351, 3420, 1350, 51106, 131474, 6392, 23408, 3419, 6390, 6391, 1349, 1347, 64216, 1345, 5442, 9377, 1340, 1329, 4714, 1327, 6834, 54205, 1337, 3421, 51142	30	990	18224	15.34006734006734	2.8725389579552842E-24	2.8725389579552842E-24	3.323693278918781E-23
GOTERM_MF_ALL	GO:0009055~electron carrier activity	16	53.333333333333336	1.5036787216999564E-25	1351, 9377, 3420, 1350, 1340, 1329, 1327, 6834, 54205, 6392, 6390, 6391, 1349, 1337, 1347, 1345	30	119	16881	75.65714285714286	2.4359595291539294E-23	2.4359595291539294E-23	1.819526172079983E-22
GOTERM_BP_ALL	GO:0015980~energy derivation by oxidation of organic compounds	18	60.0	8.919416808016092E-24	1351, 9377, 3420, 1350, 1340, 1329, 1327, 4714, 6834, 54205, 6392, 3419, 6390, 6391, 1349, 1337, 1345, 3421	30	271	16792	37.17785977859778	5.405166585657752E-21	2.702583292828876E-21	1.3191242242068865E-20
GOTERM_BP_ALL	GO:0006091~generation of precursor metabolites and energy	19	63.33333333333333	4.213193705805476E-23	1351, 9377, 3420, 1350, 1340, 1329, 1327, 4899, 4714, 6834, 54205, 6392, 3419, 6390, 6391, 1349, 1337, 1345, 3421	30	379	16792	28.060510114335973	2.5531953857181183E-20	8.510651285727062E-21	6.23104178023066E-20
GOTERM_CC_ALL	GO:0070469~respiratory chain	14	46.666666666666664	6.510890369598117E-23	1351, 9377, 1350, 54205, 1329, 6392, 6390, 6391, 1349, 1327, 4714, 1337, 1347, 6834	30	96	18224	88.58888888888889	6.1853458511182116E-21	3.0926729255591058E-21	7.156801956058898E-20
GOTERM_CC_ALL	GO:0005739~mitochondrion	26	86.66666666666667	2.416628106947706E-22	1351, 3420, 1350, 51106, 131474, 6392, 23408, 3419, 6390, 6391, 1349, 1347, 64216, 1345, 5442, 9377, 1340, 1329, 4714, 1327, 6834, 835, 54205, 1337, 3421, 51142	30	1700	18224	9.290666666666667	2.2957967016003207E-20	7.65265567200107E-21	2.656369218506409E-19
GOTERM_BP_ALL	GO:0006119~oxidative phosphorylation	14	46.666666666666664	9.459153392606772E-22	9377, 1351, 1350, 1340, 1329, 4714, 1327, 6834, 54205, 6392, 6391, 1349, 1337, 1345	30	108	16792	72.55802469135803	5.732246955919704E-19	1.433061738979926E-19	1.3989477842836376E-18
GOTERM_BP_ALL	GO:0022904~respiratory electron transport chain	14	46.666666666666664	1.0729780649051316E-21	1351, 9377, 1350, 54205, 1340, 1329, 6392, 6390, 6391, 1349, 1327, 4714, 1337, 1345	30	109	16792	71.89235474006117	6.502247073325097E-19	1.3004494146650195E-19	1.5868653611825184E-18
GOTERM_MF_ALL	GO:0015002~heme-copper terminal oxidase activity	11	36.666666666666664	1.1391996204987246E-21	1351, 9377, 1350, 1340, 1329, 1349, 1327, 1337, 1347, 1345, 6834	30	30	16881	206.32333333333332	1.845503385207934E-19	9.22751692603967E-20	1.3784882999326106E-18
GOTERM_MF_ALL	GO:0016676~oxidoreductase activity, acting on a heme group of donors, oxygen as acceptor	11	36.666666666666664	1.1391996204987246E-21	1351, 9377, 1350, 1340, 1329, 1349, 1327, 1337, 1347, 1345, 6834	30	30	16881	206.32333333333332	1.845503385207934E-19	9.22751692603967E-20	1.3784882999326106E-18
GOTERM_MF_ALL	GO:0004129~cytochrome-c oxidase activity	11	36.666666666666664	1.1391996204987246E-21	1351, 9377, 1350, 1340, 1329, 1349, 1327, 1337, 1347, 1345, 6834	30	30	16881	206.32333333333332	1.845503385207934E-19	9.22751692603967E-20	1.3784882999326106E-18
GOTERM_BP_ALL	GO:0022900~electron transport chain	14	46.666666666666664	1.3755463978764336E-21	1351, 9377, 1350, 54205, 1340, 1329, 6392, 6390, 6391, 1349, 1327, 4714, 1337, 1345	30	111	16792	70.596996996997	8.335811171131187E-19	1.389301861855198E-19	2.034344412886478E-18
GOTERM_MF_ALL	GO:0016675~oxidoreductase activity, acting on a heme group of donors	11	36.666666666666664	1.6797794912900666E-21	1351, 9377, 1350, 1340, 1329, 1349, 1327, 1337, 1347, 1345, 6834	30	31	16881	199.66774193548386	2.721242775889908E-19	9.07080925296636E-20	2.032616877274233E-18
GOTERM_CC_ALL	GO:0005746~mitochondrial respiratory chain	13	43.333333333333336	3.556084752710718E-21	1351, 9377, 1350, 1329, 6392, 6390, 6391, 1349, 1327, 4714, 1337, 1347, 6834	30	88	18224	89.73939393939395	3.378280515075182E-19	8.445701287687955E-20	3.908865434587588E-18
GOTERM_BP_ALL	GO:0006123~mitochondrial electron transport, cytochrome c to oxygen	10	33.33333333333333	5.68763118474442E-21	1351, 9377, 54205, 1350, 1340, 1329, 1349, 1327, 1337, 1345	30	20	16792	279.8666666666666	3.4467044979551185E-18	4.923863568507312E-19	8.411639724480676E-18
GOTERM_BP_ALL	GO:0042775~mitochondrial ATP synthesis coupled electron transport	13	43.333333333333336	1.4457500350612292E-20	1351, 9377, 1350, 54205, 1340, 1329, 6392, 6391, 1349, 1327, 4714, 1337, 1345	30	91	16792	79.96190476190476	8.76124521247105E-18	1.0951556515588812E-18	2.138171064820343E-17
GOTERM_BP_ALL	GO:0042773~ATP synthesis coupled electron transport	13	43.333333333333336	1.6609201619005226E-20	1351, 9377, 1350, 54205, 1340, 1329, 6392, 6391, 1349, 1327, 4714, 1337, 1345	30	92	16792	79.09275362318841	1.0065176181117167E-17	1.1183529090130185E-18	2.45639380600258E-17
GOTERM_CC_ALL	GO:0005740~mitochondrial envelope	19	63.33333333333333	1.3477705300977235E-18	1351, 9377, 1350, 1340, 1329, 1327, 4714, 131474, 6834, 54205, 6392, 23408, 6390, 6391, 1349, 1337, 1347, 1345, 51142	30	732	18224	15.767577413479051	1.2803820035928373E-16	2.5607640071856746E-17	1.4814758379532206E-15
GOTERM_CC_ALL	GO:0005743~mitochondrial inner membrane	17	56.666666666666664	3.7707878473564476E-18	1351, 9377, 1350, 1340, 1329, 4714, 1327, 6834, 54205, 6392, 23408, 6390, 6391, 1349, 1337, 1347, 1345	30	499	18224	20.695257181028726	3.582248454988625E-16	5.970414091647709E-17	4.144868107111055E-15
GOTERM_MF_ALL	GO:0016491~oxidoreductase activity	19	63.33333333333333	9.352544304694656E-18	1351, 9377, 3420, 1350, 1340, 1329, 1327, 4714, 131474, 6834, 6392, 3419, 6390, 6391, 1349, 1337, 1347, 1345, 3421	30	757	16881	14.123249669749008	1.5151121773605342E-15	3.7877804434013355E-16	1.131704458695208E-14
GOTERM_CC_ALL	GO:0019866~organelle inner membrane	17	56.666666666666664	2.1532233639489967E-17	1351, 9377, 1350, 1340, 1329, 4714, 1327, 6834, 54205, 6392, 23408, 6390, 6391, 1349, 1337, 1347, 1345	30	557	18224	18.54027528426092	2.045562195751547E-15	2.9222317082164953E-16	2.3668334602742035E-14
GOTERM_CC_ALL	GO:0098803~respiratory chain complex	11	36.666666666666664	3.578062919851658E-17	1351, 9377, 1350, 1329, 6392, 6390, 6391, 1349, 4714, 1327, 1337	30	82	18224	81.48943089430894	3.399159773859075E-15	4.248949717323844E-16	3.933023941436257E-14
GOTERM_BP_ALL	GO:0046034~ATP metabolic process	14	46.666666666666664	4.8127982757126875E-17	9377, 1351, 1350, 1340, 1329, 4714, 1327, 6834, 54205, 6392, 6391, 1349, 1337, 1345	30	243	16792	32.2480109739369	2.9165557550818885E-14	2.9165557550818887E-15	7.117818270369462E-14
GOTERM_CC_ALL	GO:0044455~mitochondrial membrane part	13	43.333333333333336	1.0741499068369539E-16	1351, 9377, 1350, 1329, 6392, 6390, 6391, 1349, 1327, 4714, 1337, 1347, 6834	30	202	18224	39.09438943894389	1.0547118733938987E-14	1.2212453270876722E-15	1.2212453270876722E-13
GOTERM_BP_ALL	GO:0009205~purine ribonucleoside triphosphate metabolic process	14	46.666666666666664	1.648276528501596E-16	9377, 1351, 1350, 1340, 1329, 4714, 1327, 6834, 54205, 6392, 6391, 1349, 1337, 1345	30	267	16792	29.34931335830212	6.727951529228449E-14	6.106226635438361E-15	1.6653345369377348E-13
GOTERM_BP_ALL	GO:0009199~ribonucleoside triphosphate metabolic process	14	46.666666666666664	2.2021712143589284E-16	9377, 1351, 1350, 1340, 1329, 4714, 1327, 6834, 54205, 6392, 6391, 1349, 1337, 1345	30	273	16792	28.70427350427351	1.3455903058456897E-13	1.1213252548714081E-14	3.3306690738754696E-13
GOTERM_BP_ALL	GO:0009144~purine nucleoside triphosphate metabolic process	14	46.666666666666664	2.3096186800421565E-16	9377, 1351, 1350, 1340, 1329, 4714, 1327, 6834, 54205, 6392, 6391, 1349, 1337, 1345	30	274	16792	28.599513381995138	1.3455903058456897E-13	1.0325074129013956E-14	3.3306690738754696E-13
GOTERM_BP_ALL	GO:0009167~purine ribonucleoside monophosphate metabolic process	14	46.666666666666664	3.855263613341975E-16	9377, 1351, 1350, 1340, 1329, 4714, 1327, 6834, 54205, 6392, 6391, 1349, 1337, 1345	30	285	16792	27.495672514619887	2.0183854587685346E-13	1.4432899320127035E-14	4.884981308350689E-13
GOTERM_BP_ALL	GO:0009126~purine nucleoside monophosphate metabolic process	14	46.666666666666664	4.0349327972714753E-16	9377, 1351, 1350, 1340, 1329, 4714, 1327, 6834, 54205, 6392, 6391, 1349, 1337, 1345	30	286	16792	27.399533799533803	2.6911806116913795E-13	1.7985612998927536E-14	6.550315845288424E-13
GOTERM_CC_ALL	GO:0031966~mitochondrial membrane	17	56.666666666666664	6.404844190490892E-16	1351, 9377, 1350, 1340, 1329, 4714, 1327, 6834, 54205, 6392, 23408, 6390, 6391, 1349, 1337, 1347, 1345	30	691	18224	14.944910757356487	6.328271240363392E-14	6.328271240363392E-15	7.327471962526033E-13
GOTERM_BP_ALL	GO:0009141~nucleoside triphosphate metabolic process	14	46.666666666666664	6.588608698517122E-16	9377, 1351, 1350, 1340, 1329, 4714, 1327, 6834, 54205, 6392, 6391, 1349, 1337, 1345	30	297	16792	26.38473625140292	4.036770917537069E-13	2.5202062658991053E-14	9.880984919163893E-13
GOTERM_BP_ALL	GO:0009161~ribonucleoside monophosphate metabolic process	14	46.666666666666664	6.588608698517122E-16	9377, 1351, 1350, 1340, 1329, 4714, 1327, 6834, 54205, 6392, 6391, 1349, 1337, 1345	30	297	16792	26.38473625140292	4.036770917537069E-13	2.5202062658991053E-14	9.880984919163893E-13
GOTERM_BP_ALL	GO:0055114~oxidation-reduction process	19	63.33333333333333	1.0138592434429836E-15	1351, 3420, 9377, 1350, 1340, 1329, 1327, 4714, 131474, 6834, 54205, 6392, 3419, 6390, 6391, 1349, 1337, 1345, 3421	30	983	16792	10.818853848762291	6.055156376305604E-13	3.5638159090467525E-14	1.4765966227514582E-12
GOTERM_BP_ALL	GO:0009123~nucleoside monophosphate metabolic process	14	46.666666666666664	1.1973518505306499E-15	9377, 1351, 1350, 1340, 1329, 4714, 1327, 6834, 54205, 6392, 6391, 1349, 1337, 1345	30	311	16792	25.196998928188638	7.400746682151293E-13	4.107825191113079E-14	1.8096635301390052E-12
GOTERM_MF_ALL	GO:0015078~hydrogen ion transmembrane transporter activity	11	36.666666666666664	2.1432525791107674E-15	1351, 9377, 1350, 1340, 1329, 1349, 1327, 1337, 1347, 1345, 6834	30	113	16881	54.77610619469026	3.417266469796232E-13	6.838973831690964E-14	2.55351295663786E-12
GOTERM_BP_ALL	GO:1902600~hydrogen ion transmembrane transport	11	36.666666666666664	2.2582282520494412E-15	1351, 9377, 1350, 1340, 1329, 1349, 1327, 1337, 1347, 1345, 6834	30	113	16792	54.487315634218284	1.3455903058456897E-12	7.083222897108499E-14	3.2862601528904634E-12
GOTERM_CC_ALL	GO:0031967~organelle envelope	19	63.33333333333333	3.845741567572519E-15	1351, 9377, 1350, 1340, 1329, 1327, 4714, 131474, 6834, 54205, 6392, 23408, 6390, 6391, 1349, 1337, 1347, 1345, 51142	30	1149	18224	10.045140702059761	3.6914915568786455E-13	3.352873534367973E-14	4.274358644806853E-12
GOTERM_CC_ALL	GO:0031975~envelope	19	63.33333333333333	4.1387084689011665E-15	1351, 9377, 1350, 1340, 1329, 1327, 4714, 131474, 6834, 54205, 6392, 23408, 6390, 6391, 1349, 1337, 1347, 1345, 51142	30	1154	18224	10.001617562102831	3.902433931557425E-13	3.2529534621517087E-14	4.518607710224387E-12
GOTERM_BP_ALL	GO:0046128~purine ribonucleoside metabolic process	14	46.666666666666664	7.081714377356084E-15	9377, 1351, 1350, 1340, 1329, 4714, 1327, 6834, 54205, 6392, 6391, 1349, 1337, 1345	30	356	16792	22.011985018726595	4.305888978706207E-12	2.1527224447481785E-13	1.0513812043200232E-11
GOTERM_BP_ALL	GO:0042278~purine nucleoside metabolic process	14	46.666666666666664	7.864382707916251E-15	9377, 1351, 1350, 1340, 1329, 4714, 1327, 6834, 54205, 6392, 6391, 1349, 1337, 1345	30	359	16792	21.8280408542247	4.7768455857521985E-12	2.274846977456946E-13	1.1657341758564144E-11
GOTERM_BP_ALL	GO:0009119~ribonucleoside metabolic process	14	46.666666666666664	1.9215589045426762E-14	9377, 1351, 1350, 1340, 1329, 4714, 1327, 6834, 54205, 6392, 6391, 1349, 1337, 1345	30	385	16792	20.353939393939395	1.1639356145565216E-11	5.290212712338871E-13	2.8410607200157756E-11
GOTERM_BP_ALL	GO:0009116~nucleoside metabolic process	14	46.666666666666664	4.7472414025536165E-14	9377, 1351, 1350, 1340, 1329, 4714, 1327, 6834, 54205, 6392, 6391, 1349, 1337, 1345	30	413	16792	18.974011299435027	2.879563254509776E-11	1.251998504869789E-12	7.027711745877241E-11
GOTERM_BP_ALL	GO:0015992~proton transport	11	36.666666666666664	5.062213331421883E-14	1351, 9377, 1350, 1340, 1329, 1349, 1327, 1337, 1347, 1345, 6834	30	153	16792	40.24226579520697	3.0679458973281726E-11	1.2783107905534052E-12	7.487344078072056E-11
GOTERM_BP_ALL	GO:0006818~hydrogen transport	11	36.666666666666664	5.774085188059334E-14	1351, 9377, 1350, 1340, 1329, 1349, 1327, 1337, 1347, 1345, 6834	30	155	16792	39.72301075268817	3.498534795198793E-11	1.3994361225400098E-12	8.537615059367454E-11
GOTERM_BP_ALL	GO:1901657~glycosyl compound metabolic process	14	46.666666666666664	9.219613460546866E-14	9377, 1351, 1350, 1340, 1329, 4714, 1327, 6834, 54205, 6392, 6391, 1349, 1337, 1345	30	435	16792	18.0144061302682	5.5841997692596124E-11	2.1477264411373653E-12	1.3627987627273797E-10
GOTERM_CC_ALL	GO:0045277~respiratory chain complex IV	7	23.333333333333332	1.1426889017711756E-13	1351, 9377, 1350, 1329, 1349, 1327, 1337	30	17	18224	250.13333333333335	1.0852985177223218E-11	8.348877145181177E-13	1.2557732631535146E-10
GOTERM_CC_ALL	GO:0098800~inner mitochondrial membrane protein complex	10	33.33333333333333	3.952715878571487E-13	1351, 9377, 1350, 1329, 6392, 6390, 6391, 4714, 1327, 1337	30	133	18224	45.67418546365914	3.7547742692822794E-11	2.6819657605869907E-12	4.3445247399631626E-10
GOTERM_BP_ALL	GO:0009150~purine ribonucleotide metabolic process	14	46.666666666666664	8.955203677640468E-13	9377, 1351, 1350, 1340, 1329, 4714, 1327, 6834, 54205, 6392, 6391, 1349, 1337, 1345	30	520	16792	15.06974358974359	5.426765703475667E-10	2.0099144570906446E-11	1.3243961483055955E-9
GOTERM_BP_ALL	GO:0009117~nucleotide metabolic process	15	50.0	9.501879944006168E-13	1351, 9377, 3420, 1350, 1340, 1329, 4714, 1327, 6834, 54205, 6392, 6391, 1349, 1337, 1345	30	667	16792	12.587706146926537	5.758453713866629E-10	2.0565882330458862E-11	1.4053425090310157E-9
GOTERM_BP_ALL	GO:0006753~nucleoside phosphate metabolic process	15	50.0	1.116924970425585E-12	1351, 9377, 3420, 1350, 1340, 1329, 4714, 1327, 6834, 54205, 6392, 6391, 1349, 1337, 1345	30	675	16792	12.438518518518519	6.768319238403819E-10	2.3338997401367578E-11	1.6518009182675542E-9
GOTERM_BP_ALL	GO:0009259~ribonucleotide metabolic process	14	46.666666666666664	1.2840408342175847E-12	9377, 1351, 1350, 1340, 1329, 4714, 1327, 6834, 54205, 6392, 6391, 1349, 1337, 1345	30	535	16792	14.647227414330219	7.781548738705624E-10	2.593847359122492E-11	1.8990808925423153E-9
GOTERM_BP_ALL	GO:0006163~purine nucleotide metabolic process	14	46.666666666666664	1.7000958464003146E-12	9377, 1351, 1350, 1340, 1329, 4714, 1327, 6834, 54205, 6392, 6391, 1349, 1337, 1345	30	547	16792	14.325898842169408	1.0302512176707523E-9	3.3233860108339286E-11	2.5143109816383458E-9
GOTERM_BP_ALL	GO:0019693~ribose phosphate metabolic process	14	46.666666666666664	1.7803551734921202E-12	9377, 1351, 1350, 1340, 1329, 4714, 1327, 6834, 54205, 6392, 6391, 1349, 1337, 1345	30	549	16792	14.27370977534912	1.078894307227074E-9	3.371547485642168E-11	2.6330271296615138E-9
GOTERM_BP_ALL	GO:0055086~nucleobase-containing small molecule metabolic process	15	50.0	3.1045329461310925E-12	1351, 9377, 3420, 1350, 1340, 1329, 4714, 1327, 6834, 54205, 6392, 6391, 1349, 1337, 1345	30	728	16792	11.532967032967033	1.881337086118151E-9	5.7010174359106713E-11	4.591382829488566E-9
GOTERM_BP_ALL	GO:0072521~purine-containing compound metabolic process	14	46.666666666666664	3.1938027609596786E-12	9377, 1351, 1350, 1340, 1329, 4714, 1327, 6834, 54205, 6392, 6391, 1349, 1337, 1345	30	575	16792	13.628289855072463	1.935429816413148E-9	5.692435411930319E-11	4.723388347116497E-9
GOTERM_CC_ALL	GO:0098798~mitochondrial protein complex	10	33.33333333333333	3.313904822110365E-12	1351, 9377, 1350, 1329, 6392, 6390, 6391, 4714, 1327, 1337	30	168	18224	36.15873015873016	3.1482094708934483E-10	2.098810014672381E-11	3.642663948255631E-9
GOTERM_CC_ALL	GO:0005751~mitochondrial respiratory chain complex IV	6	20.0	9.049267093021252E-12	1351, 9377, 1350, 1329, 1327, 1337	30	13	18224	280.3692307692308	8.596851008846329E-10	5.3730353499759076E-11	9.947054291359336E-9
GOTERM_BP_ALL	GO:0009060~aerobic respiration	8	26.666666666666668	9.6593145402433E-12	3420, 6392, 6390, 3419, 6391, 1337, 6834, 3421	30	62	16792	72.22365591397849	5.853519668974627E-9	1.6724344131802127E-10	1.4285439497996322E-8
GOTERM_CC_ALL	GO:0070069~cytochrome complex	7	23.333333333333332	1.0051057851550767E-11	1351, 9377, 1350, 1329, 1349, 1327, 1337	30	33	18224	128.85656565656566	9.548517532209644E-10	5.6167737128021145E-11	1.1048184589412813E-8
GOTERM_BP_ALL	GO:0044281~small molecule metabolic process	19	63.33333333333333	1.349654581108418E-10	1351, 9377, 3420, 1350, 1340, 1329, 1327, 4714, 6834, 54205, 23408, 6392, 3419, 6390, 6391, 1349, 1337, 1345, 3421	30	1951	16792	5.451016572697762	8.178907950906478E-8	2.271918986274102E-9	1.9960524344497799E-7
GOTERM_MF_ALL	GO:0015077~monovalent inorganic cation transmembrane transporter activity	11	36.666666666666664	1.9812889361288732E-10	1351, 9377, 1350, 1340, 1329, 1349, 1327, 1337, 1347, 1345, 6834	30	353	16881	17.53456090651558	3.2096872604192583E-8	5.349478859884016E-9	2.397457787850499E-7
GOTERM_BP_ALL	GO:0019637~organophosphate metabolic process	15	50.0	8.317339584272094E-10	1351, 9377, 3420, 1350, 1340, 1329, 4714, 1327, 6834, 54205, 6392, 6391, 1349, 1337, 1345	30	1108	16792	7.577617328519857	5.04030619019602E-7	1.3622452499362225E-8	1.230080792780086E-6
GOTERM_BP_ALL	GO:0006099~tricarboxylic acid cycle	6	20.0	1.2325476734159522E-9	3420, 6392, 6390, 3419, 6391, 3421	30	29	16792	115.80689655172415	7.469235789869799E-7	1.9655890803882414E-8	1.822858430866603E-6
GOTERM_BP_ALL	GO:1901135~carbohydrate derivative metabolic process	15	50.0	3.881027202665745E-9	1351, 9377, 1350, 1340, 1329, 4714, 1327, 6834, 54205, 6392, 23408, 6391, 1349, 1337, 1345	30	1247	16792	6.732959101844426	2.3518997016580556E-6	6.030518961974707E-8	5.739788733194473E-6
GOTERM_BP_ALL	GO:0015672~monovalent inorganic cation transport	11	36.666666666666664	4.597085891993674E-9	1351, 9377, 1350, 1340, 1329, 1349, 1327, 1337, 1347, 1345, 6834	30	486	16792	12.668861454046638	2.7858302020788983E-6	6.964584964297416E-8	6.798793417139848E-6
GOTERM_MF_ALL	GO:0022890~inorganic cation transmembrane transporter activity	11	36.666666666666664	8.045602793666042E-9	1351, 9377, 1350, 1340, 1329, 1349, 1327, 1337, 1347, 1345, 6834	30	518	16881	11.949227799227799	1.3033867996004034E-6	1.8619821828824712E-7	9.735579742375933E-6
GOTERM_MF_ALL	GO:0008324~cation transmembrane transporter activity	11	36.666666666666664	4.16310091364828E-8	1351, 9377, 1350, 1340, 1329, 1349, 1327, 1337, 1347, 1345, 6834	30	616	16881	10.048214285714284	6.744200869879258E-6	8.430275961757161E-7	5.037558356013605E-5
GOTERM_BP_ALL	GO:0098662~inorganic cation transmembrane transport	11	36.666666666666664	5.821806263803635E-8	1351, 9377, 1350, 1340, 1329, 1349, 1327, 1337, 1347, 1345, 6834	30	635	16792	9.696167979002626	3.5279524621234515E-5	8.60491018994658E-7	8.610072550485626E-5
GOTERM_CC_ALL	GO:0044446~intracellular organelle part	28	93.33333333333333	6.105062033369516E-8	1351, 3420, 1350, 51106, 131474, 4899, 6392, 23408, 3419, 6390, 6391, 1349, 1347, 64216, 1345, 5442, 9377, 2551, 7528, 1340, 1329, 1327, 4714, 6834, 54205, 1337, 3421, 51142	30	8233	18224	2.0659621847038343	5.79979229020644E-6	3.2221156520684247E-7	6.71071145430524E-5
GOTERM_CC_ALL	GO:0044422~organelle part	28	93.33333333333333	1.0655135464301506E-7	1351, 3420, 1350, 51106, 131474, 4899, 6392, 23408, 3419, 6390, 6391, 1349, 1347, 64216, 1345, 5442, 9377, 2551, 7528, 1340, 1329, 1327, 4714, 6834, 54205, 1337, 3421, 51142	30	8415	18224	2.0212794612794616	1.012232799790791E-5	5.327566595658695E-7	1.171216982620571E-4
GOTERM_BP_ALL	GO:0098655~cation transmembrane transport	11	36.666666666666664	1.5084553356080625E-7	1351, 9377, 1350, 1340, 1329, 1349, 1327, 1337, 1347, 1345, 6834	30	703	16792	8.75827406353722	9.140822221465061E-5	2.176483350546654E-6	2.2309058395064696E-4
GOTERM_BP_ALL	GO:0098660~inorganic ion transmembrane transport	11	36.666666666666664	2.0093140664463975E-7	1351, 9377, 1350, 1340, 1329, 1349, 1327, 1337, 1347, 1345, 6834	30	725	16792	8.492505747126437	1.2175703165828722E-4	2.83172726156522E-6	2.9716418056269234E-4
GOTERM_MF_ALL	GO:0003824~catalytic activity	25	83.33333333333334	2.547850640313834E-7	9377, 3420, 1351, 1350, 1340, 1329, 51106, 1327, 131474, 4714, 6834, 835, 54205, 23408, 6392, 6390, 3419, 6391, 1349, 1337, 1347, 64216, 1345, 3421, 5442	30	6018	16881	2.337570621468927	4.127433382494772E-5	4.586121220784278E-6	3.083021858474311E-4
GOTERM_CC_ALL	GO:0031090~organelle membrane	17	56.666666666666664	3.834875975010529E-7	1351, 9377, 1350, 1340, 1329, 4714, 1327, 6834, 54205, 6392, 23408, 6390, 6391, 1349, 1337, 1347, 1345	30	2646	18224	3.9028470647518265	3.643066513092652E-5	1.8215647781261168E-6	4.2153060080263316E-4
GOTERM_CC_ALL	GO:0044444~cytoplasmic part	27	90.0	4.560884458434183E-7	1351, 3420, 1350, 317, 51106, 131474, 6392, 23408, 3419, 6390, 6391, 1349, 1347, 64216, 1345, 5442, 9377, 1340, 1329, 1327, 4714, 6834, 835, 54205, 1337, 3421, 51142	30	8090	18224	2.0273918417799752	4.3327473568610664E-5	2.0632555967070587E-6	5.013334671510883E-4
GOTERM_CC_ALL	GO:0043231~intracellular membrane-bounded organelle	30	100.0	4.7360724936980203E-7	1351, 3420, 1350, 317, 51106, 4899, 131474, 23408, 6392, 3419, 6390, 6391, 1349, 1347, 64216, 1345, 5442, 9377, 2551, 7528, 1340, 1329, 1327, 4714, 6834, 835, 54205, 1337, 3421, 51142	30	11035	18224	1.6514725872224738	4.49916871928524E-5	2.0451206064198146E-6	5.205901307703265E-4
GOTERM_MF_ALL	GO:0015075~ion transmembrane transporter activity	11	36.666666666666664	5.772351066556517E-7	1351, 9377, 1350, 1340, 1329, 1349, 1327, 1337, 1347, 1345, 6834	30	817	16881	7.576132190942472	9.350774213734425E-5	9.3511677033975E-6	6.98481001182305E-4
GOTERM_BP_ALL	GO:0007005~mitochondrion organization	10	33.33333333333333	9.583116957151558E-7	54205, 2551, 51106, 131474, 4714, 4899, 64216, 6834, 5442, 51142	30	653	16792	8.571720265441552	5.805685706465891E-4	1.3198484850041048E-5	0.001417271831660738
GOTERM_BP_ALL	GO:0006139~nucleobase-containing compound metabolic process	24	80.0	9.892687876086838E-7	1351, 3420, 9377, 2551, 1350, 7528, 1340, 1329, 317, 51106, 1327, 4899, 4714, 6834, 54205, 23408, 6392, 6391, 1349, 1337, 64216, 1345, 5442, 51142	30	5794	16792	2.318536416983086	5.993175192587907E-4	1.3322070855803503E-5	0.0014630547593652565
GOTERM_BP_ALL	GO:0046483~heterocycle metabolic process	24	80.0	1.5177074010778418E-6	1351, 3420, 9377, 2551, 1350, 7528, 1340, 1329, 317, 51106, 1327, 4899, 4714, 6834, 54205, 23408, 6392, 6391, 1349, 1337, 64216, 1345, 5442, 51142	30	5919	16792	2.269572562932928	9.193085597308803E-4	1.999396061813652E-5	0.0022445678811267022
GOTERM_BP_ALL	GO:0006725~cellular aromatic compound metabolic process	24	80.0	1.7716616982341886E-6	1351, 3420, 9377, 2551, 1350, 7528, 1340, 1329, 317, 51106, 1327, 4899, 4714, 6834, 54205, 23408, 6392, 6391, 1349, 1337, 64216, 1345, 5442, 51142	30	5965	16792	2.252070410729254	0.0010730518079091755	2.284288676079882E-5	0.0026201413912074756
GOTERM_MF_ALL	GO:0022891~substrate-specific transmembrane transporter activity	11	36.666666666666664	2.369417232184369E-6	1351, 9377, 1350, 1340, 1329, 1349, 1327, 1337, 1347, 1345, 6834	30	954	16881	6.488155136268343	3.837723868928E-4	3.4894486297010197E-5	0.0028670751993753463
GOTERM_BP_ALL	GO:0034220~ion transmembrane transport	11	36.666666666666664	2.704245217453732E-6	1351, 9377, 1350, 1340, 1329, 1349, 1327, 1337, 1347, 1345, 6834	30	963	16792	6.393631014191762	0.001637432759342361	3.4140559230788625E-5	0.003999329711013022
GOTERM_BP_ALL	GO:0044710~single-organism metabolic process	20	66.66666666666666	2.8413945217068566E-6	1351, 3420, 9377, 1350, 1340, 1329, 1327, 4714, 131474, 6834, 54205, 23408, 6392, 3419, 6390, 6391, 1349, 1337, 1345, 3421	30	4063	16792	2.75527114611535	0.0017204059285901296	3.5139944341233686E-5	0.004202156931842893
GOTERM_BP_ALL	GO:0006812~cation transport	11	36.666666666666664	3.0232387574403826E-6	1351, 9377, 1350, 1340, 1329, 1349, 1327, 1337, 1347, 1345, 6834	30	975	16792	6.3149401709401705	0.0018304082123128396	3.6641037829410195E-5	0.004471081955192968
GOTERM_BP_ALL	GO:1901360~organic cyclic compound metabolic process	24	80.0	3.2424910855000358E-6	1351, 3420, 9377, 2551, 1350, 7528, 1340, 1329, 317, 51106, 1327, 4899, 4714, 6834, 54205, 23408, 6392, 6391, 1349, 1337, 64216, 1345, 5442, 51142	30	6149	16792	2.1846804358432266	0.0019630235276162367	3.85277437383591E-5	0.004795328000917198
GOTERM_CC_ALL	GO:0098796~membrane protein complex	11	36.666666666666664	3.46468895487816E-6	1351, 9377, 1350, 1329, 6392, 6390, 6391, 1349, 4714, 1327, 1337	30	1074	18224	6.221725636250776	3.2909185829610443E-4	1.4310594163569057E-5	0.0038083368132380002
GOTERM_MF_ALL	GO:0022857~transmembrane transporter activity	11	36.666666666666664	4.799766910263316E-6	1351, 9377, 1350, 1340, 1329, 1349, 1327, 1337, 1347, 1345, 6834	30	1032	16881	5.997771317829457	7.772618808954412E-4	6.479490951305511E-5	0.005807802382606919
GOTERM_BP_ALL	GO:1901564~organonitrogen compound metabolic process	15	50.0	5.308901411885592E-6	1351, 9377, 3420, 1350, 1340, 1329, 4714, 1327, 6834, 54205, 6392, 6391, 1349, 1337, 1345	30	2221	16792	3.780279153534444	0.0032120331440527172	6.186737066493642E-5	0.007851235430855752
GOTERM_CC_ALL	GO:0005758~mitochondrial intermembrane space	5	16.666666666666664	6.128259913343269E-6	54205, 1340, 23408, 131474, 51142	30	76	18224	39.96491228070175	5.820170379978729E-4	2.42574756018632E-5	0.006736006482932488
GOTERM_BP_ALL	GO:0055085~transmembrane transport	12	40.0	6.33180059582886E-6	1351, 9377, 1350, 1340, 1329, 1349, 131474, 1327, 1337, 1347, 1345, 6834	30	1322	16792	5.080786686838125	0.0038297311114249277	7.239517762402947E-5	0.009363915945392876
GOTERM_CC_ALL	GO:0043229~intracellular organelle	30	100.0	6.857453487219876E-6	1351, 3420, 1350, 317, 51106, 4899, 131474, 23408, 6392, 3419, 6390, 6391, 1349, 1347, 64216, 1345, 5442, 9377, 2551, 7528, 1340, 1329, 1327, 4714, 6834, 835, 54205, 1337, 3421, 51142	30	12099	18224	1.5062401851392677	6.512481607745535E-4	2.605807308142527E-5	0.007537487561137812
GOTERM_MF_ALL	GO:0004449~isocitrate dehydrogenase (NAD+) activity	3	10.0	8.539713230291786E-6	3420, 3419, 3421	30	3	16881	562.7	0.0013824829391974047	1.0641275702327757E-4	0.010332988721406533
GOTERM_CC_ALL	GO:0043227~membrane-bounded organelle	30	100.0	8.918303997707537E-6	1351, 3420, 1350, 317, 51106, 4899, 131474, 23408, 6392, 3419, 6390, 6391, 1349, 1347, 64216, 1345, 5442, 9377, 2551, 7528, 1340, 1329, 1327, 4714, 6834, 835, 54205, 1337, 3421, 51142	30	12209	18224	1.4926693422884756	8.468838490539587E-4	3.2585725141975885E-5	0.009802605801934039
GOTERM_CC_ALL	GO:0031970~organelle envelope lumen	5	16.666666666666664	9.135836493403737E-6	54205, 1340, 23408, 131474, 51142	30	84	18224	36.15873015873016	8.67531907830621E-4	3.2144240081910525E-5	0.010041696998819294
GOTERM_BP_ALL	GO:0034641~cellular nitrogen compound metabolic process	24	80.0	9.813787094080209E-6	1351, 3420, 9377, 2551, 1350, 7528, 1340, 1329, 317, 51106, 1327, 4899, 4714, 6834, 54205, 23408, 6392, 6391, 1349, 1337, 64216, 1345, 5442, 51142	30	6505	16792	2.065119139123751	0.005929534667134084	1.1012697560275342E-4	0.014512976201452865
GOTERM_MF_ALL	GO:0022892~substrate-specific transporter activity	11	36.666666666666664	1.1342997265529909E-5	1351, 9377, 1350, 1340, 1329, 1349, 1327, 1337, 1347, 1345, 6834	30	1137	16881	5.443887423043095	0.0018358886697910082	1.3124681344411915E-4	0.013724727759645283
GOTERM_BP_ALL	GO:0044238~primary metabolic process	29	96.66666666666667	1.1475744369506862E-5	1351, 3420, 1350, 317, 51106, 4899, 131474, 6392, 23408, 3419, 6390, 6391, 1349, 64216, 1345, 5442, 9377, 2551, 7528, 1340, 1329, 1327, 4714, 6834, 835, 54205, 1337, 3421, 51142	30	10243	16792	1.5847180188095937	0.006930215519812433	1.2643456995131697E-4	0.016970543070582433
GOTERM_CC_ALL	GO:0045283~fumarate reductase complex	3	10.0	1.4641490908160592E-5	6392, 6390, 6391	30	4	18224	455.6	0.0013899848939872284	4.967561680790933E-5	0.016092819894797383
GOTERM_CC_ALL	GO:0005749~mitochondrial respiratory chain complex II, succinate dehydrogenase complex (ubiquinone)	3	10.0	1.4641490908160592E-5	6392, 6390, 6391	30	4	18224	455.6	0.0013899848939872284	4.967561680790933E-5	0.016092819894797383
GOTERM_CC_ALL	GO:0045273~respiratory chain complex II	3	10.0	1.4641490908160592E-5	6392, 6390, 6391	30	4	18224	455.6	0.0013899848939872284	4.967561680790933E-5	0.016092819894797383
GOTERM_CC_ALL	GO:0045257~succinate dehydrogenase complex (ubiquinone)	3	10.0	1.4641490908160592E-5	6392, 6390, 6391	30	4	18224	455.6	0.0013899848939872284	4.967561680790933E-5	0.016092819894797383
GOTERM_CC_ALL	GO:0045281~succinate dehydrogenase complex	3	10.0	1.4641490908160592E-5	6392, 6390, 6391	30	4	18224	455.6	0.0013899848939872284	4.967561680790933E-5	0.016092819894797383
GOTERM_MF_ALL	GO:0000104~succinate dehydrogenase activity	3	10.0	1.706121434482518E-5	6392, 6390, 6391	30	4	16881	422.02500000000003	0.0027601241357216866	1.842457114753504E-4	0.020642964572448186
GOTERM_BP_ALL	GO:0016310~phosphorylation	14	46.666666666666664	3.263220108092503E-5	9377, 1351, 1350, 1340, 1329, 4714, 1327, 6834, 54205, 6392, 6391, 1349, 1337, 1345	30	2229	16792	3.515597427845073	0.01958118514605489	3.5307045086097055E-4	0.04825006429217682
GOTERM_BP_ALL	GO:0006807~nitrogen compound metabolic process	24	80.0	3.507921513844892E-5	1351, 3420, 9377, 2551, 1350, 7528, 1340, 1329, 317, 51106, 1327, 4899, 4714, 6834, 54205, 23408, 6392, 6391, 1349, 1337, 64216, 1345, 5442, 51142	30	6948	16792	1.9334484743811169	0.0210340106407213	3.728844479681248E-4	0.05186735112704399
GOTERM_BP_ALL	GO:0071704~organic substance metabolic process	29	96.66666666666667	3.715908043433831E-5	1351, 3420, 1350, 317, 51106, 4899, 131474, 6392, 23408, 3419, 6390, 6391, 1349, 64216, 1345, 5442, 9377, 2551, 7528, 1340, 1329, 1327, 4714, 6834, 835, 54205, 1337, 3421, 51142	30	10707	16792	1.5160424644313688	0.022267165021657265	3.881801753853331E-4	0.0549418060969975
GOTERM_MF_ALL	GO:0005215~transporter activity	11	36.666666666666664	4.354498254056863E-5	1351, 9377, 1350, 1340, 1329, 1349, 1327, 1337, 1347, 1345, 6834	30	1327	16881	4.664431047475508	0.0070296166059988785	4.4080536459467634E-4	0.052678865517274964
GOTERM_CC_ALL	GO:0005759~mitochondrial matrix	7	23.333333333333332	4.678540504969892E-5	3420, 23408, 3419, 51106, 64216, 3421, 5442	30	425	18224	10.005333333333333	0.0044348543162212595	1.532543744684478E-4	0.05141472301604111
GOTERM_CC_ALL	GO:0005737~cytoplasm	28	93.33333333333333	5.1215819412895647E-5	1351, 3420, 1350, 317, 51106, 131474, 23408, 6392, 3419, 6390, 6391, 1349, 1347, 64216, 1345, 5442, 9377, 7528, 1340, 1329, 1327, 4714, 6834, 835, 54205, 1337, 3421, 51142	30	10775	18224	1.578567672080433	0.004853809453709723	1.6217442976651508E-4	0.05628227188292367
GOTERM_MF_ALL	GO:0004448~isocitrate dehydrogenase activity	3	10.0	5.952346449663626E-5	3420, 3419, 3421	30	7	16881	241.15714285714287	0.009596742761689092	5.670796346086693E-4	0.07200256713585373
GOTERM_CC_ALL	GO:0043226~organelle	30	100.0	7.767404810488055E-5	1351, 3420, 1350, 317, 51106, 4899, 131474, 23408, 6392, 3419, 6390, 6391, 1349, 1347, 64216, 1345, 5442, 9377, 2551, 7528, 1340, 1329, 1327, 4714, 6834, 835, 54205, 1337, 3421, 51142	30	13154	18224	1.3854340884901932	0.007352160823479115	2.3801428831515814E-4	0.08534656177702216
GOTERM_BP_ALL	GO:0008152~metabolic process	29	96.66666666666667	9.055365427044454E-5	1351, 3420, 1350, 317, 51106, 4899, 131474, 6392, 23408, 3419, 6390, 6391, 1349, 64216, 1345, 5442, 9377, 2551, 7528, 1340, 1329, 1327, 4714, 6834, 835, 54205, 1337, 3421, 51142	30	11075	16792	1.4656674191121144	0.05339937308279741	9.29703138108362E-4	0.13383943383152852
GOTERM_MF_ALL	GO:0048037~cofactor binding	6	20.0	9.213522157191136E-5	3420, 6392, 23408, 6390, 3419, 3421	30	273	16881	12.367032967032968	0.014815744160286637	8.28911459470838E-4	0.11143121419254776
GOTERM_BP_ALL	GO:0044237~cellular metabolic process	28	93.33333333333333	9.909415961519461E-5	1351, 3420, 1350, 317, 51106, 4899, 6392, 23408, 3419, 6390, 6391, 1349, 64216, 1345, 5442, 9377, 2551, 7528, 1340, 1329, 1327, 4714, 6834, 835, 54205, 1337, 3421, 51142	30	10202	16792	1.5362216558844672	0.05828635449105102	0.0010003998706998862	0.14645378486359828
GOTERM_MF_ALL	GO:0051287~NAD binding	4	13.333333333333334	1.0078980796589861E-4	3420, 23408, 3419, 3421	30	53	16881	42.467924528301886	0.016196180064714794	8.590398554592094E-4	0.12189248665402941
GOTERM_BP_ALL	GO:0006811~ion transport	11	36.666666666666664	1.0148029896579823E-4	1351, 9377, 1350, 1340, 1329, 1349, 1327, 1337, 1347, 1345, 6834	30	1458	16792	4.222953818015546	0.05964722517393095	0.0010076916383321421	0.14997785404230468
GOTERM_BP_ALL	GO:0006796~phosphate-containing compound metabolic process	15	50.0	2.3059501269773687E-4	1351, 9377, 3420, 1350, 1340, 1329, 4714, 1327, 6834, 54205, 6392, 6391, 1349, 1337, 1345	30	3083	16792	2.7233214401556927	0.13043021697679436	0.0022516015259916866	0.34049348088951437
GOTERM_BP_ALL	GO:0006793~phosphorus metabolic process	15	50.0	2.355699189166692E-4	1351, 9377, 3420, 1350, 1340, 1329, 4714, 1327, 6834, 54205, 6392, 6391, 1349, 1337, 1345	30	3089	16792	2.718031725477501	0.13304845158149337	0.002263659255765327	0.34782743393517723
GOTERM_CC_ALL	GO:0044424~intracellular part	30	100.0	3.543366646741823E-4	1351, 3420, 1350, 317, 51106, 4899, 131474, 23408, 6392, 3419, 6390, 6391, 1349, 1347, 64216, 1345, 5442, 9377, 2551, 7528, 1340, 1329, 1327, 4714, 6834, 835, 54205, 1337, 3421, 51142	30	13860	18224	1.3148629148629147	0.033107490446672605	0.0010515700994561117	0.388799793260608
GOTERM_CC_ALL	GO:1990204~oxidoreductase complex	4	13.333333333333334	6.610994952642334E-4	6392, 6390, 6391, 4714	30	108	18224	22.498765432098764	0.06089240455521683	0.0019019835143968544	0.7242883479939732
GOTERM_CC_ALL	GO:0005622~intracellular	30	100.0	7.39854733673174E-4	1351, 3420, 1350, 317, 51106, 4899, 131474, 23408, 6392, 3419, 6390, 6391, 1349, 1347, 64216, 1345, 5442, 9377, 2551, 7528, 1340, 1329, 1327, 4714, 6834, 835, 54205, 1337, 3421, 51142	30	14216	18224	1.2819358469330333	0.06789724042472622	0.0020658694223864016	0.8102524830765789
GOTERM_CC_ALL	GO:0043234~protein complex	15	50.0	0.0020708938664525545	1351, 9377, 1350, 7528, 1329, 317, 4714, 4899, 1327, 54205, 6392, 6390, 6391, 1349, 1337	30	4118	18224	2.212724623603691	0.17875919661251027	0.005611024995423541	2.2529305537118405
GOTERM_CC_ALL	GO:0042645~mitochondrial nucleoid	3	10.0	0.0023200833727884686	51106, 64216, 5442	30	45	18224	40.49777777777778	0.19801389680247694	0.006110808124873857	2.520890998631853
GOTERM_CC_ALL	GO:0009295~nucleoid	3	10.0	0.0025283592181684317	51106, 64216, 5442	30	47	18224	38.774468085106385	0.21376400775921656	0.006478874700181603	2.7443433527441163
GOTERM_CC_ALL	GO:0032991~macromolecular complex	16	53.333333333333336	0.00358493489236502	1351, 9377, 2551, 1350, 7528, 1329, 317, 4714, 4899, 1327, 54205, 6392, 6390, 6391, 1349, 1337	30	4868	18224	1.9966036702273349	0.28906959425986845	0.008938254588502947	3.8707532134439226
GOTERM_MF_ALL	GO:0050662~coenzyme binding	4	13.333333333333334	0.0038369061063700184	3420, 23408, 3419, 3421	30	185	16881	12.166486486486486	0.46354592303219677	0.03065889927491805	4.545240658921291
GOTERM_CC_ALL	GO:0031974~membrane-enclosed lumen	15	50.0	0.004537861450971417	3420, 2551, 7528, 1340, 51106, 131474, 4899, 54205, 23408, 6390, 3419, 64216, 3421, 5442, 51142	30	4457	18224	2.0444245007852815	0.35084121805150836	0.011017776198995577	4.876478216726843
GOTERM_MF_ALL	GO:0016627~oxidoreductase activity, acting on the CH-CH group of donors	3	10.0	0.004741888655946431	6392, 6390, 6391	30	60	16881	28.135	0.5369929816798582	0.03600318554873594	5.589292262654977
GOTERM_MF_ALL	GO:0008177~succinate dehydrogenase (ubiquinone) activity	2	6.666666666666667	0.005145178849385902	6392, 6390	30	3	16881	375.1333333333333	0.5664164030173766	0.03727264716235712	6.051173091800022
GOTERM_BP_ALL	GO:0006391~transcription initiation from mitochondrial promoter	2	6.666666666666667	0.005172403528157123	64216, 5442	30	3	16792	373.15555555555557	0.956830065588076	0.04791722238889751	7.382773724032976
GOTERM_MF_ALL	GO:0016635~oxidoreductase activity, acting on the CH-CH group of donors, quinone or related compound as acceptor	2	6.666666666666667	0.006854551394313769	6392, 6390	30	4	16881	281.34999999999997	0.6718421649411368	0.0472913227562789	7.98596470348143
GOTERM_BP_ALL	GO:0006121~mitochondrial electron transport, succinate to ubiquinone	2	6.666666666666667	0.006890790585098537	6392, 6391	30	4	16792	279.8666666666667	0.9848578476655092	0.06243176201210621	9.720799663845236
GOTERM_MF_ALL	GO:0000179~rRNA (adenine-N6,N6-)-dimethyltransferase activity	2	6.666666666666667	0.008561087983110172	51106, 64216	30	5	16881	225.07999999999998	0.7516377779538854	0.056384142310290986	9.881022232826354
GOTERM_BP_ALL	GO:0006102~isocitrate metabolic process	2	6.666666666666667	0.008606311616523173	3420, 3421	30	5	16792	223.89333333333332	0.9946891173244502	0.07629599019993827	11.999938700525203
GOTERM_BP_ALL	GO:0006919~activation of cysteine-type endopeptidase activity involved in apoptotic process	3	10.0	0.00983828796080902	54205, 317, 835	30	87	16792	19.301149425287356	0.9975001492314454	0.08554382526135551	13.603447149213832
GOTERM_MF_ALL	GO:0048039~ubiquinone binding	2	6.666666666666667	0.010264793153168517	6392, 6390	30	6	16881	187.56666666666666	0.8120332122500931	0.06467348776467774	11.737159399603703
GOTERM_MF_ALL	GO:0016433~rRNA (adenine) methyltransferase activity	2	6.666666666666667	0.013663727350113515	51106, 64216	30	8	16881	140.67499999999998	0.8923408976952021	0.08215111884379311	15.335844773776586
GOTERM_BP_ALL	GO:0008635~activation of cysteine-type endopeptidase activity involved in apoptotic process by cytochrome c	2	6.666666666666667	0.01543982757212013	54205, 317	30	9	16792	124.3851851851852	0.9999196822061664	0.12948422876521315	20.556670475441464
GOTERM_MF_ALL	GO:0016616~oxidoreductase activity, acting on the CH-OH group of donors, NAD or NADP as acceptor	3	10.0	0.017115383551406384	3420, 3419, 3421	30	117	16881	14.428205128205128	0.93898858153862	0.09839725196934856	18.852158594095016
GOTERM_BP_ALL	GO:0043280~positive regulation of cysteine-type endopeptidase activity involved in apoptotic process	3	10.0	0.017846867952611676	54205, 317, 835	30	119	16792	14.1109243697479	0.9999817778845123	0.14628477619378066	23.381172902318358
GOTERM_BP_ALL	GO:0006082~organic acid metabolic process	6	20.0	0.018320597459240685	3420, 6392, 6390, 3419, 6391, 3421	30	907	16792	3.7027563395810366	0.9999863972930056	0.14792001889212292	23.92591665829492
GOTERM_BP_ALL	GO:2001056~positive regulation of cysteine-type endopeptidase activity	3	10.0	0.020464503164113065	54205, 317, 835	30	128	16792	13.118750000000002	0.9999963840007291	0.16178519240736067	26.346356546608042
GOTERM_BP_ALL	GO:0006390~transcription from mitochondrial promoter	2	6.666666666666667	0.020535096433762275	64216, 5442	30	12	16792	93.28888888888889	0.9999965385298633	0.16023765475442908	26.42482061235498
GOTERM_BP_ALL	GO:0044765~single-organism transport	12	40.0	0.02208398273061804	1351, 9377, 1350, 1340, 1329, 1349, 131474, 1327, 1337, 1347, 1345, 6834	30	3415	16792	1.966852122986823	0.9999986733845526	0.16921306492221555	28.12690954340714
GOTERM_MF_ALL	GO:0016614~oxidoreductase activity, acting on CH-OH group of donors	3	10.0	0.023006000024130745	3420, 3419, 3421	30	137	16881	12.32189781021898	0.97695974679753	0.12598798742357809	24.54519301617988
GOTERM_MF_ALL	GO:0020037~heme binding	3	10.0	0.023006000024130745	54205, 6392, 6391	30	137	16881	12.32189781021898	0.97695974679753	0.12598798742357809	24.54519301617988
GOTERM_BP_ALL	GO:0072350~tricarboxylic acid metabolic process	2	6.666666666666667	0.023917787991408253	3420, 3421	30	14	16792	79.96190476190476	0.9999995746392802	0.17983331041539952	30.094618296894303
GOTERM_BP_ALL	GO:0010950~positive regulation of endopeptidase activity	3	10.0	0.024510552130057626	54205, 317, 835	30	141	16792	11.90921985815603	0.9999997056385177	0.18168895489104608	30.71984548409976
GOTERM_MF_ALL	GO:0046906~tetrapyrrole binding	3	10.0	0.02589320359919364	54205, 6392, 6391	30	146	16881	11.562328767123288	0.9857352258615663	0.13631781406149746	27.199583801218274
GOTERM_CC_ALL	GO:1902494~catalytic complex	6	20.0	0.02697907534739343	54205, 7528, 6392, 6390, 6391, 4714	30	1088	18224	3.35	0.9255941502468172	0.06289085293220853	25.96476997834215
GOTERM_BP_ALL	GO:0010952~positive regulation of peptidase activity	3	10.0	0.029202848148313382	54205, 317, 835	30	155	16792	10.833548387096775	0.9999999841559184	0.21047357168679626	35.488265310422264
GOTERM_MF_ALL	GO:0048038~quinone binding	2	6.666666666666667	0.03215735302268681	6392, 6390	30	19	16881	59.231578947368426	0.9949838525016548	0.16180382122711767	32.666612820207334
GOTERM_MF_ALL	GO:0008649~rRNA methyltransferase activity	2	6.666666666666667	0.03215735302268681	51106, 64216	30	19	16881	59.231578947368426	0.9949838525016548	0.16180382122711767	32.666612820207334
GOTERM_BP_ALL	GO:1902578~single-organism localization	12	40.0	0.032701113585711705	1351, 9377, 1350, 1340, 1329, 1349, 131474, 1327, 1337, 1347, 1345, 6834	30	3614	16792	1.8585500830105148	0.9999999982226343	0.23023043198291282	38.842195750395135
GOTERM_BP_ALL	GO:0006996~organelle organization	12	40.0	0.04211161532770254	54205, 2551, 7528, 23408, 51106, 131474, 4714, 4899, 64216, 6834, 5442, 51142	30	3753	16792	1.789714894750866	0.9999999999952485	0.28413488221062866	47.07516346254285
GOTERM_BP_ALL	GO:0031167~rRNA methylation	2	6.666666666666667	0.04397830223650159	51106, 64216	30	26	16792	43.05641025641025	0.999999999998543	0.2917765078403345	48.58017367505866
GOTERM_BP_ALL	GO:0043281~regulation of cysteine-type endopeptidase activity involved in apoptotic process	3	10.0	0.04643426772499441	54205, 317, 835	30	200	16792	8.396	0.9999999999996935	0.3024408089139523	50.49954182446397
GOTERM_MF_ALL	GO:0000287~magnesium ion binding	3	10.0	0.047659445685865096	3420, 3419, 3421	30	204	16881	8.275	0.9996332677177848	0.22523043358206052	44.61706017018751
GOTERM_BP_ALL	GO:0010659~cardiac muscle cell apoptotic process	2	6.666666666666667	0.0489308878101213	23408, 317	30	29	16792	38.60229885057471	0.9999999999999374	0.3129409569286782	52.38205214206093
GOTERM_CC_ALL	GO:0044464~cell part	30	100.0	0.05108963658007329	1351, 3420, 1350, 317, 51106, 4899, 131474, 23408, 6392, 3419, 6390, 6391, 1349, 1347, 64216, 1345, 5442, 9377, 2551, 7528, 1340, 1329, 1327, 4714, 6834, 835, 54205, 1337, 3421, 51142	30	16449	18224	1.1079092953978964	0.9931389114051461	0.11441735243712714	43.810108651290626
GOTERM_CC_ALL	GO:0005623~cell	30	100.0	0.053769579505623236	1351, 3420, 1350, 317, 51106, 4899, 131474, 23408, 6392, 3419, 6390, 6391, 1349, 1347, 64216, 1345, 5442, 9377, 2551, 7528, 1340, 1329, 1327, 4714, 6834, 835, 54205, 1337, 3421, 51142	30	16478	18224	1.105959461099648	0.994755475936153	0.11751509051254605	45.53006717327243
GOTERM_BP_ALL	GO:2000116~regulation of cysteine-type endopeptidase activity	3	10.0	0.05682651043064896	54205, 317, 835	30	224	16792	7.496428571428572	0.9999999999999996	0.35102851065260887	57.90544413033174
GOTERM_BP_ALL	GO:0000959~mitochondrial RNA metabolic process	2	6.666666666666667	0.05713019803826974	64216, 5442	30	34	16792	32.92549019607843	0.9999999999999997	0.3491711110122052	58.105451860326205
GOTERM_BP_ALL	GO:0000154~rRNA modification	2	6.666666666666667	0.05713019803826974	51106, 64216	30	34	16792	32.92549019607843	0.9999999999999997	0.3491711110122052	58.105451860326205
GOTERM_BP_ALL	GO:0010658~striated muscle cell apoptotic process	2	6.666666666666667	0.05713019803826974	23408, 317	30	34	16792	32.92549019607843	0.9999999999999997	0.3491711110122052	58.105451860326205
GOTERM_BP_ALL	GO:0006754~ATP biosynthetic process	2	6.666666666666667	0.0813206958922589	1329, 6834	30	49	16792	22.84625850340136	1.0	0.45768191631769295	71.47548156587749
GOTERM_BP_ALL	GO:0097193~intrinsic apoptotic signaling pathway	3	10.0	0.08329893621213984	54205, 317, 835	30	279	16792	6.018637992831542	1.0	0.4620945161351936	72.37052931147134
GOTERM_MF_ALL	GO:0008173~RNA methyltransferase activity	2	6.666666666666667	0.09193824840658928	51106, 64216	30	56	16881	20.09642857142857	0.9999998360573035	0.38629575499859115	68.87027616152756
GOTERM_BP_ALL	GO:0010657~muscle cell apoptotic process	2	6.666666666666667	0.0924034600417857	23408, 317	30	56	16792	19.99047619047619	1.0	0.49500003514223534	76.16242163875145
