Category	Term	Count	%	PValue	Genes	List Total	Pop Hits	Pop Total	Fold Enrichment	Bonferroni	Benjamini	FDR
GOTERM_BP_ALL	GO:0035338~long-chain fatty-acyl-CoA biosynthetic process	10	76.92307692307693	3.3408740868777566E-22	2180, 9524, 51703, 79071, 51144, 54898, 23305, 2181, 64834, 83401	13	42	16792	307.54578754578756	1.0490344632796156E-19	1.0490344632796156E-19	4.495457681546327E-19
GOTERM_BP_ALL	GO:0046949~fatty-acyl-CoA biosynthetic process	10	76.92307692307693	4.224466353270892E-22	2180, 9524, 51703, 79071, 51144, 54898, 23305, 2181, 64834, 83401	13	43	16792	300.39355992844366	1.32648243492706E-19	6.6324121746353E-20	5.68441348712838E-19
GOTERM_BP_ALL	GO:0035336~long-chain fatty-acyl-CoA metabolic process	10	76.92307692307693	8.248770243273488E-22	2180, 9524, 51703, 79071, 51144, 54898, 23305, 2181, 64834, 83401	13	46	16792	280.8026755852843	2.5901138563878753E-19	8.633712854626251E-20	1.1099489711116253E-18
GOTERM_BP_ALL	GO:0035337~fatty-acyl-CoA metabolic process	10	76.92307692307693	1.5373853726252234E-21	2180, 9524, 51703, 79071, 51144, 54898, 23305, 2181, 64834, 83401	13	49	16792	263.6106750392465	4.827390070043201E-19	1.2068475175108003E-19	2.0686954081900147E-18
GOTERM_BP_ALL	GO:0035384~thioester biosynthetic process	10	76.92307692307693	2.3852764761146625E-20	2180, 9524, 51703, 79071, 51144, 54898, 23305, 2181, 64834, 83401	13	65	16792	198.7218934911243	7.48976813500004E-18	1.497953627000008E-18	3.209611969298311E-17
GOTERM_BP_ALL	GO:0071616~acyl-CoA biosynthetic process	10	76.92307692307693	2.3852764761146625E-20	2180, 9524, 51703, 79071, 51144, 54898, 23305, 2181, 64834, 83401	13	65	16792	198.7218934911243	7.48976813500004E-18	1.497953627000008E-18	3.209611969298311E-17
GOTERM_BP_ALL	GO:0035383~thioester metabolic process	10	76.92307692307693	9.620779264497768E-19	2180, 9524, 51703, 79071, 51144, 54898, 23305, 2181, 64834, 83401	13	96	16792	134.55128205128207	3.020924689052299E-16	5.034874481753832E-17	1.294565581412486E-15
GOTERM_BP_ALL	GO:0006637~acyl-CoA metabolic process	10	76.92307692307693	9.620779264497768E-19	2180, 9524, 51703, 79071, 51144, 54898, 23305, 2181, 64834, 83401	13	96	16792	134.55128205128207	3.020924689052299E-16	5.034874481753832E-17	1.294565581412486E-15
GOTERM_BP_ALL	GO:0006631~fatty acid metabolic process	12	92.3076923076923	5.340565405801994E-18	2180, 9524, 1376, 1375, 51703, 79071, 51144, 54898, 23305, 2181, 64834, 83401	13	366	16792	42.35056746532157	1.6769375374218263E-15	2.3956250534597515E-16	7.186228858972147E-15
GOTERM_BP_ALL	GO:0009108~coenzyme biosynthetic process	10	76.92307692307693	3.92144198564835E-17	2180, 9524, 51703, 79071, 51144, 54898, 23305, 2181, 64834, 83401	13	143	16792	90.32813340505649	1.231332783493582E-14	1.5391659793669774E-15	5.276665937924106E-14
GOTERM_BP_ALL	GO:0051188~cofactor biosynthetic process	10	76.92307692307693	3.794228782720462E-16	2180, 9524, 51703, 79071, 51144, 54898, 23305, 2181, 64834, 83401	13	183	16792	70.58427910886928	1.0458300891968975E-13	1.1657341758564144E-14	4.440892098500626E-13
GOTERM_BP_ALL	GO:0032787~monocarboxylic acid metabolic process	12	92.3076923076923	5.869321113113414E-16	2180, 9524, 1376, 1375, 51703, 79071, 51144, 54898, 23305, 2181, 64834, 83401	13	559	16792	27.728636301087107	1.7430501486614958E-13	1.7430501486614958E-14	7.438494264988549E-13
GOTERM_BP_ALL	GO:0044272~sulfur compound biosynthetic process	10	76.92307692307693	1.0260030644305424E-15	2180, 9524, 51703, 79071, 51144, 54898, 23305, 2181, 64834, 83401	13	204	16792	63.31825037707391	3.1374902675906924E-13	2.853273173286652E-14	1.3433698597964394E-12
GOTERM_BP_ALL	GO:0019752~carboxylic acid metabolic process	12	92.3076923076923	4.393346451055978E-14	2180, 9524, 1376, 1375, 51703, 79071, 51144, 54898, 23305, 2181, 64834, 83401	13	826	16792	18.76550568075992	1.3804957177399046E-11	1.1504130981165872E-12	5.916378498227459E-11
GOTERM_BP_ALL	GO:0043436~oxoacid metabolic process	12	92.3076923076923	4.693798619687688E-14	2180, 9524, 1376, 1375, 51703, 79071, 51144, 54898, 23305, 2181, 64834, 83401	13	831	16792	18.652596500971953	1.4746204257676254E-11	1.1343148642595224E-12	6.319389456166391E-11
GOTERM_BP_ALL	GO:0006732~coenzyme metabolic process	10	76.92307692307693	5.380982477366368E-14	2180, 9524, 51703, 79071, 51144, 54898, 23305, 2181, 64834, 83401	13	315	16792	41.00610500610501	1.690758644201651E-11	1.2077006061872453E-12	7.245315458703772E-11
GOTERM_BP_ALL	GO:0001676~long-chain fatty acid metabolic process	8	61.53846153846154	7.759993517633088E-14	2180, 51703, 79071, 54898, 23305, 2181, 64834, 83401	13	90	16792	114.81709401709404	2.436784107828771E-11	1.624478329631529E-12	1.0442757769624222E-10
GOTERM_BP_ALL	GO:0006082~organic acid metabolic process	12	92.3076923076923	1.229855125195328E-13	2180, 9524, 1376, 1375, 51703, 79071, 51144, 54898, 23305, 2181, 64834, 83401	13	907	16792	17.08964464422017	3.8625991294338746E-11	2.4140689447449404E-12	1.655231507413646E-10
GOTERM_BP_ALL	GO:0006790~sulfur compound metabolic process	10	76.92307692307693	2.4225381692592986E-13	2180, 9524, 51703, 79071, 51144, 54898, 23305, 2181, 64834, 83401	13	372	16792	34.72291149710505	7.606670848758768E-11	4.4745318561467684E-12	3.259725822601922E-10
GOTERM_BP_ALL	GO:0051186~cofactor metabolic process	10	76.92307692307693	3.304246023464792E-13	2180, 9524, 51703, 79071, 51144, 54898, 23305, 2181, 64834, 83401	13	385	16792	33.55044955044955	1.0374634484833223E-10	5.7637228323415E-12	4.4458881021114394E-10
GOTERM_BP_ALL	GO:0044255~cellular lipid metabolic process	12	92.3076923076923	5.720417237982223E-13	2180, 9524, 1376, 1375, 51703, 79071, 51144, 54898, 23305, 2181, 64834, 83401	13	1043	16792	14.861272955232687	1.7960388731808052E-10	9.452882920868433E-12	7.696621118213898E-10
GOTERM_BP_ALL	GO:0006629~lipid metabolic process	12	92.3076923076923	8.248219461767632E-12	2180, 9524, 1376, 1375, 51703, 79071, 51144, 54898, 23305, 2181, 64834, 83401	13	1330	16792	11.654366685945634	2.58992849389017E-9	1.2949641359227826E-10	1.1098699737033257E-8
GOTERM_BP_ALL	GO:0030497~fatty acid elongation	5	38.46153846153847	7.376363016260313E-11	9524, 79071, 54898, 64834, 83401	13	12	16792	538.2051282051283	2.3161789597381244E-8	1.1029424040742697E-9	9.925588129178209E-8
GOTERM_BP_ALL	GO:0042761~very long-chain fatty acid biosynthetic process	5	38.46153846153847	1.065067732167452E-10	9524, 79071, 54898, 64834, 83401	13	13	16792	496.8047337278106	3.3443135705191196E-8	1.5201425673794233E-9	1.43314837774966E-7
GOTERM_BP_ALL	GO:0006633~fatty acid biosynthetic process	7	53.84615384615385	3.308193290436786E-10	9524, 79071, 51144, 54898, 2181, 64834, 83401	13	145	16792	62.357559681697616	1.0387727744642916E-7	4.516403584453599E-9	4.4514831820663403E-7
GOTERM_BP_ALL	GO:0044281~small molecule metabolic process	12	92.3076923076923	5.44995363664734E-10	2180, 9524, 1376, 1375, 51703, 79071, 51144, 54898, 23305, 2181, 64834, 83401	13	1951	16792	7.944801482474472	1.711285354533132E-7	7.130356194373633E-9	7.33342120362579E-7
GOTERM_CC_ALL	GO:0005789~endoplasmic reticulum membrane	10	76.92307692307693	8.176558288179957E-10	2180, 9524, 51703, 79071, 51144, 54898, 23305, 2181, 64834, 83401	13	999	18224	14.032494032494032	5.069466035845238E-8	5.069466035845238E-8	8.251375915868664E-7
GOTERM_CC_ALL	GO:0042175~nuclear outer membrane-endoplasmic reticulum membrane network	10	76.92307692307693	9.921185222346366E-10	2180, 9524, 51703, 79071, 51144, 54898, 23305, 2181, 64834, 83401	13	1021	18224	13.730128832969188	6.151134501752864E-8	3.075567300836468E-8	1.001196636707391E-6
GOTERM_BP_ALL	GO:0072330~monocarboxylic acid biosynthetic process	7	53.84615384615385	1.489691402263759E-9	9524, 79071, 51144, 54898, 2181, 64834, 83401	13	186	16792	48.61207609594706	4.677629812377404E-7	1.8710523463916218E-8	2.004518662168664E-6
GOTERM_CC_ALL	GO:0044432~endoplasmic reticulum part	10	76.92307692307693	3.4975052105723873E-9	2180, 9524, 51703, 79071, 51144, 54898, 23305, 2181, 64834, 83401	13	1177	18224	11.910332657996209	2.1684529771803795E-7	7.228177112406087E-8	3.5295081968200748E-6
GOTERM_BP_ALL	GO:0000038~very long-chain fatty acid metabolic process	5	38.46153846153847	5.317932596037727E-9	9524, 79071, 54898, 64834, 83401	13	32	16792	201.8269230769231	1.6698294622585763E-6	6.422426168661843E-8	7.155774139899762E-6
GOTERM_MF_ALL	GO:0102338~3-oxo-lignoceronyl-CoA synthase activity	4	30.76923076923077	9.590245868306976E-9	79071, 54898, 64834, 83401	13	7	16881	742.021978021978	7.480388977132435E-7	7.480388977132435E-7	1.0144374329446038E-5
GOTERM_MF_ALL	GO:0009922~fatty acid elongase activity	4	30.76923076923077	9.590245868306976E-9	79071, 54898, 64834, 83401	13	7	16881	742.021978021978	7.480388977132435E-7	7.480388977132435E-7	1.0144374329446038E-5
GOTERM_MF_ALL	GO:0102336~3-oxo-arachidoyl-CoA synthase activity	4	30.76923076923077	9.590245868306976E-9	79071, 54898, 64834, 83401	13	7	16881	742.021978021978	7.480388977132435E-7	7.480388977132435E-7	1.0144374329446038E-5
GOTERM_MF_ALL	GO:0102337~3-oxo-cerotoyl-CoA synthase activity	4	30.76923076923077	9.590245868306976E-9	79071, 54898, 64834, 83401	13	7	16881	742.021978021978	7.480388977132435E-7	7.480388977132435E-7	1.0144374329446038E-5
GOTERM_BP_ALL	GO:0034625~fatty acid elongation, monounsaturated fatty acid	4	30.76923076923077	9.743471089592923E-9	79071, 54898, 64834, 83401	13	7	16792	738.1098901098902	3.059445273123629E-6	1.1331295479699577E-7	1.311074838694637E-5
GOTERM_BP_ALL	GO:0019368~fatty acid elongation, unsaturated fatty acid	4	30.76923076923077	9.743471089592923E-9	79071, 54898, 64834, 83401	13	7	16792	738.1098901098902	3.059445273123629E-6	1.1331295479699577E-7	1.311074838694637E-5
GOTERM_BP_ALL	GO:0034626~fatty acid elongation, polyunsaturated fatty acid	4	30.76923076923077	9.743471089592923E-9	79071, 54898, 64834, 83401	13	7	16792	738.1098901098902	3.059445273123629E-6	1.1331295479699577E-7	1.311074838694637E-5
GOTERM_BP_ALL	GO:0019367~fatty acid elongation, saturated fatty acid	4	30.76923076923077	9.743471089592923E-9	79071, 54898, 64834, 83401	13	7	16792	738.1098901098902	3.059445273123629E-6	1.1331295479699577E-7	1.311074838694637E-5
GOTERM_BP_ALL	GO:0046394~carboxylic acid biosynthetic process	7	53.84615384615385	1.1639787866730413E-8	9524, 79071, 51144, 54898, 2181, 64834, 83401	13	262	16792	34.510863182618905	3.6548867462515844E-6	1.3053189951151012E-7	1.5662419117212778E-5
GOTERM_MF_ALL	GO:0102391~decanoate--CoA ligase activity	4	30.76923076923077	1.5338256203952144E-8	2180, 51703, 23305, 2181	13	8	16881	649.2692307692308	1.1963832786676676E-6	5.981918183017854E-7	1.62245067936162E-5
GOTERM_BP_ALL	GO:0016053~organic acid biosynthetic process	7	53.84615384615385	1.6584474035815485E-8	9524, 79071, 51144, 54898, 2181, 64834, 83401	13	278	16792	32.52462645268401	5.207511325155956E-6	1.7956980746802742E-7	2.2315954284479744E-5
GOTERM_MF_ALL	GO:0004312~fatty acid synthase activity	4	30.76923076923077	4.513886928770011E-8	79071, 54898, 64834, 83401	13	11	16881	472.1958041958042	3.520825687441942E-6	1.1736099397863242E-6	4.7747004394693704E-5
GOTERM_BP_ALL	GO:0008610~lipid biosynthetic process	8	61.53846153846154	6.371686110620873E-8	2180, 9524, 79071, 51144, 54898, 2181, 64834, 83401	13	624	16792	16.560157790927022	2.0006894888680016E-5	6.669029453121311E-7	8.573694537661325E-5
GOTERM_CC_ALL	GO:0005783~endoplasmic reticulum	10	76.92307692307693	7.215299653265577E-8	2180, 9524, 51703, 79071, 51144, 54898, 23305, 2181, 64834, 83401	13	1660	18224	8.444856348470807	4.473475943123084E-6	1.1183708619189048E-6	7.281319136520636E-5
GOTERM_MF_ALL	GO:0004467~long-chain fatty acid-CoA ligase activity	4	30.76923076923077	7.817812687552058E-8	2180, 51703, 23305, 2181	13	13	16881	399.5502958579882	6.097875541399844E-6	1.524472371339236E-6	8.269526537985072E-5
GOTERM_BP_ALL	GO:0036109~alpha-linolenic acid metabolic process	4	30.76923076923077	7.94261825657372E-8	2180, 54898, 64834, 83401	13	13	16792	397.4437869822485	2.493951130688732E-5	8.04510073226794E-7	1.0687528365638244E-4
GOTERM_BP_ALL	GO:0043651~linoleic acid metabolic process	4	30.76923076923077	1.8854187911418704E-7	2180, 54898, 64834, 83401	13	17	16792	303.92760180995475	5.920040320828157E-5	1.8500656517872471E-6	2.5370038542193996E-4
GOTERM_MF_ALL	GO:0016747~transferase activity, transferring acyl groups other than amino-acyl groups	6	46.15384615384615	3.15396370993057E-7	1376, 1375, 79071, 54898, 64834, 83401	13	228	16881	34.17206477732794	2.4600618218961756E-5	4.920172059774686E-6	3.3361961992994793E-4
GOTERM_MF_ALL	GO:0015645~fatty acid ligase activity	4	30.76923076923077	3.623937563730325E-7	2180, 51703, 23305, 2181	13	21	16881	247.34065934065933	2.8266318616188002E-5	4.711108588684176E-6	3.833323752422402E-4
GOTERM_BP_ALL	GO:0044283~small molecule biosynthetic process	7	53.84615384615385	4.6527172608504115E-7	9524, 79071, 51144, 54898, 2181, 64834, 83401	13	488	16792	18.528373266078184	1.4608468455534762E-4	4.427122199168743E-6	6.260646883360366E-4
GOTERM_MF_ALL	GO:0016746~transferase activity, transferring acyl groups	6	46.15384615384615	6.76991685922571E-7	1376, 1375, 79071, 54898, 64834, 83401	13	266	16881	29.29034123770966	5.280397519813462E-5	7.543595743730869E-6	7.161062669291951E-4
GOTERM_MF_ALL	GO:0016878~acid-thiol ligase activity	4	30.76923076923077	7.070228438262219E-7	2180, 51703, 23305, 2181	13	26	16881	199.7751479289941	5.5146280701801054E-5	6.893451404255124E-6	7.478724289189387E-4
GOTERM_BP_ALL	GO:0033559~unsaturated fatty acid metabolic process	5	38.46153846153847	9.904547746211656E-7	2180, 79071, 54898, 64834, 83401	13	115	16792	56.16053511705686	3.109545968491556E-4	9.147103848916593E-6	0.0013327410562591346
GOTERM_BP_ALL	GO:0044710~single-organism metabolic process	12	92.3076923076923	1.5390592171656333E-6	2180, 9524, 1376, 1375, 51703, 79071, 51144, 54898, 23305, 2181, 64834, 83401	13	4063	16792	3.814990817698177	4.831482123764941E-4	1.380747513546332E-5	0.002070927871811179
GOTERM_CC_ALL	GO:0030176~integral component of endoplasmic reticulum membrane	5	38.46153846153847	1.9129658837950994E-6	9524, 79071, 54898, 64834, 83401	13	147	18224	47.68184196755626	1.1859696506277828E-4	2.3720518311898253E-5	0.0019304532318242806
GOTERM_CC_ALL	GO:0031227~intrinsic component of endoplasmic reticulum membrane	5	38.46153846153847	2.185940185697429E-6	9524, 79071, 54898, 64834, 83401	13	152	18224	46.11336032388664	1.355192560810181E-4	2.2587818165553664E-5	0.0022059201868596112
GOTERM_CC_ALL	GO:0031966~mitochondrial membrane	7	53.84615384615385	2.209839258119785E-6	2180, 1376, 1375, 51703, 788, 23305, 2181	13	691	18224	14.201046421017477	1.3700079992307046E-4	1.9572692079528053E-5	0.002230037460049239
GOTERM_MF_ALL	GO:0016877~ligase activity, forming carbon-sulfur bonds	4	30.76923076923077	2.671673953871771E-6	2180, 51703, 23305, 2181	13	40	16881	129.85384615384615	2.0836913491206754E-4	2.315427046639673E-5	0.0028260083925091273
GOTERM_CC_ALL	GO:0005741~mitochondrial outer membrane	5	38.46153846153847	2.887369397791698E-6	2180, 1375, 51703, 23305, 2181	13	163	18224	43.00141576215196	1.790011384920076E-4	2.237689477202487E-5	0.002913751334299164
GOTERM_CC_ALL	GO:0005740~mitochondrial envelope	7	53.84615384615385	3.0896505565851495E-6	2180, 1376, 1375, 51703, 788, 23305, 2181	13	732	18224	13.405632618747372	1.9154028425227843E-4	2.1284065761628668E-5	0.0031178778720830636
GOTERM_CC_ALL	GO:0031968~organelle outer membrane	5	38.46153846153847	4.878424872738274E-6	2180, 1375, 51703, 23305, 2181	13	186	18224	37.68403639371381	3.024173425358878E-4	3.0245850573207278E-5	0.004922954555341974
GOTERM_CC_ALL	GO:0019867~outer membrane	5	38.46153846153847	5.53293183621908E-6	2180, 1375, 51703, 23305, 2181	13	192	18224	36.50641025641026	3.4298389043707633E-4	3.118521580958156E-5	0.005583419168764259
GOTERM_BP_ALL	GO:0006636~unsaturated fatty acid biosynthetic process	4	30.76923076923077	8.415368479839941E-6	79071, 54898, 64834, 83401	13	58	16792	89.08222811671088	0.0026389486581418486	7.339832902264476E-5	0.011323069715485357
GOTERM_BP_ALL	GO:0044711~single-organism biosynthetic process	8	61.53846153846154	1.1231752188289563E-5	2180, 9524, 79071, 51144, 54898, 2181, 64834, 83401	13	1340	16792	7.7115958668197475	0.0035205781740942355	9.531410578633714E-5	0.015112312986198528
GOTERM_BP_ALL	GO:0006853~carnitine shuttle	3	23.076923076923077	1.680699733225619E-5	1376, 1375, 788	13	9	16792	430.5641025641026	0.005263540282047563	1.3887039638849075E-4	0.022613015393357916
GOTERM_CC_ALL	GO:0044429~mitochondrial part	7	53.84615384615385	1.7626863018575207E-5	2180, 1376, 1375, 51703, 788, 23305, 2181	13	990	18224	9.91204351204351	0.0010922781686142358	9.106878124987006E-5	0.01778672814705118
GOTERM_BP_ALL	GO:0015908~fatty acid transport	4	30.76923076923077	2.5716178745869037E-5	2180, 1376, 1375, 788	13	84	16792	61.50915750915751	0.008042468851097384	2.0702943710237953E-4	0.03459797546931931
GOTERM_CC_ALL	GO:0016021~integral component of membrane	12	92.3076923076923	3.267272288220281E-5	2180, 9524, 1375, 51703, 788, 79071, 51144, 54898, 23305, 2181, 64834, 83401	13	5872	18224	2.8648082163068542	0.00202369148176329	1.558141606455843E-4	0.03296679019693105
GOTERM_CC_ALL	GO:0031224~intrinsic component of membrane	12	92.3076923076923	3.969467187905853E-5	2180, 9524, 1375, 51703, 788, 79071, 51144, 54898, 23305, 2181, 64834, 83401	13	5981	18224	2.812598870783121	0.002458092434338699	1.7577872792795546E-4	0.040050661087964734
GOTERM_BP_ALL	GO:0030148~sphingolipid biosynthetic process	4	30.76923076923077	4.0818292145952755E-5	79071, 54898, 64834, 83401	13	98	16792	52.722135007849296	0.012735414762732433	3.203788008435682E-4	0.054910858601209256
GOTERM_CC_ALL	GO:0031967~organelle envelope	7	53.84615384615385	4.1190392958255044E-5	2180, 1376, 1375, 51703, 788, 23305, 2181	13	1149	18224	8.540403026042712	0.002550598642619528	1.7024263780773818E-4	0.04155951351061393
GOTERM_CC_ALL	GO:0031975~envelope	7	53.84615384615385	4.22173930817653E-5	2180, 1376, 1375, 51703, 788, 23305, 2181	13	1154	18224	8.503399546727103	0.002614110870085673	1.6358247043968266E-4	0.042595518067301
GOTERM_BP_ALL	GO:0006869~lipid transport	5	38.46153846153847	5.1442078887134977E-5	2180, 1376, 1375, 788, 2181	13	312	16792	20.700197238658777	0.016023464501151108	3.9390357648461105E-4	0.06919794270550117
GOTERM_CC_ALL	GO:0044444~cytoplasmic part	13	100.0	5.830236868838376E-5	9524, 51703, 788, 79071, 54898, 83401, 2180, 1376, 1375, 51144, 23305, 64834, 2181	13	8090	18224	2.2526576019777504	0.003608326524113359	2.1261576094300239E-4	0.05882025981548411
GOTERM_CC_ALL	GO:0044446~intracellular organelle part	13	100.0	7.195532232529816E-5	9524, 51703, 788, 79071, 54898, 83401, 2180, 1376, 1375, 51144, 23305, 64834, 2181	13	8233	18224	2.2135309121826796	0.004451453277338424	2.478243140628944E-4	0.07258998553740792
GOTERM_BP_ALL	GO:0010876~lipid localization	5	38.46153846153847	7.35394907026413E-5	2180, 1376, 1375, 788, 2181	13	342	16792	18.88439046333783	0.022827663738415382	5.496643360164422E-4	0.0989089351791983
GOTERM_CC_ALL	GO:0044422~organelle part	13	100.0	9.356002945937028E-5	9524, 51703, 788, 79071, 54898, 83401, 2180, 1376, 1375, 51144, 23305, 64834, 2181	13	8415	18224	2.165656565656566	0.005784199928445144	3.0526882763193264E-4	0.09437598293950966
GOTERM_MF_ALL	GO:0003824~catalytic activity	12	92.3076923076923	9.49772184173587E-5	2180, 9524, 1376, 1375, 51703, 79071, 51144, 54898, 23305, 2181, 64834, 83401	13	6018	16881	2.5893089960886573	0.007381199021319618	7.405831193559864E-4	0.10041936464129098
GOTERM_CC_ALL	GO:0012505~endomembrane system	10	76.92307692307693	1.0356868486097697E-4	2180, 9524, 51703, 79071, 51144, 54898, 23305, 2181, 64834, 83401	13	3878	18224	3.6148688856270086	0.006401016653050373	3.2102800972688694E-4	0.10446717294735341
GOTERM_BP_ALL	GO:0015718~monocarboxylic acid transport	4	30.76923076923077	1.1075209931995963E-4	2180, 1376, 1375, 788	13	137	16792	37.71364402021337	0.03418027773024246	8.084656919911115E-4	0.14892452964837544
GOTERM_BP_ALL	GO:0046467~membrane lipid biosynthetic process	4	30.76923076923077	1.131676144240148E-4	79071, 54898, 64834, 83401	13	138	16792	37.44035674470457	0.034912628923078115	8.07324886976879E-4	0.15217030066371207
GOTERM_BP_ALL	GO:0032365~intracellular lipid transport	3	23.076923076923077	1.3917123218268435E-4	1376, 1375, 788	13	25	16792	155.00307692307692	0.04276160126171369	9.707020761370311E-4	0.18710564426522858
GOTERM_BP_ALL	GO:0006665~sphingolipid metabolic process	4	30.76923076923077	1.5964297070518454E-4	79071, 54898, 64834, 83401	13	155	16792	33.333995037220845	0.04889602916479063	0.0010892301514235925	0.21460105731204715
GOTERM_CC_ALL	GO:0044425~membrane part	12	92.3076923076923	2.2628545529221686E-4	2180, 9524, 1375, 51703, 788, 79071, 51144, 54898, 23305, 2181, 64834, 83401	13	7057	18224	2.3837542647235153	0.013933306130684331	6.679333010757293E-4	0.22812127377964675
GOTERM_BP_ALL	GO:0006643~membrane lipid metabolic process	4	30.76923076923077	3.5850498612186905E-4	79071, 54898, 64834, 83401	13	204	16792	25.32730015082956	0.1064837422963193	0.0023926808165830593	0.48132628292785196
GOTERM_CC_ALL	GO:0005739~mitochondrion	7	53.84615384615385	3.6779857942889697E-4	2180, 1376, 1375, 51703, 788, 23305, 2181	13	1700	18224	5.772307692307692	0.02254957693684112	0.0010361767297137892	0.37054409033520086
GOTERM_CC_ALL	GO:0016020~membrane	13	100.0	3.8248417000331643E-4	9524, 51703, 788, 79071, 54898, 83401, 2180, 1376, 1375, 51144, 23305, 64834, 2181	13	9462	18224	1.926019868949482	0.023439480660078726	0.0010307099669120134	0.38531358957237805
GOTERM_CC_ALL	GO:0005778~peroxisomal membrane	3	23.076923076923077	6.217328288806225E-4	2180, 23305, 2181	13	57	18224	73.78137651821862	0.037825472701239926	0.0016053526849173494	0.6256515696910769
GOTERM_CC_ALL	GO:0031903~microbody membrane	3	23.076923076923077	6.217328288806225E-4	2180, 23305, 2181	13	57	18224	73.78137651821862	0.037825472701239926	0.0016053526849173494	0.6256515696910769
GOTERM_BP_ALL	GO:0015909~long-chain fatty acid transport	3	23.076923076923077	6.807402021026545E-4	1376, 1375, 788	13	55	16792	70.45594405594406	0.19251048737357856	0.004444784481757225	0.912126014646486
GOTERM_BP_ALL	GO:0046942~carboxylic acid transport	4	30.76923076923077	8.566518836191755E-4	2180, 1376, 1375, 788	13	275	16792	18.788251748251753	0.23593618982562137	0.005476864787312907	1.1465751700694526
GOTERM_BP_ALL	GO:1990542~mitochondrial transmembrane transport	3	23.076923076923077	0.0011319379177918715	1376, 1375, 788	13	71	16792	54.57854821235104	0.2992680305431328	0.007087361742060705	1.5124367660334648
GOTERM_BP_ALL	GO:0044249~cellular biosynthetic process	11	84.61538461538461	0.0012147059618010361	2180, 9524, 51703, 788, 79071, 51144, 54898, 23305, 2181, 64834, 83401	13	6118	16792	2.3224281439384415	0.31726570054576386	0.007455393468533522	1.622192104575737
GOTERM_BP_ALL	GO:1901576~organic substance biosynthetic process	11	84.61538461538461	0.0014241974550343016	2180, 9524, 51703, 788, 79071, 51144, 54898, 23305, 2181, 64834, 83401	13	6227	16792	2.281775394992032	0.3607864923836791	0.008569164999846834	1.899484505584248
GOTERM_BP_ALL	GO:0015711~organic anion transport	4	30.76923076923077	0.0014630431443841908	2180, 1376, 1375, 788	13	331	16792	15.609574715314897	0.3685471056398689	0.008636675196738275	1.9508228281457485
GOTERM_BP_ALL	GO:0009058~biosynthetic process	11	84.61538461538461	0.0016271144023215865	2180, 9524, 51703, 788, 79071, 51144, 54898, 23305, 2181, 64834, 83401	13	6320	16792	2.2481986368062317	0.40030256830250976	0.0094243841398014	2.167384576970366
GOTERM_CC_ALL	GO:0044438~microbody part	3	23.076923076923077	0.001644722525168051	2180, 23305, 2181	13	93	18224	45.220843672456574	0.09702169118634463	0.004073948747229994	1.6474177664546619
GOTERM_CC_ALL	GO:0044439~peroxisomal part	3	23.076923076923077	0.001644722525168051	2180, 23305, 2181	13	93	18224	45.220843672456574	0.09702169118634463	0.004073948747229994	1.6474177664546619
GOTERM_CC_ALL	GO:0005737~cytoplasm	13	100.0	0.0018205177160127786	9524, 51703, 788, 79071, 54898, 83401, 2180, 1376, 1375, 51144, 23305, 64834, 2181	13	10775	18224	1.691322505800464	0.10682698054858808	0.004335764319458479	1.8220465688001286
GOTERM_CC_ALL	GO:0043231~intracellular membrane-bounded organelle	13	100.0	0.0024239202960677007	9524, 51703, 788, 79071, 54898, 83401, 2180, 1376, 1375, 51144, 23305, 64834, 2181	13	11035	18224	1.6514725872224738	0.13969258154860287	0.005557296714231108	2.4193228037117653
GOTERM_BP_ALL	GO:0044237~cellular metabolic process	13	100.0	0.0025228500419517807	9524, 51703, 788, 79071, 54898, 83401, 2180, 1376, 1375, 51144, 23305, 64834, 2181	13	10202	16792	1.6459517741619292	0.5475942687553895	0.01431788938215961	3.341901756696608
GOTERM_MF_ALL	GO:0016874~ligase activity	4	30.76923076923077	0.00263915125226579	2180, 51703, 23305, 2181	13	409	16881	12.699642655632877	0.1862693920429075	0.01856424138122803	2.756625027679238
GOTERM_BP_ALL	GO:0044238~primary metabolic process	13	100.0	0.002647310813305806	9524, 51703, 788, 79071, 54898, 83401, 2180, 1376, 1375, 51144, 23305, 64834, 2181	13	10243	16792	1.6393634677340623	0.5649776357249778	0.014753615760496053	3.504061901947275
GOTERM_MF_ALL	GO:0004095~carnitine O-palmitoyltransferase activity	2	15.384615384615385	0.0028406551211419273	1376, 1375	13	4	16881	649.2692307692308	0.1989936467017106	0.018320632240236834	2.9642437372715547
GOTERM_CC_ALL	GO:0005777~peroxisome	3	23.076923076923077	0.0034244403986003215	2180, 23305, 2181	13	135	18224	31.15213675213675	0.19158494250200808	0.007566927957262215	3.4024739253658454
GOTERM_CC_ALL	GO:0042579~microbody	3	23.076923076923077	0.0034244403986003215	2180, 23305, 2181	13	135	18224	31.15213675213675	0.19158494250200808	0.007566927957262215	3.4024739253658454
GOTERM_CC_ALL	GO:0031090~organelle membrane	7	53.84615384615385	0.0039122092368064215	2180, 1376, 1375, 51703, 788, 23305, 2181	13	2646	18224	3.7085877085877086	0.2157541162846235	0.008345419288468214	3.8785316327927144
GOTERM_BP_ALL	GO:0006820~anion transport	4	30.76923076923077	0.003922406555984657	2180, 1376, 1375, 788	13	468	16792	11.040105193951348	0.7088909912558121	0.02141744938489709	5.150942049414042
GOTERM_BP_ALL	GO:0071704~organic substance metabolic process	13	100.0	0.004506235155086358	9524, 51703, 788, 79071, 54898, 83401, 2180, 1376, 1375, 51144, 23305, 64834, 2181	13	10707	16792	1.568319790791071	0.7578397338038554	0.024154454013639914	5.896281889741973
GOTERM_BP_ALL	GO:0044539~long-chain fatty acid import	2	15.384615384615385	0.004992560466303063	2180, 2181	13	7	16792	369.0549450549451	0.7922854274493882	0.026285486153633686	6.513001871812552
GOTERM_BP_ALL	GO:0008152~metabolic process	13	100.0	0.00676104854915367	9524, 51703, 788, 79071, 54898, 83401, 2180, 1376, 1375, 51144, 23305, 64834, 2181	13	11075	16792	1.5162076749435667	0.8811839175021707	0.0348801371129116	8.724260331202217
GOTERM_MF_ALL	GO:0016416~O-palmitoyltransferase activity	2	15.384615384615385	0.0070877708487981006	1376, 1375	13	10	16881	259.7076923076923	0.42582132850209875	0.04178016120570982	7.247915874723598
GOTERM_CC_ALL	GO:0043229~intracellular organelle	13	100.0	0.007319351182338589	9524, 51703, 788, 79071, 54898, 83401, 2180, 1376, 1375, 51144, 23305, 64834, 2181	13	12099	18224	1.5062401851392677	0.36584931659400166	0.015067619488312034	7.145356932297087
GOTERM_MF_ALL	GO:0016406~carnitine O-acyltransferase activity	2	15.384615384615385	0.007794009171934873	1376, 1375	13	11	16881	236.0979020979021	0.4568198327427969	0.04265731823330754	7.943389747309504
GOTERM_CC_ALL	GO:0043227~membrane-bounded organelle	13	100.0	0.008159458678919018	9524, 51703, 788, 79071, 54898, 83401, 2180, 1376, 1375, 51144, 23305, 64834, 2181	13	12209	18224	1.4926693422884756	0.3982791308750845	0.016252340591904946	7.935334213123868
GOTERM_BP_ALL	GO:0098656~anion transmembrane transport	3	23.076923076923077	0.008283494063803378	1376, 1375, 788	13	196	16792	19.770800627943487	0.9266013513135994	0.04191349642332309	10.58898953248032
GOTERM_CC_ALL	GO:0098805~whole membrane	5	38.46153846153847	0.009474219025023092	2180, 1375, 51703, 23305, 2181	13	1363	18224	5.142502398555224	0.44578460392338914	0.01827476216694046	9.159493938314478
GOTERM_BP_ALL	GO:1901566~organonitrogen compound biosynthetic process	5	38.46153846153847	0.012984621486748806	788, 79071, 54898, 64834, 83401	13	1375	16792	4.697062937062937	0.9834913831542387	0.06404838460563456	16.12683312299723
GOTERM_BP_ALL	GO:0006839~mitochondrial transport	3	23.076923076923077	0.016045806126478056	1376, 1375, 788	13	277	16792	13.989447375728966	0.9937753823602794	0.0774584919636464	19.560294192606964
GOTERM_CC_ALL	GO:0043226~organelle	13	100.0	0.019969309080181772	9524, 51703, 788, 79071, 54898, 83401, 2180, 1376, 1375, 51144, 23305, 64834, 2181	13	13154	18224	1.3854340884901932	0.713674560191188	0.03718863020536889	18.417845279925803
GOTERM_MF_ALL	GO:0016740~transferase activity	6	46.15384615384615	0.020995247354478268	1376, 1375, 79071, 54898, 64834, 83401	13	2453	16881	3.1762049609583247	0.8089203621943379	0.10446830612721358	20.104298417563037
GOTERM_CC_ALL	GO:0098588~bounding membrane of organelle	5	38.46153846153847	0.022009221358239007	2180, 1375, 51703, 23305, 2181	13	1742	18224	4.023668639053255	0.7483742319261621	0.03977026509602488	20.115374350359904
GOTERM_BP_ALL	GO:0044763~single-organism cellular process	13	100.0	0.02282042989485332	9524, 51703, 788, 79071, 54898, 83401, 2180, 1376, 1375, 51144, 23305, 64834, 2181	13	12256	16792	1.3701044386422976	0.9992888603712514	0.10708155347841941	26.701360568295073
GOTERM_BP_ALL	GO:0055114~oxidation-reduction process	4	30.76923076923077	0.029563430447732672	9524, 1376, 1375, 51144	13	983	16792	5.256123327333907	0.9999191488241489	0.13494976526552116	33.22238546689431
GOTERM_MF_ALL	GO:0016409~palmitoyltransferase activity	2	15.384615384615385	0.03015197539821331	1376, 1375	13	43	16881	60.397137745974966	0.9081905314450953	0.1386483954078317	27.664051308689363
GOTERM_MF_ALL	GO:0008374~O-acyltransferase activity	2	15.384615384615385	0.0342923184178676	1376, 1375	13	49	16881	53.00156985871272	0.9342397426344512	0.14794340667344186	30.86457697439777
GOTERM_CC_ALL	GO:0044424~intracellular part	13	100.0	0.03740578835318193	9524, 51703, 788, 79071, 54898, 83401, 2180, 1376, 1375, 51144, 23305, 64834, 2181	13	13860	18224	1.3148629148629147	0.9059234807753155	0.06530290573148279	31.935999394478632
GOTERM_BP_ALL	GO:1902580~single-organism cellular localization	4	30.76923076923077	0.03968285867254913	1376, 1375, 788, 2181	13	1102	16792	4.6885383219321515	0.9999969924710621	0.17522305549698391	42.007326495586604
GOTERM_CC_ALL	GO:0005743~mitochondrial inner membrane	3	23.076923076923077	0.04118570376728116	1376, 51703, 788	13	499	18224	8.427932788654232	0.9262878540745081	0.0698719288666112	34.58555392432613
GOTERM_BP_ALL	GO:0006635~fatty acid beta-oxidation	2	15.384615384615385	0.04822537063490497	1376, 1375	13	69	16792	37.44035674470457	0.9999998181493167	0.20677073146428182	48.57709377994197
GOTERM_CC_ALL	GO:0019866~organelle inner membrane	3	23.076923076923077	0.05025312739304182	1376, 51703, 788	13	557	18224	7.550338351056484	0.9591033180974159	0.08277041140335539	40.566708380768205
GOTERM_CC_ALL	GO:0005622~intracellular	13	100.0	0.050717851037820734	9524, 51703, 788, 79071, 54898, 83401, 2180, 1376, 1375, 51144, 23305, 64834, 2181	13	14216	18224	1.2819358469330333	0.9603256813888317	0.08141643596490689	40.85953241440878
GOTERM_BP_ALL	GO:0009062~fatty acid catabolic process	2	15.384615384615385	0.060450298754760726	1376, 1375	13	87	16792	29.694076038903624	0.9999999968609065	0.2501869343444545	56.78742988237823
GOTERM_BP_ALL	GO:1901564~organonitrogen compound metabolic process	5	38.46153846153847	0.06291911296546564	788, 79071, 54898, 64834, 83401	13	2221	16792	2.9079070411803416	0.9999999986259481	0.2560131447508397	58.29056680927933
GOTERM_MF_ALL	GO:0097367~carbohydrate derivative binding	5	38.46153846153847	0.06363943815012794	2180, 51703, 51144, 23305, 2181	13	2241	16881	2.8972299454227164	0.9940767118900493	0.2479382653565395	50.11949631032495
GOTERM_BP_ALL	GO:0044699~single-organism process	13	100.0	0.06525888105188261	9524, 51703, 788, 79071, 54898, 83401, 2180, 1376, 1375, 51144, 23305, 64834, 2181	13	13377	16792	1.2552889287583167	0.9999999993732661	0.26119511365308423	59.67032279344113
GOTERM_BP_ALL	GO:0019395~fatty acid oxidation	2	15.384615384615385	0.06583725662283564	1376, 1375	13	95	16792	27.19352226720648	0.9999999994839659	0.2600665629598067	60.00481367671393
GOTERM_BP_ALL	GO:0034440~lipid oxidation	2	15.384615384615385	0.06717956483959246	1376, 1375	13	97	16792	26.632831086439335	0.99999999967146	0.261609760955512	60.771236914659134
GOTERM_BP_ALL	GO:0072329~monocarboxylic acid catabolic process	2	15.384615384615385	0.07186373245922688	1376, 1375	13	104	16792	24.840236686390533	0.9999999999323781	0.2744186205472937	63.34056234066014
GOTERM_BP_ALL	GO:0006811~ion transport	4	30.76923076923077	0.07944060833911636	2180, 1376, 1375, 788	13	1458	16792	3.543737469663396	0.9999999999948446	0.2961775771279731	67.16903736523906
GOTERM_MF_ALL	GO:0005524~ATP binding	4	30.76923076923077	0.08329373312858099	2180, 51703, 23305, 2181	13	1495	16881	3.4743503987651145	0.9988677153356612	0.3002465748776235	60.14540201318176
GOTERM_BP_ALL	GO:0015849~organic acid transport	2	15.384615384615385	0.0844694288642406	2180, 2181	13	123	16792	21.003126954346467	0.9999999999990768	0.3089061922608638	69.50192280701548
GOTERM_BP_ALL	GO:1902582~single-organism intracellular transport	3	23.076923076923077	0.08580092808567812	1376, 1375, 788	13	695	16792	5.575650249031544	0.9999999999994155	0.30970156215872735	70.09338187329578
GOTERM_MF_ALL	GO:0032559~adenyl ribonucleotide binding	4	30.76923076923077	0.08814967019087849	2180, 51703, 23305, 2181	13	1531	16881	3.3926543737125057	0.9992517656487964	0.3022467273353906	62.322746544892425
GOTERM_MF_ALL	GO:0030554~adenyl nucleotide binding	4	30.76923076923077	0.0896589991411921	2180, 51703, 23305, 2181	13	1542	16881	3.3684525591140377	0.9993424632018552	0.2945400164122395	62.97722480972525
