Category	Term	Count	%	PValue	Genes	List Total	Pop Hits	Pop Total	Fold Enrichment	Bonferroni	Benjamini	FDR
GOTERM_BP_ALL	GO:0042417~dopamine metabolic process	5	21.73913043478261	3.113159626776523E-8	6531, 2643, 1644, 1813, 7054	22	27	16792	141.34680134680136	5.00583546697575E-5	5.00583546697575E-5	5.216120431139615E-5
GOTERM_BP_ALL	GO:0018958~phenol-containing compound metabolic process	6	26.08695652173913	8.868083363240801E-8	6531, 2643, 1644, 1813, 7299, 7054	22	93	16792	49.24340175953079	1.4258862015081863E-4	7.129685169593447E-5	1.4858528109007452E-4
GOTERM_BP_ALL	GO:0046189~phenol-containing compound biosynthetic process	5	21.73913043478261	1.2977635336709753E-7	6531, 2643, 1644, 7299, 7054	22	38	16792	100.43062200956938	2.0865861745800185E-4	6.955771064898197E-5	2.1744100608955819E-4
GOTERM_BP_ALL	GO:0042416~dopamine biosynthetic process	4	17.391304347826086	2.76351842981543E-7	6531, 2643, 1644, 7054	22	11	16792	277.55371900826447	4.4427510546452E-4	1.1108728557285286E-4	4.630285244111576E-4
GOTERM_BP_ALL	GO:0009712~catechol-containing compound metabolic process	5	21.73913043478261	3.691974724547987E-7	6531, 2643, 1644, 1813, 7054	22	49	16792	77.88497217068645	5.934934583865514E-4	1.1872688047465108E-4	6.185912640677138E-4
GOTERM_BP_ALL	GO:0006584~catecholamine metabolic process	5	21.73913043478261	3.691974724547987E-7	6531, 2643, 1644, 1813, 7054	22	49	16792	77.88497217068645	5.934934583865514E-4	1.1872688047465108E-4	6.185912640677138E-4
GOTERM_BP_ALL	GO:1901615~organic hydroxy compound metabolic process	8	34.78260869565217	4.252163707214623E-7	6531, 2643, 216, 5563, 1644, 1813, 7299, 7054	22	410	16792	14.893126385809312	6.835143669636778E-4	1.1395151860038588E-4	7.124507499844945E-4
GOTERM_BP_ALL	GO:0042423~catecholamine biosynthetic process	4	17.391304347826086	1.3590118812220167E-6	6531, 2643, 1644, 7054	22	18	16792	169.61616161616163	0.0021829065764837896	3.121359311513139E-4	0.0022770099614044526
GOTERM_BP_ALL	GO:0009713~catechol-containing compound biosynthetic process	4	17.391304347826086	1.3590118812220167E-6	6531, 2643, 1644, 7054	22	18	16792	169.61616161616163	0.0021829065764837896	3.121359311513139E-4	0.0022770099614044526
GOTERM_BP_ALL	GO:1901617~organic hydroxy compound biosynthetic process	6	26.08695652173913	1.498966676883833E-6	6531, 2643, 5563, 1644, 7299, 7054	22	164	16792	27.92461197339246	0.002407437685463032	3.012471438338382E-4	0.002511499964930053
GOTERM_BP_ALL	GO:0007626~locomotory behavior	6	26.08695652173913	3.2531088495950297E-6	2019, 6531, 5309, 1813, 6571, 7054	22	192	16792	23.852272727272727	0.005217349644024538	5.810541824564641E-4	0.005450467972922812
GOTERM_CC_ALL	GO:0030424~axon	7	30.434782608695656	5.691521198746525E-6	116, 5979, 6531, 1644, 1813, 6571, 7054	22	418	18224	13.872118312309698	0.001035323488420281	0.001035323488420281	0.007023230040781314
GOTERM_BP_ALL	GO:0042493~response to drug	7	30.434782608695656	8.234973645584014E-6	4825, 5979, 6531, 5563, 1644, 1813, 7054	22	411	16792	12.999778809997787	0.013154604003144943	0.001323312862866577	0.013796863480219912
GOTERM_BP_ALL	GO:0098700~neurotransmitter loading into synaptic vesicle	3	13.043478260869565	8.92413320344834E-6	1644, 6571, 7054	22	4	16792	572.4545454545455	0.014247598707860742	0.0013037012805339199	0.014951399284124367
GOTERM_BP_ALL	GO:0015842~aminergic neurotransmitter loading into synaptic vesicle	3	13.043478260869565	8.92413320344834E-6	1644, 6571, 7054	22	4	16792	572.4545454545455	0.014247598707860742	0.0013037012805339199	0.014951399284124367
GOTERM_CC_ALL	GO:0098793~presynapse	6	26.08695652173913	1.4221330503533551E-5	116, 6531, 1644, 1813, 6571, 7054	22	282	18224	17.6247582205029	0.00258495379444168	0.0012933132267720637	0.017548005467771244
GOTERM_BP_ALL	GO:0035270~endocrine system development	5	21.73913043478261	1.8533859924838287E-5	116, 4825, 6531, 5087, 1813	22	130	16792	29.356643356643357	0.02936300092415023	0.0024804787607710654	0.031049084294643148
GOTERM_BP_ALL	GO:0071705~nitrogen compound transport	8	34.78260869565217	1.857938701469471E-5	116, 4825, 6531, 7432, 1644, 1813, 6571, 7054	22	725	16792	8.422319749216301	0.029434057608600517	0.0022955098827885934	0.031125342967908143
GOTERM_BP_ALL	GO:0019438~aromatic compound biosynthetic process	16	69.56521739130434	2.0103309279651715E-5	116, 2019, 2643, 5087, 4010, 7299, 6421, 4825, 5979, 6531, 5563, 7432, 5309, 1644, 1813, 7054	22	4424	16792	2.7604800263028113	0.03180953166964584	0.0023063681120409907	0.033677907904805515
GOTERM_BP_ALL	GO:0043279~response to alkaloid	5	21.73913043478261	2.0883831958530682E-5	4825, 6531, 1644, 1813, 7054	22	134	16792	28.480325644504745	0.03302395124654178	0.0022362659862714684	0.034985257170672135
GOTERM_BP_ALL	GO:1901362~organic cyclic compound biosynthetic process	16	69.56521739130434	2.7772406427189325E-5	116, 2019, 2643, 5087, 4010, 7299, 6421, 4825, 5979, 6531, 5563, 7432, 5309, 1644, 1813, 7054	22	4535	16792	2.6929137015134814	0.04367613241473978	0.0027872739237017052	0.046522690939065914
GOTERM_BP_ALL	GO:0035094~response to nicotine	4	17.391304347826086	2.9928781486676802E-5	4825, 6531, 1813, 7054	22	49	16792	62.30797773654917	0.04698649159193424	0.0028269496202858457	0.05013407118457103
GOTERM_BP_ALL	GO:0048511~rhythmic process	6	26.08695652173913	3.417301194958574E-5	116, 5563, 1644, 1813, 7054, 6421	22	312	16792	14.678321678321677	0.053468607681171565	0.0030481860487807655	0.057241720270095886
GOTERM_BP_ALL	GO:0007610~behavior	7	30.434782608695656	4.59741802978816E-5	116, 2019, 6531, 5309, 1813, 6571, 7054	22	557	16792	9.592296393014525	0.07126160779374624	0.0038833969473783814	0.07700218390079838
GOTERM_BP_ALL	GO:0009058~biosynthetic process	18	78.26086956521739	6.27664848797386E-5	116, 2019, 2644, 2643, 5087, 4010, 7299, 6421, 4825, 5979, 6531, 5563, 7432, 5309, 1644, 6571, 1813, 7054	22	6320	16792	2.173878020713464	0.09600520403544188	0.005033871154374703	0.10511372146341236
GOTERM_MF_ALL	GO:0035240~dopamine binding	3	13.043478260869565	6.593004496001771E-5	6531, 1813, 7054	22	10	16881	230.19545454545454	0.013620294284418355	0.013620294284418355	0.0831351580795836
GOTERM_BP_ALL	GO:0030182~neuron differentiation	9	39.130434782608695	6.79109908757199E-5	116, 4825, 2019, 5979, 5087, 4010, 5309, 1813, 7054	22	1226	16792	5.603144001186416	0.1034530181606722	0.005186720437737935	0.11372450991468108
GOTERM_CC_ALL	GO:0043005~neuron projection	8	34.78260869565217	6.943446568515996E-5	116, 5979, 2644, 6531, 1644, 1813, 6571, 7054	22	966	18224	6.860154338415208	0.012557993473222617	0.0042036436843017055	0.08564986331667246
GOTERM_BP_ALL	GO:0015837~amine transport	4	17.391304347826086	8.017632081034383E-5	1644, 1813, 6571, 7054	22	68	16792	44.89839572192513	0.12096335473637265	0.005843256491800841	0.13425119934172836
GOTERM_BP_ALL	GO:0045935~positive regulation of nucleobase-containing compound metabolic process	10	43.47826086956522	8.516606403689454E-5	116, 4825, 2019, 5979, 5087, 4010, 5563, 7432, 5309, 1813	22	1658	16792	4.603574953394013	0.12798867077076592	0.005936779565160255	0.14260066794313797
GOTERM_BP_ALL	GO:0001505~regulation of neurotransmitter levels	5	21.73913043478261	9.404582583610145E-5	2644, 6531, 1813, 6571, 7054	22	197	16792	19.372404245500693	0.1403524501247957	0.0062815546694977575	0.15745778348079664
GOTERM_BP_ALL	GO:0006836~neurotransmitter transport	5	21.73913043478261	9.404582583610145E-5	6531, 1644, 1813, 6571, 7054	22	197	16792	19.372404245500693	0.1403524501247957	0.0062815546694977575	0.15745778348079664
GOTERM_BP_ALL	GO:0048699~generation of neurons	9	39.130434782608695	1.393482335286851E-4	116, 4825, 2019, 5979, 5087, 4010, 5309, 1813, 7054	22	1357	16792	5.062236216252429	0.20075486097439732	0.008923450486295947	0.23322286443929752
GOTERM_BP_ALL	GO:0051173~positive regulation of nitrogen compound metabolic process	10	43.47826086956522	1.401607962703258E-4	116, 4825, 2019, 5979, 5087, 4010, 5563, 7432, 5309, 1813	22	1767	16792	4.319596645572877	0.20179861921692321	0.008631546159172943	0.23458132463056725
GOTERM_BP_ALL	GO:0006725~cellular aromatic compound metabolic process	17	73.91304347826086	1.7102201784690465E-4	116, 2019, 2643, 5087, 4010, 7299, 6421, 4825, 5979, 6531, 5563, 7432, 5309, 1644, 1813, 7054, 7385	22	5965	16792	2.1752952830907564	0.2404483266103501	0.01013447888784158	0.2861629176736713
GOTERM_MF_ALL	GO:1901338~catecholamine binding	3	13.043478260869565	1.750237235912293E-4	6531, 1813, 7054	22	16	16881	143.87215909090907	0.03575331590402098	0.01803936733900624	0.22055818408315275
GOTERM_BP_ALL	GO:0043473~pigmentation	4	17.391304347826086	2.166831831475369E-4	2019, 1813, 7299, 7054	22	95	16792	32.1377990430622	0.294228898602547	0.012368033365476871	0.3624352086948668
GOTERM_BP_ALL	GO:0022008~neurogenesis	9	39.130434782608695	2.1832677471174443E-4	116, 4825, 2019, 5979, 5087, 4010, 5309, 1813, 7054	22	1447	16792	4.74737701828234	0.29609211970970695	0.012034168109962828	0.36517963658888597
GOTERM_BP_ALL	GO:1901700~response to oxygen-containing compound	9	39.130434782608695	2.3904181833146187E-4	116, 4825, 5979, 6531, 2643, 5563, 1813, 7299, 7054	22	1466	16792	4.685848939600645	0.31915812327140913	0.012732421136388061	0.3997630029443977
GOTERM_BP_ALL	GO:0044249~cellular biosynthetic process	17	73.91304347826086	2.4066672853204898E-4	116, 2019, 2644, 2643, 5087, 4010, 7299, 6421, 4825, 5979, 6531, 5563, 7432, 5309, 1644, 1813, 7054	22	6118	16792	2.1208951231834527	0.32093516842294534	0.012407502805951598	0.4024752817466615
GOTERM_BP_ALL	GO:0006807~nitrogen compound metabolic process	18	78.26086956521739	2.517566179778196E-4	116, 2019, 2644, 2643, 5087, 4010, 7299, 6421, 4825, 5979, 6531, 5563, 7432, 5309, 1644, 1813, 7054, 7385	22	6948	16792	1.977390485162506	0.3329402180047417	0.012572658141103421	0.42098452537540076
GOTERM_BP_ALL	GO:1901360~organic cyclic compound metabolic process	17	73.91304347826086	2.5757082436098577E-4	116, 2019, 2643, 5087, 4010, 7299, 6421, 4825, 5979, 6531, 5563, 7432, 5309, 1644, 1813, 7054, 7385	22	6149	16792	2.1102026937122074	0.3391492337503057	0.012473888403063071	0.4306872577377274
GOTERM_BP_ALL	GO:0007270~neuron-neuron synaptic transmission	4	17.391304347826086	2.596286346350632E-4	116, 6531, 1813, 7054	22	101	16792	30.22862286228623	0.34133291164385515	0.012205403813538407	0.43412111312292057
GOTERM_CC_ALL	GO:0043679~axon terminus	4	17.391304347826086	2.8458719094527895E-4	116, 1813, 6571, 7054	22	113	18224	29.322606596942883	0.05048337553269788	0.012867062390130912	0.35062043765125006
GOTERM_BP_ALL	GO:0010243~response to organonitrogen compound	7	30.434782608695656	3.120808592926068E-4	4825, 6531, 1644, 1813, 6571, 7299, 7054	22	789	16792	6.771747897223182	0.394623283715408	0.014237794236462209	0.5216102345361406
GOTERM_BP_ALL	GO:0015872~dopamine transport	3	13.043478260869565	3.3894570356260477E-4	6531, 1813, 6571	22	22	16792	104.08264462809917	0.4202261000370583	0.015028075326645407	0.5663921866535415
GOTERM_BP_ALL	GO:0009719~response to endogenous stimulus	9	39.130434782608695	3.481546371753993E-4	116, 4825, 6531, 5563, 1644, 1813, 6571, 7299, 7054	22	1548	16792	4.437632135306554	0.42875102630533024	0.015019314712879983	0.5817385182314116
GOTERM_CC_ALL	GO:0044306~neuron projection terminus	4	17.391304347826086	3.828008531760176E-4	116, 1813, 6571, 7054	22	125	18224	26.507636363636365	0.06731065160973182	0.013839953612724165	0.4713603240628972
GOTERM_CC_ALL	GO:0008021~synaptic vesicle	4	17.391304347826086	4.0103021654868797E-4	1644, 1813, 6571, 7054	22	127	18224	26.090193271295636	0.07040115785106915	0.012093304128076854	0.4937559649598411
GOTERM_BP_ALL	GO:0001963~synaptic transmission, dopaminergic	3	13.043478260869565	5.130837495799553E-4	6531, 1813, 7054	22	27	16792	84.8080808080808	0.5618747272778842	0.02148299705439427	0.8562096572435896
GOTERM_CC_ALL	GO:0097458~neuron part	8	34.78260869565217	5.143311223729827E-4	116, 5979, 2644, 6531, 1644, 1813, 6571, 7054	22	1333	18224	4.971424674350406	0.08938250654095203	0.013286987528575378	0.6328477150090328
GOTERM_CC_ALL	GO:0044456~synapse part	6	26.08695652173913	5.265901597457024E-4	116, 6531, 1644, 1813, 6571, 7054	22	607	18224	8.188108431930507	0.09141301680466174	0.011911570303005492	0.6478865775387588
GOTERM_CC_ALL	GO:0070382~exocytic vesicle	4	17.391304347826086	5.444426609081993E-4	1644, 1813, 6571, 7054	22	141	18224	23.499677627337203	0.09436194277981691	0.010952419369410049	0.6697835212582937
GOTERM_BP_ALL	GO:0045471~response to ethanol	4	17.391304347826086	5.445223254961558E-4	116, 6531, 1813, 7054	22	130	16792	23.485314685314687	0.58348398870987	0.02220690351878618	0.9084480718628885
GOTERM_BP_ALL	GO:0034641~cellular nitrogen compound metabolic process	17	73.91304347826086	5.446791387718564E-4	116, 2019, 2644, 2643, 5087, 4010, 6421, 4825, 5979, 6531, 5563, 7432, 5309, 1644, 1813, 7054, 7385	22	6505	16792	1.9947173502899866	0.5835890595899764	0.021663957982361315	0.9087085683038953
GOTERM_BP_ALL	GO:0042133~neurotransmitter metabolic process	3	13.043478260869565	5.925875033771142E-4	2644, 6531, 7054	22	29	16792	78.95924764890282	0.6144803635324185	0.022979731688936744	0.9882632591203144
GOTERM_BP_ALL	GO:1901698~response to nitrogen compound	7	30.434782608695656	6.129247348890875E-4	4825, 6531, 1644, 1813, 6571, 7299, 7054	22	895	16792	5.969730827831386	0.6268911732879253	0.02320009724911054	1.022016280467375
GOTERM_BP_ALL	GO:0007417~central nervous system development	7	30.434782608695656	6.463425165557957E-4	116, 4825, 2019, 6531, 5309, 1813, 7054	22	904	16792	5.910297666934835	0.6464232806659865	0.02388807155202799	1.0774551573300872
GOTERM_BP_ALL	GO:0007399~nervous system development	10	43.47826086956522	6.72030223111511E-4	116, 4825, 2019, 5979, 6531, 5087, 4010, 5309, 1813, 7054	22	2170	16792	3.517385839966485	0.6607397841643161	0.024268571432173425	1.1200502723382577
GOTERM_BP_ALL	GO:0001975~response to amphetamine	3	13.043478260869565	6.776801830567009E-4	1813, 6571, 7054	22	31	16792	73.86510263929618	0.6638101129439562	0.023932935065814953	1.1294166690226648
GOTERM_MF_ALL	GO:0000977~RNA polymerase II regulatory region sequence-specific DNA binding	6	26.08695652173913	7.123522032364524E-4	4825, 2019, 5087, 4010, 5309, 6421	22	601	16881	7.660414460747239	0.13776037326449941	0.04820666473807511	0.8948837652516306
GOTERM_MF_ALL	GO:0001012~RNA polymerase II regulatory region DNA binding	6	26.08695652173913	7.286130733629492E-4	4825, 2019, 5087, 4010, 5309, 6421	22	604	16881	7.622366044551475	0.1406738619639175	0.03719240949769398	0.9152249350093955
GOTERM_BP_ALL	GO:0031328~positive regulation of cellular biosynthetic process	9	39.130434782608695	7.388082218882833E-4	116, 4825, 2019, 5979, 5087, 4010, 7432, 5309, 1813	22	1729	16792	3.9730795520269204	0.6953046001733632	0.02550482437533974	1.2307002479874596
GOTERM_CC_ALL	GO:0036477~somatodendritic compartment	6	26.08695652173913	7.810099355806689E-4	5979, 2644, 6531, 1644, 1813, 7054	22	662	18224	7.507827519912112	0.13255168228541436	0.014119308765537686	0.9595261085871942
GOTERM_BP_ALL	GO:1901564~organonitrogen compound metabolic process	10	43.47826086956522	7.989140184775414E-4	116, 6531, 2643, 5563, 7432, 1644, 1813, 7299, 7054, 7385	22	2221	16792	3.43661741230404	0.7233956627069876	0.026973520163361964	1.3301949292854554
GOTERM_BP_ALL	GO:0009891~positive regulation of biosynthetic process	9	39.130434782608695	8.324771805452511E-4	116, 4825, 2019, 5979, 5087, 4010, 7432, 5309, 1813	22	1760	16792	3.9030991735537195	0.7379397401968131	0.027514000554636264	1.3857118865917561
GOTERM_BP_ALL	GO:0045893~positive regulation of transcription, DNA-templated	8	34.78260869565217	9.041927074154482E-4	116, 4825, 2019, 5979, 5087, 4010, 5309, 1813	22	1349	16792	4.52645056944538	0.7665061619766248	0.029249413264560875	1.5042384019028021
GOTERM_BP_ALL	GO:1903508~positive regulation of nucleic acid-templated transcription	8	34.78260869565217	9.041927074154482E-4	116, 4825, 2019, 5979, 5087, 4010, 5309, 1813	22	1349	16792	4.52645056944538	0.7665061619766248	0.029249413264560875	1.5042384019028021
GOTERM_BP_ALL	GO:0048666~neuron development	7	30.434782608695656	9.122391768336059E-4	116, 4825, 2019, 5979, 5309, 1813, 7054	22	965	16792	5.536693358455016	0.7695105243801573	0.028924444365505342	1.517528694564585
GOTERM_BP_ALL	GO:1902680~positive regulation of RNA biosynthetic process	8	34.78260869565217	9.871937163438026E-4	116, 4825, 2019, 5979, 5087, 4010, 5309, 1813	22	1369	16792	4.460322730593001	0.795705265586305	0.030661123821249192	1.6412495512778902
GOTERM_BP_ALL	GO:0010033~response to organic substance	11	47.82608695652174	0.0010313459859764126	116, 4825, 5979, 6531, 2643, 5563, 1644, 1813, 6571, 7299, 7054	22	2822	16792	2.975194897236003	0.8097202893814992	0.031405133185702816	1.714059397166201
GOTERM_BP_ALL	GO:0071542~dopaminergic neuron differentiation	3	13.043478260869565	0.0010734262637251209	2019, 4010, 5309	22	39	16792	58.713286713286706	0.8221823158053194	0.032059673338609596	1.783405227840451
GOTERM_BP_ALL	GO:0097305~response to alcohol	4	17.391304347826086	0.0011069933455465004	116, 6531, 1813, 7054	22	166	16792	18.3921139101862	0.8315356756450909	0.03244408326756498	1.838688820903589
GOTERM_BP_ALL	GO:0051254~positive regulation of RNA metabolic process	8	34.78260869565217	0.0012013368571694998	116, 4825, 2019, 5979, 5087, 4010, 5309, 1813	22	1415	16792	4.315322839704465	0.85527370448736	0.03453346182909456	1.993912026805289
GOTERM_CC_ALL	GO:0043025~neuronal cell body	5	21.73913043478261	0.001208636475075564	5979, 6531, 1644, 1813, 7054	22	419	18224	9.885007593838143	0.19756536472533082	0.019810672278665065	1.4813039803226347
GOTERM_BP_ALL	GO:0007623~circadian rhythm	4	17.391304347826086	0.0012262783847338907	1644, 1813, 7054, 6421	22	172	16792	17.750528541226213	0.8609700155902492	0.03461984793062811	2.034909684692121
GOTERM_BP_ALL	GO:0007420~brain development	6	26.08695652173913	0.0013053647276917463	116, 2019, 6531, 5309, 1813, 7054	22	684	16792	6.695374800637958	0.877592259692119	0.03617841758561691	2.1648013177489878
GOTERM_MF_ALL	GO:0000976~transcription regulatory region sequence-specific DNA binding	6	26.08695652173913	0.0013428830318267747	4825, 2019, 5087, 4010, 5309, 6421	22	692	16881	6.653047819232789	0.24384385680769605	0.05436770226542287	1.6808226695779527
GOTERM_BP_ALL	GO:0045944~positive regulation of transcription from RNA polymerase II promoter	7	30.434782608695656	0.001355080328392034	116, 4825, 2019, 5087, 4010, 5309, 1813	22	1041	16792	5.132477512880971	0.8870089698071327	0.036896032653418454	2.246371443605344
GOTERM_BP_ALL	GO:0014075~response to amine	3	13.043478260869565	0.001365241705113605	1813, 6571, 7054	22	44	16792	52.04132231404959	0.888842658528306	0.036549380789214214	2.2630356969111864
GOTERM_CC_ALL	GO:0045202~synapse	6	26.08695652173913	0.001408743750135435	116, 6531, 1644, 1813, 6571, 7054	22	755	18224	6.583022275737507	0.22630081219116627	0.02115405716673524	1.7246005617790883
GOTERM_BP_ALL	GO:0021983~pituitary gland development	3	13.043478260869565	0.0014276657309480866	116, 6531, 1813	22	45	16792	50.88484848484848	0.8994727851101715	0.03756503110475451	2.365350017740797
GOTERM_BP_ALL	GO:1901576~organic substance biosynthetic process	16	69.56521739130434	0.001459065932522889	116, 2019, 2643, 5087, 4010, 7299, 6421, 4825, 5979, 6531, 5563, 7432, 5309, 1644, 1813, 7054	22	6227	16792	1.9611953808195979	0.9044295206896381	0.03775869340868443	2.4167775435406047
GOTERM_BP_ALL	GO:0065008~regulation of biological quality	12	52.17391304347826	0.0015547698111820364	116, 4825, 5979, 2644, 6531, 2643, 216, 5563, 7432, 1813, 6571, 7054	22	3548	16792	2.5815312083632262	0.9180802680493113	0.03955166405767163	2.573365112289594
GOTERM_BP_ALL	GO:0023061~signal release	5	21.73913043478261	0.0016043220216066226	116, 4825, 7432, 1813, 6571	22	417	16792	9.151951166339655	0.9243638852418203	0.04015291348347183	2.654347957694758
GOTERM_BP_ALL	GO:0060322~head development	6	26.08695652173913	0.0016397581621315266	116, 2019, 6531, 5309, 1813, 7054	22	720	16792	6.36060606060606	0.9285598534846679	0.04039423366331807	2.7122221821256787
GOTERM_BP_ALL	GO:0044281~small molecule metabolic process	9	39.130434782608695	0.001647916439360132	116, 216, 5563, 7432, 1644, 1813, 7299, 7054, 7385	22	1951	16792	3.5209915660966407	0.9294924442759652	0.03997940789286625	2.7255416794539133
GOTERM_MF_ALL	GO:1990837~sequence-specific double-stranded DNA binding	6	26.08695652173913	0.0016517585793941662	4825, 2019, 5087, 4010, 5309, 6421	22	725	16881	6.350219435736677	0.2909646120537771	0.05569711058549964	2.0637294863618205
GOTERM_BP_ALL	GO:0048732~gland development	5	21.73913043478261	0.0016615733345255262	116, 6531, 5087, 1813, 7299	22	421	16792	9.064996760958755	0.9310264435604467	0.03970585239265123	2.747834580864794
GOTERM_BP_ALL	GO:0007267~cell-cell signaling	8	34.78260869565217	0.0018088374163825781	116, 4825, 6531, 5563, 7432, 1813, 6571, 7054	22	1517	16792	4.0251692934619765	0.945592014514701	0.04252092132867746	2.9879168414513546
GOTERM_BP_ALL	GO:0019637~organophosphate metabolic process	7	30.434782608695656	0.0018695898069822944	116, 2643, 216, 5563, 7432, 1813, 7385	22	1108	16792	4.822120118148999	0.9506646389099612	0.043286857711833826	3.0867980121802363
GOTERM_CC_ALL	GO:0033267~axon part	4	17.391304347826086	0.001915158662098881	116, 1813, 6571, 7054	22	218	18224	15.19933277731443	0.29453144227269334	0.026480991989866642	2.337850734733604
GOTERM_BP_ALL	GO:0009893~positive regulation of metabolic process	11	47.82608695652174	0.001927188458262427	116, 4825, 2019, 5979, 2643, 5087, 4010, 5563, 7432, 5309, 1813	22	3052	16792	2.750982961992136	0.9550367137564933	0.043959691062339545	3.1804586008536084
GOTERM_BP_ALL	GO:0009636~response to toxic substance	4	17.391304347826086	0.0019441379516919794	1644, 1813, 6571, 7054	22	202	16792	15.114311431143115	0.9562479420006595	0.043718635283454876	3.2080037892606272
GOTERM_CC_ALL	GO:0044297~cell body	5	21.73913043478261	0.0019920732674428183	5979, 6531, 1644, 1813, 7054	22	480	18224	8.628787878787879	0.3043571767549368	0.02558967040002147	2.4306833164954633
GOTERM_BP_ALL	GO:0044271~cellular nitrogen compound biosynthetic process	14	60.86956521739131	0.0020191288344332424	116, 2019, 2644, 2643, 5087, 4010, 6421, 4825, 5979, 5563, 7432, 5309, 1644, 1813	22	4947	16792	2.1600602752816216	0.961227397278818	0.044743349804709065	3.329785578834532
GOTERM_BP_ALL	GO:1900542~regulation of purine nucleotide metabolic process	4	17.391304347826086	0.002027604712107033	116, 5563, 7432, 1813	22	205	16792	14.893126385809312	0.9617533093462003	0.0443171255417415	3.3435409532317606
GOTERM_MF_ALL	GO:0016597~amino acid binding	3	13.043478260869565	0.0021798011911252505	2644, 1644, 7054	22	56	16881	41.10633116883117	0.36484964367222295	0.06278440487025083	2.7151547547592636
GOTERM_BP_ALL	GO:0051937~catecholamine transport	3	13.043478260869565	0.002202497378888337	6531, 1813, 6571	22	56	16792	40.88961038961039	0.9711464349361184	0.04740819240744021	3.626961171666676
GOTERM_BP_ALL	GO:0006140~regulation of nucleotide metabolic process	4	17.391304347826086	0.0022309985319433584	116, 5563, 7432, 1813	22	212	16792	14.401372212692968	0.9724417516986831	0.04737424455033734	3.6730742566500996
GOTERM_BP_ALL	GO:0009889~regulation of biosynthetic process	13	56.52173913043478	0.002279667341704933	116, 2019, 2644, 5087, 4010, 6421, 4825, 5979, 5563, 7432, 5309, 6571, 1813	22	4339	16792	2.286827714806512	0.9745207208756812	0.04775398952231913	3.751769390051851
GOTERM_BP_ALL	GO:0019748~secondary metabolic process	3	13.043478260869565	0.0022808708665324937	1644, 7299, 7054	22	57	16792	40.17224880382775	0.9745700949019018	0.0471650165526073	3.753714665855279
GOTERM_CC_ALL	GO:0043195~terminal bouton	3	13.043478260869565	0.0023675097749181486	116, 6571, 7054	22	63	18224	39.44588744588744	0.3503994541526593	0.028350215368233678	2.8826559945842822
GOTERM_BP_ALL	GO:0010557~positive regulation of macromolecule biosynthetic process	8	34.78260869565217	0.0024374552839150636	116, 4825, 2019, 5979, 5087, 4010, 5309, 1813	22	1597	16792	3.823532760289179	0.9802423118138481	0.04968692861061319	4.006489422378401
GOTERM_BP_ALL	GO:0052314~phytoalexin metabolic process	2	8.695652173913043	0.0024997014412991075	1644, 7054	22	2	16792	763.2727272727274	0.9821285731198686	0.050288307343493766	4.106800096948138
GOTERM_BP_ALL	GO:0010817~regulation of hormone levels	5	21.73913043478261	0.0025807862807547275	116, 4825, 216, 7432, 1813	22	475	16792	8.03444976076555	0.9843184211762362	0.051238981313557086	4.237321786260784
GOTERM_CC_ALL	GO:0031410~cytoplasmic vesicle	7	30.434782608695656	0.002613946677146035	2644, 2643, 1644, 1813, 6571, 7299, 7054	22	1284	18224	4.516001132823563	0.37896085161974113	0.02933373523941818	3.1782844990699832
GOTERM_MF_ALL	GO:0003690~double-stranded DNA binding	6	26.08695652173913	0.0026171287964305645	4825, 2019, 5087, 4010, 5309, 6421	22	805	16881	5.71914172783738	0.4202024967409925	0.06586521906000153	3.2516456543441596
GOTERM_CC_ALL	GO:0097708~intracellular vesicle	7	30.434782608695656	0.0026346432656020736	2644, 2643, 1644, 1813, 6571, 7299, 7054	22	1286	18224	4.508977802912484	0.38130190062420044	0.027848286494270624	3.2030746801533505
GOTERM_BP_ALL	GO:0018130~heterocycle biosynthetic process	13	56.52173913043478	0.002653573941008852	116, 2019, 2643, 5087, 4010, 6421, 4825, 5979, 5563, 7432, 1644, 5309, 1813	22	4411	16792	2.2495002164011457	0.9860547769330469	0.05200659004252961	4.3543452621975565
GOTERM_BP_ALL	GO:0044237~cellular metabolic process	20	86.95652173913044	0.0029014248210403903	116, 2019, 2644, 2643, 216, 5087, 4010, 7299, 6421, 4825, 5979, 6531, 5563, 7432, 5309, 1644, 6571, 1813, 7054, 7385	22	10202	16792	1.4963197946926627	0.9906490049457279	0.05605027981470034	4.751816778109042
GOTERM_BP_ALL	GO:0030072~peptide hormone secretion	4	17.391304347826086	0.0032075591518073245	116, 4825, 7432, 1813	22	241	16792	12.668427008675971	0.9942929027636709	0.06105703871613011	5.240611938533579
GOTERM_BP_ALL	GO:0046483~heterocycle metabolic process	15	65.21739130434783	0.003318755754651057	116, 2019, 2643, 5087, 4010, 6421, 4825, 5979, 5563, 7432, 5309, 1644, 1813, 7054, 7385	22	5919	16792	1.9342947979541996	0.9952301206279428	0.06237277384757911	5.417571385484798
GOTERM_BP_ALL	GO:0015844~monoamine transport	3	13.043478260869565	0.0033225743965407182	6531, 1813, 6571	22	69	16792	33.18577075098814	0.995259416727162	0.06172243801304289	5.423642890060654
GOTERM_MF_ALL	GO:0044212~transcription regulatory region DNA binding	6	26.08695652173913	0.0033656222644788476	4825, 2019, 5087, 4010, 5309, 6421	22	853	16881	5.397314291804326	0.5040251860767964	0.07495644778554056	4.16354213447322
GOTERM_BP_ALL	GO:0010628~positive regulation of gene expression	8	34.78260869565217	0.003394338447630766	116, 4825, 2019, 5979, 5087, 4010, 5309, 1813	22	1692	16792	3.6088545024715235	0.9957777222784916	0.062297105865050884	5.537677036201682
GOTERM_BP_ALL	GO:1901135~carbohydrate derivative metabolic process	7	30.434782608695656	0.0034057519441160586	116, 216, 5563, 7432, 1813, 7054, 7385	22	1247	16792	4.284610337537362	0.9958547661227642	0.06179642853304235	5.5558013313959265
GOTERM_MF_ALL	GO:0000975~regulatory region DNA binding	6	26.08695652173913	0.0034170744766265724	4825, 2019, 5087, 4010, 5309, 6421	22	856	16881	5.3783984706881895	0.5093227061705827	0.06872145834186993	4.225935206535825
GOTERM_MF_ALL	GO:0001067~regulatory region nucleic acid binding	6	26.08695652173913	0.003434352128288031	4825, 2019, 5087, 4010, 5309, 6421	22	857	16881	5.3721226264983555	0.5110889534761445	0.06298149413736154	4.246878409141075
GOTERM_CC_ALL	GO:0042995~cell projection	8	34.78260869565217	0.0034994960318256497	116, 5979, 2644, 6531, 1644, 1813, 6571, 7054	22	1846	18224	3.589874913818576	0.47166531003793655	0.03482500368767871	4.233787850952531
GOTERM_BP_ALL	GO:0035690~cellular response to drug	3	13.043478260869565	0.0035141461457202277	5563, 1644, 7054	22	71	16792	32.250960307298335	0.9965199168784395	0.06299391899320794	5.727765206983504
GOTERM_BP_ALL	GO:0045761~regulation of adenylate cyclase activity	3	13.043478260869565	0.0035141461457202277	116, 7432, 1813	22	71	16792	32.250960307298335	0.9965199168784395	0.06299391899320794	5.727765206983504
GOTERM_BP_ALL	GO:0002790~peptide secretion	4	17.391304347826086	0.003556325983589968	116, 4825, 7432, 1813	22	250	16792	12.212363636363635	0.9967489098495564	0.06302586504387431	5.794602536567006
GOTERM_BP_ALL	GO:0009150~purine ribonucleotide metabolic process	5	21.73913043478261	0.003577052627635862	116, 5563, 7432, 1813, 7385	22	520	16792	7.339160839160839	0.9968558529985044	0.06269258135555833	5.8274292335469
GOTERM_BP_ALL	GO:0033555~multicellular organismal response to stress	3	13.043478260869565	0.003611832990571923	116, 5979, 2643	22	72	16792	31.8030303030303	0.9970274681776299	0.06260285187317438	5.88248993360031
GOTERM_BP_ALL	GO:0033076~isoquinoline alkaloid metabolic process	2	8.695652173913043	0.003747319444232608	1644, 7054	22	3	16792	508.8484848484849	0.9976113048940496	0.06418806582962477	6.096689668517008
GOTERM_BP_ALL	GO:0009259~ribonucleotide metabolic process	5	21.73913043478261	0.003960521162200692	116, 5563, 7432, 1813, 7385	22	535	16792	7.13338997451147	0.9983068469047446	0.06700969060623752	6.432826758789101
GOTERM_BP_ALL	GO:0050877~neurological system process	7	30.434782608695656	0.004003435056707418	116, 2019, 6531, 2643, 1813, 7299, 7054	22	1288	16792	4.148221343873518	0.9984201796975029	0.06700889761211759	6.500348528924871
GOTERM_BP_ALL	GO:0006163~purine nucleotide metabolic process	5	21.73913043478261	0.004286872370413034	116, 5563, 7432, 1813, 7385	22	547	16792	6.976898786770816	0.99900035312202	0.07085504183782387	6.945166359275435
GOTERM_BP_ALL	GO:0015833~peptide transport	4	17.391304347826086	0.0043217853514778085	116, 4825, 7432, 1813	22	268	16792	11.392130257801899	0.9990551564756492	0.0706877048598985	6.9998198631290975
GOTERM_BP_ALL	GO:0019693~ribose phosphate metabolic process	5	21.73913043478261	0.0043429929659246184	116, 5563, 7432, 1813, 7385	22	549	16792	6.951482033449246	0.9990869696685984	0.07030951200529734	7.033003964568985
GOTERM_BP_ALL	GO:0021536~diencephalon development	3	13.043478260869565	0.0044385548168504405	116, 6531, 1813	22	80	16792	28.62272727272727	0.9992175516073879	0.07108971784899809	7.182393987679259
GOTERM_BP_ALL	GO:0014070~response to organic cyclic compound	6	26.08695652173913	0.004461252915641584	116, 4825, 6531, 1813, 7299, 7054	22	906	16792	5.054786273329319	0.9992457180142641	0.07073816841609726	7.2178443030439965
GOTERM_BP_ALL	GO:0031325~positive regulation of cellular metabolic process	10	43.47826086956522	0.004659029549211037	116, 4825, 2019, 5979, 5087, 4010, 5563, 7432, 5309, 1813	22	2839	16792	2.6885266899356366	0.9994519949101583	0.07304547202523992	7.526197226433928
GOTERM_BP_ALL	GO:0044711~single-organism biosynthetic process	7	30.434782608695656	0.004871603721507004	116, 5087, 5563, 7432, 1813, 7299, 7054	22	1340	16792	3.9872455902306645	0.9996112919186909	0.07552273423142408	7.856546347555426
GOTERM_BP_ALL	GO:0065009~regulation of molecular function	10	43.47826086956522	0.004937892578077273	116, 4825, 5979, 2644, 2643, 5087, 216, 9628, 7432, 1813	22	2863	16792	2.66598926745626	0.9996507769741394	0.075784397927801	7.959334803049489
GOTERM_BP_ALL	GO:0046684~response to pyrethroid	2	8.695652173913043	0.004993451214552819	1644, 7054	22	4	16792	381.6363636363637	0.9996807652790088	0.0758838293612959	8.045401761807437
GOTERM_BP_ALL	GO:0031279~regulation of cyclase activity	3	13.043478260869565	0.004995633676551482	116, 7432, 1813	22	85	16792	26.939037433155075	0.9996818892412875	0.07520717829122958	8.048781110646663
GOTERM_BP_ALL	GO:1903409~reactive oxygen species biosynthetic process	3	13.043478260869565	0.004995633676551482	2644, 2643, 6571	22	85	16792	26.939037433155075	0.9996818892412875	0.07520717829122958	8.048781110646663
GOTERM_BP_ALL	GO:0072521~purine-containing compound metabolic process	5	21.73913043478261	0.005118813396402162	116, 5563, 7432, 1813, 7385	22	575	16792	6.637154150197628	0.999739313160244	0.07628157412237457	8.239324795274817
GOTERM_BP_ALL	GO:0006366~transcription from RNA polymerase II promoter	8	34.78260869565217	0.005120364182786686	116, 4825, 2019, 5087, 4010, 5309, 1813, 6421	22	1820	16792	3.355044955044955	0.9997399657527556	0.07560532764829131	8.241721300361704
GOTERM_BP_ALL	GO:0019222~regulation of metabolic process	15	65.21739130434783	0.005153263047927607	116, 4825, 2019, 5979, 2644, 6531, 2643, 5087, 4010, 5563, 7432, 5309, 1813, 6571, 6421	22	6171	16792	1.8553056083440138	0.9997534317528798	0.07538343198643782	8.29254763971493
GOTERM_BP_ALL	GO:0051339~regulation of lyase activity	3	13.043478260869565	0.005227058272798994	116, 7432, 1813	22	87	16792	26.319749216300938	0.9997811564685222	0.07573684158316674	8.40645958817927
GOTERM_BP_ALL	GO:0042886~amide transport	4	17.391304347826086	0.005333206827158906	116, 4825, 7432, 1813	22	289	16792	10.564328405158856	0.999815663277742	0.0765309768470327	8.57007954378507
GOTERM_BP_ALL	GO:0006357~regulation of transcription from RNA polymerase II promoter	8	34.78260869565217	0.005360181059867621	116, 4825, 2019, 5087, 4010, 5309, 1813, 6421	22	1835	16792	3.3276195194451326	0.9998235290322632	0.0762258402436431	8.611614463283324
GOTERM_BP_ALL	GO:0044093~positive regulation of molecular function	8	34.78260869565217	0.00544201283819861	116, 4825, 5979, 2643, 216, 9628, 7432, 1813	22	1840	16792	3.318577075098814	0.9998453976542614	0.0766709284058964	8.737510492501144
GOTERM_BP_ALL	GO:0042221~response to chemical	12	52.17391304347826	0.005452479671841861	116, 4825, 5979, 6531, 2643, 5563, 1644, 1813, 6571, 7299, 7054, 6421	22	4117	16792	2.224744407887473	0.9998479919534075	0.07614800366887087	8.75360167074769
GOTERM_BP_ALL	GO:0090277~positive regulation of peptide hormone secretion	3	13.043478260869565	0.005463357882396626	116, 4825, 1813	22	89	16792	25.72829417773238	0.9998506421207455	0.07563961953366793	8.770322451766589
GOTERM_BP_ALL	GO:1901566~organonitrogen compound biosynthetic process	7	30.434782608695656	0.005530827302838452	116, 6531, 2643, 7432, 1644, 1813, 7054	22	1375	16792	3.885752066115703	0.9998660783682061	0.07588856817847256	8.873964641523424
GOTERM_BP_ALL	GO:0046879~hormone secretion	4	17.391304347826086	0.005646277953400549	116, 4825, 7432, 1813	22	295	16792	10.349460708782743	0.9998888848745886	0.07676172722380625	9.051055740730373
GOTERM_BP_ALL	GO:0002793~positive regulation of peptide secretion	3	13.043478260869565	0.00595048850585694	116, 4825, 1813	22	93	16792	24.621700879765395	0.9999320655468089	0.08006465543461971	9.516139321321692
GOTERM_BP_ALL	GO:0007189~adenylate cyclase-activating G-protein coupled receptor signaling pathway	3	13.043478260869565	0.00595048850585694	116, 7432, 1813	22	93	16792	24.621700879765395	0.9999320655468089	0.08006465543461971	9.516139321321692
GOTERM_BP_ALL	GO:0007268~chemical synaptic transmission	5	21.73913043478261	0.006089484426726828	116, 6531, 1813, 6571, 7054	22	604	16792	6.318482841661649	0.9999457455928537	0.08118539875578001	9.727894079530675
GOTERM_BP_ALL	GO:0099536~synaptic signaling	5	21.73913043478261	0.006089484426726828	116, 6531, 1813, 6571, 7054	22	604	16792	6.318482841661649	0.9999457455928537	0.08118539875578001	9.727894079530675
GOTERM_BP_ALL	GO:0098916~anterograde trans-synaptic signaling	5	21.73913043478261	0.006089484426726828	116, 6531, 1813, 6571, 7054	22	604	16792	6.318482841661649	0.9999457455928537	0.08118539875578001	9.727894079530675
GOTERM_BP_ALL	GO:0099537~trans-synaptic signaling	5	21.73913043478261	0.006089484426726828	116, 6531, 1813, 6571, 7054	22	604	16792	6.318482841661649	0.9999457455928537	0.08118539875578001	9.727894079530675
GOTERM_BP_ALL	GO:0009914~hormone transport	4	17.391304347826086	0.006248663979528932	116, 4825, 7432, 1813	22	306	16792	9.977421271538919	0.9999580644186685	0.08254203234466673	9.969825382405851
GOTERM_CC_ALL	GO:0042470~melanosome	3	13.043478260869565	0.0065481526291770046	2644, 7299, 7054	22	106	18224	23.444253859348198	0.6975026681157077	0.060991431638478644	7.787206136142821
GOTERM_CC_ALL	GO:0048770~pigment granule	3	13.043478260869565	0.0065481526291770046	2644, 7299, 7054	22	106	18224	23.444253859348198	0.6975026681157077	0.060991431638478644	7.787206136142821
GOTERM_BP_ALL	GO:0007275~multicellular organism development	13	56.52173913043478	0.006557138099794726	116, 4825, 2019, 5979, 6531, 5087, 4010, 5309, 1644, 1813, 6571, 7299, 7054	22	4877	16792	2.0345592484202286	0.9999745450098843	0.08574809842387066	10.43692958223753
GOTERM_BP_ALL	GO:0042752~regulation of circadian rhythm	3	13.043478260869565	0.006982224218829251	5563, 1813, 6421	22	101	16792	22.67146714671467	0.9999872093500357	0.09033507270157026	11.076879596140154
GOTERM_BP_ALL	GO:0009953~dorsal/ventral pattern formation	3	13.043478260869565	0.006982224218829251	4825, 2019, 4010	22	101	16792	22.67146714671467	0.9999872093500357	0.09033507270157026	11.076879596140154
GOTERM_CC_ALL	GO:0030133~transport vesicle	4	17.391304347826086	0.00700124244572975	1644, 1813, 6571, 7054	22	346	18224	9.576458223857069	0.721603142367987	0.06193438640193005	8.304846863809612
GOTERM_BP_ALL	GO:0050905~neuromuscular process	3	13.043478260869565	0.007116523078905345	6531, 2643, 1813	22	102	16792	22.449197860962563	0.9999897094219194	0.09126553808891069	11.278165654526317
GOTERM_BP_ALL	GO:0007631~feeding behavior	3	13.043478260869565	0.007251997230517188	2019, 1813, 7054	22	103	16792	22.231244483671667	0.9999917368164638	0.09219419879851065	11.480779097029226
GOTERM_BP_ALL	GO:0003002~regionalization	4	17.391304347826086	0.007629516796213101	4825, 2019, 5087, 4010	22	329	16792	9.279911577783919	0.9999955173800912	0.09601734487730695	12.04309950205289
GOTERM_BP_ALL	GO:0048468~cell development	8	34.78260869565217	0.00788420268192308	116, 4825, 2019, 5979, 5087, 5309, 1813, 7054	22	1968	16792	3.1027346637102733	0.9999970332376766	0.09830593862061532	12.420558237646496
GOTERM_MF_ALL	GO:0000982~transcription factor activity, RNA polymerase II core promoter proximal region sequence-specific binding	4	17.391304347826086	0.008429754130785744	4825, 2019, 5087, 5309	22	343	16881	8.948316989133316	0.8280963226487308	0.13647728948517734	10.128316556430129
GOTERM_BP_ALL	GO:0030817~regulation of cAMP biosynthetic process	3	13.043478260869565	0.008523682471907627	116, 7432, 1813	22	112	16792	20.444805194805195	0.999998948011762	0.10506723143848917	13.361600646670379
GOTERM_BP_ALL	GO:0009117~nucleotide metabolic process	5	21.73913043478261	0.008609848127542655	116, 5563, 7432, 1813, 7385	22	667	16792	5.7216846122393346	0.9999990852181522	0.10527300587994182	13.487670515775473
GOTERM_BP_ALL	GO:0099504~synaptic vesicle cycle	3	13.043478260869565	0.008968323699038952	1644, 6571, 7054	22	115	16792	19.911462450592886	0.9999994886032594	0.1086064082960283	14.010310556880645
GOTERM_BP_ALL	GO:0006171~cAMP biosynthetic process	3	13.043478260869565	0.008968323699038952	116, 7432, 1813	22	115	16792	19.911462450592886	0.9999994886032594	0.1086064082960283	14.010310556880645
GOTERM_BP_ALL	GO:0006753~nucleoside phosphate metabolic process	5	21.73913043478261	0.008972527286665546	116, 5563, 7432, 1813, 7385	22	675	16792	5.653872053872054	0.9999994920793994	0.10784700611748954	14.016421535503943
GOTERM_BP_ALL	GO:0048513~animal organ development	10	43.47826086956522	0.009021476572043729	116, 4825, 2019, 5979, 6531, 5087, 5309, 1813, 7299, 7054	22	3129	16792	2.439350358813446	0.9999995308605312	0.10760516778634044	14.087551653973662
GOTERM_MF_ALL	GO:0043565~sequence-specific DNA binding	6	26.08695652173913	0.009134282992765187	4825, 2019, 5087, 4010, 5309, 6421	22	1080	16881	4.262878787878788	0.8517212484917044	0.13655070339208386	10.93050178012004
GOTERM_BP_ALL	GO:0046887~positive regulation of hormone secretion	3	13.043478260869565	0.009270448298854417	116, 4825, 1813	22	117	16792	19.57109557109557	0.9999996867949122	0.10961042131064236	14.448486567501838
GOTERM_BP_ALL	GO:0050767~regulation of neurogenesis	5	21.73913043478261	0.009298068513401921	116, 4825, 5979, 5087, 1813	22	682	16792	5.59584110903759	0.9999997005256729	0.1091221713405649	14.488439676343257
GOTERM_MF_ALL	GO:0000978~RNA polymerase II core promoter proximal region sequence-specific DNA binding	4	17.391304347826086	0.009330791769847578	4825, 2019, 5087, 5309	22	356	16881	8.621552604698671	0.8577139814416709	0.13001535470105552	11.15307026709752
GOTERM_BP_ALL	GO:0051171~regulation of nitrogen compound metabolic process	12	52.17391304347826	0.00939202141609881	116, 4825, 2019, 5979, 6531, 5087, 4010, 5563, 7432, 5309, 1813, 6421	22	4404	16792	2.0797621996532074	0.9999997428840129	0.10937344112347125	14.624212839020744
GOTERM_CC_ALL	GO:0016023~cytoplasmic, membrane-bounded vesicle	6	26.08695652173913	0.009702733902804295	2644, 1644, 1813, 6571, 7299, 7054	22	1183	18224	4.201337124414048	0.8304352483537732	0.08102923775374082	11.33619417713324
GOTERM_BP_ALL	GO:0030900~forebrain development	4	17.391304347826086	0.009831939621044403	116, 6531, 1813, 7054	22	361	16792	8.457315537647949	0.999999874127006	0.11340197027395227	15.257254827551204
GOTERM_BP_ALL	GO:0090494~dopamine uptake	2	8.695652173913043	0.00996314958338573	6531, 1813	22	8	16792	190.81818181818184	0.9999998982846038	0.11401991467264871	15.445209645336444
GOTERM_BP_ALL	GO:0006570~tyrosine metabolic process	2	8.695652173913043	0.00996314958338573	7299, 7054	22	8	16792	190.81818181818184	0.9999998982846038	0.11401991467264871	15.445209645336444
GOTERM_BP_ALL	GO:0060124~positive regulation of growth hormone secretion	2	8.695652173913043	0.00996314958338573	116, 1813	22	8	16792	190.81818181818184	0.9999998982846038	0.11401991467264871	15.445209645336444
GOTERM_BP_ALL	GO:0051583~dopamine uptake involved in synaptic transmission	2	8.695652173913043	0.00996314958338573	6531, 1813	22	8	16792	190.81818181818184	0.9999998982846038	0.11401991467264871	15.445209645336444
GOTERM_BP_ALL	GO:0046903~secretion	6	26.08695652173913	0.009993584680480436	116, 4825, 6531, 7432, 1813, 6571	22	1098	16792	4.170889220069547	0.9999999031904366	0.11354619925547849	15.488751077207308
GOTERM_BP_ALL	GO:0043085~positive regulation of catalytic activity	7	30.434782608695656	0.010145962702325944	116, 5979, 2643, 216, 9628, 7432, 1813	22	1559	16792	3.4271386086652282	0.9999999244171435	0.11437966488426554	15.70643115024083
GOTERM_BP_ALL	GO:0031323~regulation of cellular metabolic process	14	60.86956521739131	0.010170736421811533	116, 2019, 2643, 5087, 4010, 6421, 4825, 5979, 6531, 5563, 7432, 5309, 6571, 1813	22	5844	16792	1.8285109825150891	0.9999999273985765	0.11385059639603334	15.741771854773845
GOTERM_BP_ALL	GO:0035264~multicellular organism growth	3	13.043478260869565	0.010363424502965473	2019, 6531, 1813	22	124	16792	18.466275659824046	0.9999999469132209	0.11509283658191127	16.01617390111597
GOTERM_BP_ALL	GO:0009605~response to external stimulus	8	34.78260869565217	0.010445905582445205	116, 6531, 2643, 5563, 7432, 1813, 7299, 7054	22	2073	16792	2.945577336315397	0.9999999535719472	0.11516818842324528	16.13337602108935
GOTERM_BP_ALL	GO:0008152~metabolic process	20	86.95652173913044	0.010809644458743516	116, 2019, 2644, 2643, 216, 5087, 4010, 7299, 6421, 4825, 5979, 6531, 5563, 7432, 5309, 1644, 6571, 1813, 7054, 7385	22	11075	16792	1.3783706135850604	0.9999999742938858	0.11814750992482603	16.648401330944406
GOTERM_MF_ALL	GO:0000987~core promoter proximal region sequence-specific DNA binding	4	17.391304347826086	0.010824322013618564	4825, 2019, 5087, 5309	22	376	16881	8.162959381044487	0.8960383178767022	0.1400796634326391	12.828000914210303
GOTERM_BP_ALL	GO:0008277~regulation of G-protein coupled receptor protein signaling pathway	3	13.043478260869565	0.010848600290442318	116, 9628, 1813	22	127	16792	18.03006442376521	0.9999999758712972	0.1177543445506305	16.703383028185225
GOTERM_MF_ALL	GO:0001159~core promoter proximal region DNA binding	4	17.391304347826086	0.010980911513258538	4825, 2019, 5087, 5309	22	378	16881	8.11976911976912	0.8994059857958698	0.13371507146733308	13.001914949639314
GOTERM_BP_ALL	GO:0030814~regulation of cAMP metabolic process	3	13.043478260869565	0.011177581460327431	116, 7432, 1813	22	129	16792	17.750528541226217	0.9999999858670412	0.12031356663815418	17.166344112444854
GOTERM_BP_ALL	GO:0010578~regulation of adenylate cyclase activity involved in G-protein coupled receptor signaling pathway	2	8.695652173913043	0.011201875385581242	116, 7432	22	9	16792	169.61616161616163	0.9999999864145024	0.1197640057205871	17.200435799367362
GOTERM_BP_ALL	GO:0010579~positive regulation of adenylate cyclase activity involved in G-protein coupled receptor signaling pathway	2	8.695652173913043	0.011201875385581242	116, 7432	22	9	16792	169.61616161616163	0.9999999864145024	0.1197640057205871	17.200435799367362
GOTERM_BP_ALL	GO:0017085~response to insecticide	2	8.695652173913043	0.011201875385581242	1644, 7054	22	9	16792	169.61616161616163	0.9999999864145024	0.1197640057205871	17.200435799367362
GOTERM_BP_ALL	GO:0071702~organic substance transport	9	39.130434782608695	0.011419825015972244	116, 4825, 6531, 5563, 7432, 1644, 1813, 6571, 7054	22	2657	16792	2.585417593321244	0.9999999904691826	0.12115962438462424	17.505695133748745
GOTERM_BP_ALL	GO:1900544~positive regulation of purine nucleotide metabolic process	3	13.043478260869565	0.011510961554139741	116, 5563, 7432	22	131	16792	17.479528105482302	0.9999999917823588	0.12127615620882093	17.633026546533724
GOTERM_BP_ALL	GO:0045981~positive regulation of nucleotide metabolic process	3	13.043478260869565	0.011510961554139741	116, 5563, 7432	22	131	16792	17.479528105482302	0.9999999917823588	0.12127615620882093	17.633026546533724
GOTERM_BP_ALL	GO:0055086~nucleobase-containing small molecule metabolic process	5	21.73913043478261	0.0116330783047877	116, 5563, 7432, 1813, 7385	22	728	16792	5.242257742257743	0.9999999932629607	0.1216964981049764	17.803352261490613
GOTERM_BP_ALL	GO:1990267~response to transition metal nanoparticle	3	13.043478260869565	0.011679294365644605	6531, 1813, 7054	22	132	16792	17.347107438016526	0.9999999937509548	0.12136814858493605	17.867726957288966
GOTERM_BP_ALL	GO:0030802~regulation of cyclic nucleotide biosynthetic process	3	13.043478260869565	0.011679294365644605	116, 7432, 1813	22	132	16792	17.347107438016526	0.9999999937509548	0.12136814858493605	17.867726957288966
GOTERM_BP_ALL	GO:0050769~positive regulation of neurogenesis	4	17.391304347826086	0.011869775167219706	116, 4825, 5979, 1813	22	387	16792	7.889123796100541	0.9999999954163936	0.12244666874312904	18.13254906683005
GOTERM_BP_ALL	GO:0044707~single-multicellular organism process	14	60.86956521739131	0.01188256685572977	116, 2019, 2643, 5087, 4010, 7299, 4825, 5979, 6531, 5309, 1644, 6571, 1813, 7054	22	5943	16792	1.7980511832101937	0.9999999955108209	0.1217953697840296	18.15030432528879
GOTERM_BP_ALL	GO:0007612~learning	3	13.043478260869565	0.01219083117243148	2019, 1813, 7054	22	135	16792	16.96161616161616	0.9999999972818767	0.12398433258105357	18.577091252889744
GOTERM_MF_ALL	GO:0008504~monoamine transmembrane transporter activity	2	8.695652173913043	0.012373892925361368	6531, 6571	22	10	16881	153.46363636363637	0.9249669123939963	0.14130605393938	14.535009658006192
GOTERM_BP_ALL	GO:0044708~single-organism behavior	4	17.391304347826086	0.012542522523207623	116, 2019, 1813, 7054	22	395	16792	7.729344073647871	0.9999999984668249	0.12655155016214636	19.06144643885581
GOTERM_CC_ALL	GO:0033162~melanosome membrane	2	8.695652173913043	0.012606251569539092	7299, 7054	22	11	18224	150.61157024793388	0.9006316854247624	0.09963135973492843	14.491350329454445
GOTERM_CC_ALL	GO:0045009~chitosome	2	8.695652173913043	0.012606251569539092	7299, 7054	22	11	18224	150.61157024793388	0.9006316854247624	0.09963135973492843	14.491350329454445
GOTERM_BP_ALL	GO:1900371~regulation of purine nucleotide biosynthetic process	3	13.043478260869565	0.013065024417653098	116, 7432, 1813	22	140	16792	16.355844155844157	0.9999999993454055	0.13068209452565283	19.776044604829067
GOTERM_BP_ALL	GO:0048518~positive regulation of biological process	13	56.52173913043478	0.013116470603517644	116, 2019, 2643, 5087, 4010, 6421, 4825, 5979, 6531, 5563, 7432, 5309, 1813	22	5285	16792	1.8774920443794616	0.9999999993980386	0.13036048109254006	19.84608308486472
GOTERM_BP_ALL	GO:0030808~regulation of nucleotide biosynthetic process	3	13.043478260869565	0.013243083551319887	116, 7432, 1813	22	141	16792	16.239845261121857	0.9999999995102572	0.13073915378989154	20.01820827352202
GOTERM_BP_ALL	GO:0031667~response to nutrient levels	4	17.391304347826086	0.013325371122933014	116, 5563, 7299, 7054	22	404	16792	7.557155715571557	0.9999999995717185	0.13070521694311021	20.12988849006261
GOTERM_BP_ALL	GO:0046058~cAMP metabolic process	3	13.043478260869565	0.013602400803772056	116, 7432, 1813	22	143	16792	16.012714558169105	0.9999999997273368	0.1324502983376693	20.50479471922153
GOTERM_BP_ALL	GO:0060123~regulation of growth hormone secretion	2	8.695652173913043	0.01367490015781332	116, 1813	22	11	16792	138.77685950413223	0.9999999997577316	0.13231742209333153	20.60263506010348
GOTERM_BP_ALL	GO:0099531~presynaptic process involved in chemical synaptic transmission	3	13.043478260869565	0.013965965525302269	6531, 1813, 6571	22	145	16792	15.791849529780563	0.9999999998492755	0.13415398375668453	20.994298979755253
GOTERM_BP_ALL	GO:0051960~regulation of nervous system development	5	21.73913043478261	0.014012238961820817	116, 4825, 5979, 5087, 1813	22	769	16792	4.962761555739449	0.999999999860231	0.13377805460244752	21.056397901783864
GOTERM_BP_ALL	GO:0052652~cyclic purine nucleotide metabolic process	3	13.043478260869565	0.014149334012806868	116, 7432, 1813	22	146	16792	15.683686176836861	0.9999999998882355	0.13421368817972978	21.240110057046113
GOTERM_BP_ALL	GO:0009190~cyclic nucleotide biosynthetic process	3	13.043478260869565	0.014705752053558624	116, 7432, 1813	22	149	16792	15.36790726052471	0.9999999999549138	0.13833635121157284	21.98161088694399
GOTERM_BP_ALL	GO:0051934~catecholamine uptake involved in synaptic transmission	2	8.695652173913043	0.014909202470262553	6531, 1813	22	12	16792	127.21212121212122	0.9999999999676533	0.13931613703945867	22.251092822115016
GOTERM_BP_ALL	GO:0009404~toxin metabolic process	2	8.695652173913043	0.014909202470262553	1644, 7054	22	12	16792	127.21212121212122	0.9999999999676533	0.13931613703945867	22.251092822115016
GOTERM_BP_ALL	GO:0090493~catecholamine uptake	2	8.695652173913043	0.014909202470262553	6531, 1813	22	12	16792	127.21212121212122	0.9999999999676533	0.13931613703945867	22.251092822115016
GOTERM_BP_ALL	GO:0030799~regulation of cyclic nucleotide metabolic process	3	13.043478260869565	0.015653998468061568	116, 7432, 1813	22	154	16792	14.868949232585596	0.9999999999904141	0.14496205807491613	23.230170097337776
GOTERM_CC_ALL	GO:0030425~dendrite	4	17.391304347826086	0.015688696360793973	5979, 2644, 1813, 7054	22	466	18224	7.110417479516192	0.9437516233917991	0.1176173579657549	17.72777017332522
GOTERM_CC_ALL	GO:0099503~secretory vesicle	4	17.391304347826086	0.01577848259302707	1644, 1813, 6571, 7054	22	467	18224	7.0951917461553435	0.9446777669413439	0.11361821884338563	17.82033126849637
GOTERM_BP_ALL	GO:0044765~single-organism transport	10	43.47826086956522	0.015990701018237928	116, 3763, 4825, 6531, 5563, 7432, 1644, 1813, 6571, 7054	22	3415	16792	2.235059230666844	0.9999999999944701	0.14702378991718357	23.668969154225884
GOTERM_BP_ALL	GO:0060134~prepulse inhibition	2	8.695652173913043	0.016142033623609914	6531, 1813	22	13	16792	117.42657342657343	0.9999999999956817	0.14748288314252922	23.865420356718946
GOTERM_BP_ALL	GO:0030252~growth hormone secretion	2	8.695652173913043	0.016142033623609914	116, 1813	22	13	16792	117.42657342657343	0.9999999999956817	0.14748288314252922	23.865420356718946
GOTERM_BP_ALL	GO:1901657~glycosyl compound metabolic process	4	17.391304347826086	0.016234843579766012	116, 5563, 7054, 7385	22	435	16792	7.018599791013584	0.9999999999962895	0.14744223058504824	23.98566555512086
GOTERM_BP_ALL	GO:0009991~response to extracellular stimulus	4	17.391304347826086	0.016234843579766012	116, 5563, 7299, 7054	22	435	16792	7.018599791013584	0.9999999999962895	0.14744223058504824	23.98566555512086
GOTERM_BP_ALL	GO:0007389~pattern specification process	4	17.391304347826086	0.016334237142896463	4825, 2019, 5087, 4010	22	436	16792	7.002502085070893	0.999999999996846	0.14745741368930498	24.1142424778085
GOTERM_BP_ALL	GO:0044710~single-organism metabolic process	11	47.82608695652174	0.01637944470824622	116, 5979, 5087, 216, 5563, 7432, 1644, 1813, 7299, 7054, 7385	22	4063	16792	2.0664533595865127	0.9999999999970707	0.14702015891260567	24.17265593884139
GOTERM_CC_ALL	GO:0098805~whole membrane	6	26.08695652173913	0.017219953903547087	5979, 6531, 1813, 6571, 7299, 7054	22	1363	18224	3.6465017007937037	0.9576306214566825	0.11878458875151288	19.293311099313502
GOTERM_CC_ALL	GO:0031982~vesicle	10	43.47826086956522	0.01736091847839718	4825, 2644, 2643, 216, 1644, 1813, 6571, 7299, 7054, 7385	22	3754	18224	2.206615973264881	0.9587224427664157	0.11537699271294133	19.436046783520567
GOTERM_BP_ALL	GO:0042754~negative regulation of circadian rhythm	2	8.695652173913043	0.017373395283325762	1813, 6421	22	14	16792	109.03896103896105	0.9999999999994236	0.15443451211385806	25.446322334763494
GOTERM_BP_ALL	GO:0009820~alkaloid metabolic process	2	8.695652173913043	0.017373395283325762	1644, 7054	22	14	16792	109.03896103896105	0.9999999999994236	0.15443451211385806	25.446322334763494
GOTERM_BP_ALL	GO:0010604~positive regulation of macromolecule metabolic process	9	39.130434782608695	0.017444288090232934	116, 4825, 2019, 5979, 5087, 4010, 7432, 5309, 1813	22	2856	16792	2.4052711993888467	0.9999999999994867	0.15417562771857773	25.536392766486394
GOTERM_MF_ALL	GO:0031406~carboxylic acid binding	3	13.043478260869565	0.01745338991568061	2644, 1644, 7054	22	164	16881	14.03630820399113	0.9743281234394222	0.1841007494338246	19.917154971092078
GOTERM_BP_ALL	GO:0048856~anatomical structure development	13	56.52173913043478	0.017567650471010426	116, 4825, 2019, 5979, 6531, 5087, 4010, 5309, 1644, 1813, 6571, 7299, 7054	22	5473	16792	1.8129993521917513	0.9999999999995806	0.15434705220722966	25.692882723387413
GOTERM_BP_ALL	GO:0019219~regulation of nucleobase-containing compound metabolic process	11	47.82608695652174	0.017572002304617217	116, 4825, 2019, 5979, 5087, 4010, 5563, 7432, 5309, 1813, 6421	22	4104	16792	2.0458089668615984	0.9999999999995836	0.1535528372023227	25.69839754174178
GOTERM_BP_ALL	GO:0044767~single-organism developmental process	13	56.52173913043478	0.01762081966386854	116, 4825, 2019, 5979, 6531, 5087, 4010, 5309, 1644, 1813, 6571, 7299, 7054	22	5475	16792	1.812337069323371	0.9999999999996155	0.1531255533242729	25.760234492685264
GOTERM_BP_ALL	GO:0051962~positive regulation of nervous system development	4	17.391304347826086	0.017658090053681068	116, 4825, 5979, 1813	22	449	16792	6.799757035837215	0.9999999999996383	0.1526104387484828	25.807412317394395
GOTERM_CC_ALL	GO:0030659~cytoplasmic vesicle membrane	4	17.391304347826086	0.01802206861371178	1813, 6571, 7299, 7054	22	491	18224	6.748379929642659	0.9634813726371954	0.11537380706725087	20.102413377480154
GOTERM_BP_ALL	GO:0007188~adenylate cyclase-modulating G-protein coupled receptor signaling pathway	3	13.043478260869565	0.0182394554992787	116, 7432, 1813	22	167	16792	13.711486118671745	0.9999999999998603	0.15643125325622387	26.53967998556157
GOTERM_BP_ALL	GO:0042136~neurotransmitter biosynthetic process	2	8.695652173913043	0.018603289115139702	6531, 7054	22	15	16792	101.76969696969697	0.9999999999999231	0.1584818112490899	26.99448892138617
GOTERM_BP_ALL	GO:0021984~adenohypophysis development	2	8.695652173913043	0.018603289115139702	6531, 1813	22	15	16792	101.76969696969697	0.9999999999999231	0.1584818112490899	26.99448892138617
GOTERM_BP_ALL	GO:0032501~multicellular organismal process	15	65.21739130434783	0.019078402343532343	116, 2019, 2643, 5087, 4010, 7299, 4825, 5979, 6531, 5563, 5309, 1644, 6571, 1813, 7054	22	7027	16792	1.6292999728320632	0.9999999999999647	0.161374828664687	27.58441694481678
GOTERM_CC_ALL	GO:0012506~vesicle membrane	4	17.391304347826086	0.019612904799309962	1813, 6571, 7299, 7054	22	507	18224	6.5354133046440746	0.9728130395887923	0.12080682295105338	21.68509873550335
GOTERM_BP_ALL	GO:0060284~regulation of cell development	5	21.73913043478261	0.019666117177408036	116, 4825, 5979, 5087, 1813	22	851	16792	4.484563614998398	0.9999999999999866	0.16509876570178816	28.307956266449064
GOTERM_BP_ALL	GO:0033993~response to lipid	5	21.73913043478261	0.02036236791974432	116, 5979, 2643, 7299, 7054	22	860	16792	4.437632135306554	0.9999999999999957	0.16959878738093026	29.15631758884103
GOTERM_BP_ALL	GO:0050790~regulation of catalytic activity	8	34.78260869565217	0.020490374764034737	116, 5979, 2644, 2643, 216, 9628, 7432, 1813	22	2357	16792	2.590658387009681	0.9999999999999966	0.16971142127517103	29.311259249498377
GOTERM_BP_ALL	GO:0010720~positive regulation of cell development	4	17.391304347826086	0.021400781542274434	116, 4825, 5979, 1813	22	483	16792	6.321099190664408	0.9999999999999992	0.1757288043281081	30.404073706959757
GOTERM_BP_ALL	GO:0090066~regulation of anatomical structure size	4	17.391304347826086	0.021517029756467132	116, 4825, 5979, 2643	22	484	16792	6.308039068369647	0.9999999999999993	0.1757186518980366	30.542463868490966
GOTERM_BP_ALL	GO:0051336~regulation of hydrolase activity	6	26.08695652173913	0.022035148624520502	116, 5979, 2644, 216, 9628, 1813	22	1337	16792	3.4253076766165766	0.9999999999999998	0.17869534232838047	31.15612868494856
GOTERM_BP_ALL	GO:0032502~developmental process	13	56.52173913043478	0.022216485118961904	116, 4825, 2019, 5979, 6531, 5087, 4010, 5309, 1644, 1813, 6571, 7299, 7054	22	5632	16792	1.761815599173554	0.9999999999999998	0.17914996589429266	31.369698235610567
GOTERM_BP_ALL	GO:0098810~neurotransmitter reuptake	2	8.695652173913043	0.022284180248542357	6531, 1813	22	18	16792	84.80808080808082	0.9999999999999998	0.17876584345283786	31.44926654033395
GOTERM_BP_ALL	GO:0006355~regulation of transcription, DNA-templated	10	43.47826086956522	0.022452955265362094	116, 4825, 2019, 5979, 5087, 4010, 5563, 5309, 1813, 6421	22	3603	16792	2.118436656321752	0.9999999999999999	0.17912379126367117	31.647265761223796
GOTERM_BP_ALL	GO:0006351~transcription, DNA-templated	10	43.47826086956522	0.022530937168190157	116, 4825, 2019, 5979, 5087, 4010, 5563, 5309, 1813, 6421	22	3605	16792	2.1172613793973016	0.9999999999999999	0.17881876236048544	31.738568852829797
GOTERM_BP_ALL	GO:1902578~single-organism localization	10	43.47826086956522	0.022884394403574763	116, 3763, 4825, 6531, 5563, 7432, 1644, 1813, 6571, 7054	22	3614	16792	2.1119887306937666	0.9999999999999999	0.18050573497287192	32.15096908280152
GOTERM_BP_ALL	GO:0009187~cyclic nucleotide metabolic process	3	13.043478260869565	0.023223822159163562	116, 7432, 1813	22	190	16792	12.051674641148324	1.0	0.18207178895382825	32.54479414112327
GOTERM_BP_ALL	GO:1903506~regulation of nucleic acid-templated transcription	10	43.47826086956522	0.02332207170195934	116, 4825, 2019, 5979, 5087, 4010, 5563, 5309, 1813, 6421	22	3625	16792	2.1055799373040753	1.0	0.1819019925811034	32.65838756521453
GOTERM_BP_ALL	GO:0031326~regulation of cellular biosynthetic process	11	47.82608695652174	0.023629332825462666	116, 4825, 2019, 5979, 5087, 4010, 5563, 7432, 5309, 1813, 6421	22	4284	16792	1.9598506069094306	1.0	0.1832149770501963	33.012474674146354
GOTERM_BP_ALL	GO:0048731~system development	11	47.82608695652174	0.023893674907558053	116, 4825, 2019, 5979, 6531, 5087, 4010, 5309, 1813, 7299, 7054	22	4291	16792	1.9566534607317643	1.0	0.18421088421074616	33.31570025960271
GOTERM_BP_ALL	GO:0007187~G-protein coupled receptor signaling pathway, coupled to cyclic nucleotide second messenger	3	13.043478260869565	0.02391130704115181	116, 7432, 1813	22	193	16792	11.864342910975035	1.0	0.18346889000761413	33.33588001343145
GOTERM_BP_ALL	GO:2001141~regulation of RNA biosynthetic process	10	43.47826086956522	0.024092909760208097	116, 4825, 2019, 5979, 5087, 4010, 5563, 5309, 1813, 6421	22	3644	16792	2.094601337191897	1.0	0.18387708862737207	33.543388156449396
GOTERM_BP_ALL	GO:0008015~blood circulation	4	17.391304347826086	0.024164032374343492	116, 2643, 1813, 7054	22	506	16792	6.033776500179663	1.0	0.18351523266693082	33.62449069498469
GOTERM_CC_ALL	GO:0031090~organelle membrane	8	34.78260869565217	0.024343100207141408	5979, 2644, 2643, 1813, 6571, 7299, 7054, 7385	22	2646	18224	2.504500790215076	0.9887260558991628	0.14329716778115664	26.222452316078627
GOTERM_BP_ALL	GO:0015850~organic hydroxy compound transport	3	13.043478260869565	0.024374302782130392	6531, 1813, 6571	22	195	16792	11.742657342657342	1.0	0.18411702242001626	33.86372227011819
GOTERM_BP_ALL	GO:0003013~circulatory system process	4	17.391304347826086	0.02466373143834317	116, 2643, 1813, 7054	22	510	16792	5.986452762923352	1.0	0.18525519603433704	34.19168896589105
GOTERM_BP_ALL	GO:0010468~regulation of gene expression	11	47.82608695652174	0.02600995126937188	116, 4825, 2019, 5979, 5087, 4010, 5563, 7432, 5309, 1813, 6421	22	4345	16792	1.9323360184119676	1.0	0.1935508409785398	35.69716193886219
GOTERM_BP_ALL	GO:0090276~regulation of peptide hormone secretion	3	13.043478260869565	0.02602391602189311	116, 4825, 1813	22	202	16792	11.335733573357334	1.0	0.19276820872858524	35.71260758712835
GOTERM_BP_ALL	GO:0034654~nucleobase-containing compound biosynthetic process	11	47.82608695652174	0.026499102616792038	116, 4825, 2019, 5979, 5087, 4010, 5563, 7432, 5309, 1813, 6421	22	4357	16792	1.9270140004590315	1.0	0.19507935016649358	36.23611120938064
GOTERM_BP_ALL	GO:0002791~regulation of peptide secretion	3	13.043478260869565	0.02722961192467779	116, 4825, 1813	22	207	16792	11.061923583662713	1.0	0.1990541629075827	37.03308709747324
GOTERM_BP_ALL	GO:0090087~regulation of peptide transport	3	13.043478260869565	0.02771820491210561	116, 4825, 1813	22	209	16792	10.956067855589385	1.0	0.2013854228758396	37.56089770180363
GOTERM_BP_ALL	GO:0009790~embryo development	5	21.73913043478261	0.02857038289538641	2019, 5979, 5087, 4010, 7054	22	954	16792	4.000381170192491	1.0	0.2060570763650007	38.47153440064187
GOTERM_BP_ALL	GO:0007600~sensory perception	5	21.73913043478261	0.02925144718424469	116, 6531, 1813, 7299, 7054	22	961	16792	3.9712420773815156	1.0	0.20955759510978056	39.19032479290442
GOTERM_BP_ALL	GO:0051252~regulation of RNA metabolic process	10	43.47826086956522	0.0293173365016968	116, 4825, 2019, 5979, 5087, 4010, 5563, 5309, 1813, 6421	22	3762	16792	2.0289014547387754	1.0	0.20906916715466273	39.25944341494979
GOTERM_MF_ALL	GO:0030742~GTP-dependent protein binding	2	8.695652173913043	0.029452584191309913	2644, 2643	22	24	16881	63.94318181818181	0.99800709968888	0.2791122231220272	31.41584392838771
GOTERM_BP_ALL	GO:0009072~aromatic amino acid family metabolic process	2	8.695652173913043	0.029606554989661797	7299, 7054	22	24	16792	63.60606060606061	1.0	0.21001245930413592	39.561963921469165
GOTERM_BP_ALL	GO:0032940~secretion by cell	5	21.73913043478261	0.02974395327591449	116, 4825, 7432, 1813, 6571	22	966	16792	3.9506869941652547	1.0	0.20998160775672547	39.70518462220647
GOTERM_BP_ALL	GO:0097659~nucleic acid-templated transcription	10	43.47826086956522	0.029747819067187698	116, 4825, 2019, 5979, 5087, 4010, 5563, 5309, 1813, 6421	22	3771	16792	2.0240592078300907	1.0	0.2091060256986227	39.70920961130551
GOTERM_BP_ALL	GO:0007611~learning or memory	3	13.043478260869565	0.03046894086310951	2019, 1813, 7054	22	220	16792	10.408264462809917	1.0	0.2127515620418604	40.455624734535945
GOTERM_BP_ALL	GO:0051726~regulation of cell cycle	5	21.73913043478261	0.030744091283915646	116, 5087, 5563, 1813, 6421	22	976	16792	3.910208643815201	1.0	0.213569271369203	40.73812891248413
GOTERM_CC_ALL	GO:0043234~protein complex	10	43.47826086956522	0.030896666892648066	3763, 5979, 2644, 6531, 2643, 5087, 9628, 5563, 7385, 6421	22	4118	18224	2.011567839639719	0.9966935962582747	0.17336866729768996	32.1102804901567
GOTERM_BP_ALL	GO:0072593~reactive oxygen species metabolic process	3	13.043478260869565	0.030980461526512286	2644, 2643, 6571	22	222	16792	10.314496314496314	1.0	0.21413805384996887	40.979809582215175
GOTERM_BP_ALL	GO:0045664~regulation of neuron differentiation	4	17.391304347826086	0.03138884981043942	116, 4825, 5979, 5087	22	560	16792	5.451948051948053	1.0	0.21576341035238877	41.39519039708108
GOTERM_BP_ALL	GO:0001504~neurotransmitter uptake	2	8.695652173913043	0.03203571870037836	6531, 1813	22	26	16792	58.71328671328671	1.0	0.21883214192935574	42.04751403694929
GOTERM_CC_ALL	GO:0044433~cytoplasmic vesicle part	4	17.391304347826086	0.03236124627132757	1813, 6571, 7299, 7054	22	615	18224	5.387730968218773	0.997489199963825	0.1756284947119684	33.36559150097407
GOTERM_BP_ALL	GO:0003008~system process	7	30.434782608695656	0.032656778187905286	116, 2019, 6531, 2643, 1813, 7299, 7054	22	2014	16792	2.652884354969757	1.0	0.22170609235590422	42.66738112090178
GOTERM_BP_ALL	GO:0048598~embryonic morphogenesis	4	17.391304347826086	0.032987246864686195	2019, 5979, 5087, 7054	22	571	16792	5.3469192803693675	1.0	0.2227919484187354	42.994668643630476
GOTERM_BP_ALL	GO:0090407~organophosphate biosynthetic process	4	17.391304347826086	0.03313467610011119	116, 2643, 7432, 1813	22	572	16792	5.3375715193897015	1.0	0.22276709408471973	43.14011126856679
GOTERM_BP_ALL	GO:0001964~startle response	2	8.695652173913043	0.0344590904175579	6531, 1813	22	28	16792	54.519480519480524	1.0	0.22975982231071934	44.43112298930498
GOTERM_BP_ALL	GO:0042745~circadian sleep/wake cycle	2	8.695652173913043	0.0344590904175579	1813, 7054	22	28	16792	54.519480519480524	1.0	0.22975982231071934	44.43112298930498
GOTERM_BP_ALL	GO:0009890~negative regulation of biosynthetic process	6	26.08695652173913	0.03463104821848513	4825, 2019, 2644, 1813, 6571, 6421	22	1504	16792	3.044970986460348	1.0	0.22984979326560218	44.59670759697899
GOTERM_BP_ALL	GO:0048589~developmental growth	4	17.391304347826086	0.0347796867514326	4825, 2019, 6531, 1813	22	583	16792	5.236862622797442	1.0	0.2298018666623166	44.739463246060495
GOTERM_BP_ALL	GO:0046034~ATP metabolic process	3	13.043478260869565	0.036556577013763844	116, 5563, 7385	22	243	16792	9.423120089786755	1.0	0.2392454695329801	46.419461657663355
GOTERM_BP_ALL	GO:0070887~cellular response to chemical stimulus	8	34.78260869565217	0.03665867669512218	116, 4825, 5979, 2643, 5563, 1644, 7054, 6421	22	2648	16792	2.305959901126064	1.0	0.2388891117226486	46.51451974092804
GOTERM_BP_ALL	GO:0032774~RNA biosynthetic process	10	43.47826086956522	0.036726268718263025	116, 4825, 2019, 5979, 5087, 4010, 5563, 5309, 1813, 6421	22	3905	16792	1.9546036549877779	1.0	0.2383373705594034	46.577362819878346
GOTERM_BP_ALL	GO:0010259~multicellular organism aging	2	8.695652173913043	0.03687668325788886	1644, 7054	22	30	16792	50.88484848484848	1.0	0.23826482439990115	46.71696031296222
GOTERM_BP_ALL	GO:0050768~negative regulation of neurogenesis	3	13.043478260869565	0.037106733364158845	116, 4825, 5087	22	245	16792	9.346196660482374	1.0	0.23864721468989425	46.92980307000152
GOTERM_BP_ALL	GO:0009152~purine ribonucleotide biosynthetic process	3	13.043478260869565	0.037106733364158845	116, 7432, 1813	22	245	16792	9.346196660482374	1.0	0.23864721468989425	46.92980307000152
GOTERM_BP_ALL	GO:0051239~regulation of multicellular organismal process	8	34.78260869565217	0.037404921886620146	116, 4825, 5979, 6531, 5087, 5563, 1813, 7054	22	2659	16792	2.296420390440699	1.0	0.2394128851682109	47.20449800594251
GOTERM_CC_ALL	GO:0005622~intracellular	21	91.30434782608695	0.03750299102369218	116, 2019, 2644, 2643, 216, 5087, 4010, 9628, 7299, 6421, 4825, 3763, 5979, 6531, 5563, 5309, 1644, 6571, 1813, 7054, 7385	22	14216	18224	1.2236660357088045	0.9990478865018599	0.19539259982385704	37.60569254632544
GOTERM_MF_ALL	GO:0005184~neuropeptide hormone activity	2	8.695652173913043	0.0378860882936275	116, 7432	22	31	16881	49.504398826979475	0.9996755776007219	0.33080060202503014	38.565576125184975
GOTERM_BP_ALL	GO:0010039~response to iron ion	2	8.695652173913043	0.0380833166948503	6531, 1813	22	31	16792	49.24340175953079	1.0	0.2423144114233351	47.824470902345354
GOTERM_BP_ALL	GO:0048265~response to pain	2	8.695652173913043	0.0380833166948503	5979, 2643	22	31	16792	49.24340175953079	1.0	0.2423144114233351	47.824470902345354
GOTERM_BP_ALL	GO:0010467~gene expression	12	52.17391304347826	0.038315707458467164	116, 4825, 2019, 5979, 5087, 4010, 5563, 7432, 5309, 1813, 7385, 6421	22	5306	16792	1.7262104649967447	1.0	0.2426865886085846	48.0352697655312
GOTERM_BP_ALL	GO:0010562~positive regulation of phosphorus metabolic process	5	21.73913043478261	0.03866260738320887	116, 5979, 5563, 7432, 1813	22	1049	16792	3.6380968888118552	1.0	0.24369399972607542	48.34844905455118
GOTERM_BP_ALL	GO:0045937~positive regulation of phosphate metabolic process	5	21.73913043478261	0.03866260738320887	116, 5979, 5563, 7432, 1813	22	1049	16792	3.6380968888118552	1.0	0.24369399972607542	48.34844905455118
GOTERM_BP_ALL	GO:0090068~positive regulation of cell cycle process	3	13.043478260869565	0.03877660468894729	5087, 1813, 6421	22	251	16792	9.12278160086925	1.0	0.24339998479887182	48.45097712942942
GOTERM_BP_ALL	GO:0006164~purine nucleotide biosynthetic process	3	13.043478260869565	0.039057722585210536	116, 7432, 1813	22	252	16792	9.086580086580085	1.0	0.2440321635147099	48.702994607864
GOTERM_BP_ALL	GO:0048519~negative regulation of biological process	11	47.82608695652174	0.0392458126072448	116, 4825, 2019, 2644, 6531, 5087, 9628, 5563, 1813, 6571, 6421	22	4623	16792	1.8161367077655202	1.0	0.2441472466319644	48.8709667578547
GOTERM_BP_ALL	GO:0050890~cognition	3	13.043478260869565	0.03933963625574368	2019, 1813, 7054	22	253	16792	9.050664750269494	1.0	0.2437450987344698	48.95456167506206
GOTERM_BP_ALL	GO:0046883~regulation of hormone secretion	3	13.043478260869565	0.039622343485051593	116, 4825, 1813	22	254	16792	9.015032211882605	1.0	0.24437690062946082	49.20567155441392
GOTERM_BP_ALL	GO:0060429~epithelium development	5	21.73913043478261	0.03995086705962253	4825, 2019, 5979, 5087, 5309	22	1060	16792	3.6003430531732414	1.0	0.2452518207829112	49.496017742228695
GOTERM_BP_ALL	GO:0009954~proximal/distal pattern formation	2	8.695652173913043	0.040492265765396704	2019, 5087	22	33	16792	46.25895316804407	1.0	0.24726720915636846	49.971098538567674
GOTERM_BP_ALL	GO:0009260~ribonucleotide biosynthetic process	3	13.043478260869565	0.04076106373393402	116, 7432, 1813	22	258	16792	8.875264270613108	1.0	0.24780029375875712	50.20540628477277
GOTERM_CC_ALL	GO:0031988~membrane-bounded vesicle	9	39.130434782608695	0.04087256547287513	4825, 2644, 216, 1644, 1813, 6571, 7299, 7054, 7385	22	3611	18224	2.0646005891090358	0.9994970913918438	0.2055892300683123	40.24834992758378
GOTERM_CC_ALL	GO:0043231~intracellular membrane-bounded organelle	18	78.26086956521739	0.041116953015951106	2019, 2644, 2643, 5087, 4010, 9628, 7299, 6421, 4825, 3763, 5979, 5563, 5309, 1644, 6571, 1813, 7054, 7385	22	11035	18224	1.351204844091115	0.9995198835898679	0.2012837034962367	40.435956416281506
GOTERM_BP_ALL	GO:0046390~ribose phosphate biosynthetic process	3	13.043478260869565	0.041623328118120785	116, 7432, 1813	22	261	16792	8.77324973876698	1.0	0.251492710287635	50.95008608435364
GOTERM_BP_ALL	GO:2000112~regulation of cellular macromolecule biosynthetic process	10	43.47826086956522	0.04179397956164564	116, 4825, 2019, 5979, 5087, 4010, 5563, 5309, 1813, 6421	22	3991	16792	1.9124849092275802	1.0	0.2514822137209166	51.096219397441025
GOTERM_BP_ALL	GO:0072522~purine-containing compound biosynthetic process	3	13.043478260869565	0.042202054413238314	116, 7432, 1813	22	263	16792	8.70653301071552	1.0	0.2527243838800042	51.44400637635152
GOTERM_BP_ALL	GO:0051961~negative regulation of nervous system development	3	13.043478260869565	0.042492576021549246	116, 4825, 5087	22	264	16792	8.673553719008263	1.0	0.2533385084786748	51.690188379557654
GOTERM_BP_ALL	GO:0071312~cellular response to alkaloid	2	8.695652173913043	0.04289546864424754	1644, 7054	22	35	16792	43.61558441558442	1.0	0.25453407819921303	52.02964938665027
GOTERM_BP_ALL	GO:0040018~positive regulation of multicellular organism growth	2	8.695652173913043	0.04289546864424754	6531, 1813	22	35	16792	43.61558441558442	1.0	0.25453407819921303	52.02964938665027
GOTERM_BP_ALL	GO:0043547~positive regulation of GTPase activity	4	17.391304347826086	0.04296128826584609	116, 5979, 216, 9628	22	634	16792	4.815600802982506	1.0	0.25396730670107204	52.08489273217315
GOTERM_BP_ALL	GO:0032102~negative regulation of response to external stimulus	3	13.043478260869565	0.043368748564118716	116, 6531, 1813	22	267	16792	8.576098059244126	1.0	0.25517406321222613	52.42555075802977
GOTERM_BP_ALL	GO:0009205~purine ribonucleoside triphosphate metabolic process	3	13.043478260869565	0.043368748564118716	116, 5563, 7385	22	267	16792	8.576098059244126	1.0	0.25517406321222613	52.42555075802977
GOTERM_BP_ALL	GO:0051094~positive regulation of developmental process	5	21.73913043478261	0.04346754240762271	116, 4825, 5979, 6531, 1813	22	1089	16792	3.504466149094248	1.0	0.2547799867382957	52.50780383159941
GOTERM_MF_ALL	GO:0048037~cofactor binding	3	13.043478260869565	0.04471439680062949	2643, 1644, 7054	22	273	16881	8.432067932067932	0.9999262584268798	0.3643407079017995	43.84453121257965
GOTERM_BP_ALL	GO:0009199~ribonucleoside triphosphate metabolic process	3	13.043478260869565	0.04514163356648725	116, 5563, 7385	22	273	16792	8.387612387612387	1.0	0.2624449470370488	53.88143658784129
GOTERM_BP_ALL	GO:0014014~negative regulation of gliogenesis	2	8.695652173913043	0.04529293835128525	116, 4825	22	37	16792	41.25798525798526	1.0	0.26229563222303065	54.00372738453557
GOTERM_BP_ALL	GO:0009144~purine nucleoside triphosphate metabolic process	3	13.043478260869565	0.04543975184683372	116, 5563, 7385	22	274	16792	8.357000663570007	1.0	0.26212492942647014	54.12209660469378
GOTERM_BP_ALL	GO:0048522~positive regulation of cellular process	11	47.82608695652174	0.046355278168206906	116, 4825, 2019, 5979, 5087, 4010, 5563, 7432, 5309, 1813, 6421	22	4744	16792	1.769814502529511	1.0	0.2658170009429788	54.853806946838816
GOTERM_MF_ALL	GO:0000981~RNA polymerase II transcription factor activity, sequence-specific DNA binding	4	17.391304347826086	0.047215237146334944	4825, 2019, 5087, 5309	22	662	16881	4.636363636363637	0.9999572516787137	0.3669975192415196	45.67103667097307
GOTERM_BP_ALL	GO:0007568~aging	3	13.043478260869565	0.04724409152215746	6531, 1644, 7054	22	280	16792	8.177922077922078	1.0	0.26933259277741883	55.55365820313645
GOTERM_MF_ALL	GO:0043168~anion binding	3	13.043478260869565	0.04770228619300941	2644, 1644, 7054	22	283	16881	8.134115001606167	0.9999615646998644	0.35726529422336684	46.02032826030887
GOTERM_BP_ALL	GO:0009416~response to light stimulus	3	13.043478260869565	0.04846171460449696	1813, 7299, 7054	22	284	16792	8.062740076824584	1.0	0.2744280736432231	56.49586621275839
GOTERM_MF_ALL	GO:1901618~organic hydroxy compound transmembrane transporter activity	2	8.695652173913043	0.04862664694507033	6531, 6571	22	40	16881	38.36590909090909	0.9999685945882607	0.35080496883103884	46.67756234302982
GOTERM_BP_ALL	GO:0009167~purine ribonucleoside monophosphate metabolic process	3	13.043478260869565	0.04876794225834897	116, 5563, 7385	22	285	16792	8.03444976076555	1.0	0.2749989636209117	56.7298546115171
GOTERM_BP_ALL	GO:0009126~purine nucleoside monophosphate metabolic process	3	13.043478260869565	0.049074894458095646	116, 5563, 7385	22	286	16792	8.006357279084552	1.0	0.2755688779682246	56.9632086532877
GOTERM_CC_ALL	GO:0043227~membrane-bounded organelle	19	82.6086956521739	0.049095147157623496	2019, 2644, 2643, 216, 5087, 4010, 9628, 7299, 6421, 4825, 3763, 5979, 5563, 5309, 1644, 6571, 1813, 7054, 7385	22	12209	18224	1.2891235228855018	0.9998950589010263	0.23031551615760126	46.27124523471957
GOTERM_BP_ALL	GO:0010556~regulation of macromolecule biosynthetic process	10	43.47826086956522	0.04940607499174792	116, 4825, 2019, 5979, 5087, 4010, 5563, 5309, 1813, 6421	22	4107	16792	1.8584678044137501	1.0	0.27625202260132553	57.21365436973831
GOTERM_BP_ALL	GO:0043010~camera-type eye development	3	13.043478260869565	0.04969096412982579	5979, 5309, 7054	22	288	16792	7.950757575757575	1.0	0.27670578542363733	57.42799641398928
GOTERM_BP_ALL	GO:0044763~single-organism cellular process	20	86.95652173913044	0.050322094767237015	116, 2019, 216, 5087, 4010, 9628, 7299, 6421, 4825, 3763, 5979, 6531, 5563, 7432, 5309, 1644, 6571, 1813, 7054, 7385	22	12256	16792	1.245549489674816	1.0	0.2788222760157908	57.89924948251846
GOTERM_BP_ALL	GO:0048512~circadian behavior	2	8.695652173913043	0.05126161520530338	1813, 7054	22	42	16792	36.34632034632035	1.0	0.2823902333241668	58.591693659260336
GOTERM_BP_ALL	GO:0045776~negative regulation of blood pressure	2	8.695652173913043	0.052451078253838525	2643, 1813	22	43	16792	35.50105708245243	1.0	0.287099265382303	59.452993414021215
GOTERM_BP_ALL	GO:0007622~rhythmic behavior	2	8.695652173913043	0.052451078253838525	1813, 7054	22	43	16792	35.50105708245243	1.0	0.287099265382303	59.452993414021215
GOTERM_BP_ALL	GO:0009161~ribonucleoside monophosphate metabolic process	3	13.043478260869565	0.05249859229776083	116, 5563, 7385	22	297	16792	7.709825528007346	1.0	0.2863838442953067	59.48704630074613
GOTERM_BP_ALL	GO:0009141~nucleoside triphosphate metabolic process	3	13.043478260869565	0.05249859229776083	116, 5563, 7385	22	297	16792	7.709825528007346	1.0	0.2863838442953067	59.48704630074613
GOTERM_BP_ALL	GO:0043087~regulation of GTPase activity	4	17.391304347826086	0.053169355563853986	116, 5979, 216, 9628	22	691	16792	4.4183660044730955	1.0	0.2885968812155558	59.964915872290916
GOTERM_BP_ALL	GO:1903522~regulation of blood circulation	3	13.043478260869565	0.053447136272121526	116, 1813, 7054	22	300	16792	7.632727272727273	1.0	0.288957455882046	60.161257973487025
GOTERM_BP_ALL	GO:0044699~single-organism process	21	91.30434782608695	0.05358857789470486	116, 2019, 2643, 216, 5087, 4010, 9628, 7299, 6421, 4825, 3763, 5979, 6531, 5563, 7432, 5309, 1644, 6571, 1813, 7054, 7385	22	13377	16792	1.1982303410874842	1.0	0.28868194291423754	60.26088407921326
GOTERM_BP_ALL	GO:0048638~regulation of developmental growth	3	13.043478260869565	0.054401921802890815	4825, 6531, 1813	22	303	16792	7.5571557155715565	1.0	0.2915157509191658	60.829240935861975
GOTERM_BP_ALL	GO:0048538~thymus development	2	8.695652173913043	0.054825744945394904	5087, 7299	22	45	16792	33.92323232323233	1.0	0.2925324529283275	61.12236649145017
GOTERM_BP_ALL	GO:0010721~negative regulation of cell development	3	13.043478260869565	0.05536289388543421	116, 4825, 5087	22	306	16792	7.483065953654188	1.0	0.2940588089694637	61.49090747949164
GOTERM_BP_ALL	GO:0010038~response to metal ion	3	13.043478260869565	0.05600695188129782	6531, 1813, 7054	22	308	16792	7.434474616292798	1.0	0.2960574579838049	61.928468448142894
GOTERM_BP_ALL	GO:0071495~cellular response to endogenous stimulus	5	21.73913043478261	0.05635998106581267	116, 4825, 5563, 1644, 7054	22	1185	16792	3.220560030686613	1.0	0.29672231554330397	62.166321937383806
GOTERM_BP_ALL	GO:0045666~positive regulation of neuron differentiation	3	13.043478260869565	0.05665371899120087	116, 4825, 5979	22	310	16792	7.386510263929618	1.0	0.297115130542319	62.36316220180134
GOTERM_BP_ALL	GO:0009123~nucleoside monophosphate metabolic process	3	13.043478260869565	0.05697811343571858	116, 5563, 7385	22	311	16792	7.3627594270681085	1.0	0.29764271747822646	62.57942691170607
GOTERM_BP_ALL	GO:0042220~response to cocaine	2	8.695652173913043	0.05719474316530674	6531, 1813	22	47	16792	32.479690522243715	1.0	0.2976849545959437	62.72319659500947
GOTERM_BP_ALL	GO:0009165~nucleotide biosynthetic process	3	13.043478260869565	0.05762891408000677	116, 7432, 1813	22	313	16792	7.315713040952657	1.0	0.29869539587354366	63.00977862178405
GOTERM_BP_ALL	GO:0051703~intraspecies interaction between organisms	2	8.695652173913043	0.058377120615411296	2019, 7054	22	48	16792	31.803030303030305	1.0	0.3010871322930927	63.49878963237248
GOTERM_BP_ALL	GO:0045762~positive regulation of adenylate cyclase activity	2	8.695652173913043	0.058377120615411296	116, 7432	22	48	16792	31.803030303030305	1.0	0.3010871322930927	63.49878963237248
GOTERM_BP_ALL	GO:0050999~regulation of nitric-oxide synthase activity	2	8.695652173913043	0.058377120615411296	2644, 2643	22	48	16792	31.803030303030305	1.0	0.3010871322930927	63.49878963237248
GOTERM_BP_ALL	GO:0035176~social behavior	2	8.695652173913043	0.058377120615411296	2019, 7054	22	48	16792	31.803030303030305	1.0	0.3010871322930927	63.49878963237248
GOTERM_BP_ALL	GO:1901293~nucleoside phosphate biosynthetic process	3	13.043478260869565	0.05861011445475836	116, 7432, 1813	22	316	16792	7.246260069044879	1.0	0.30118951499245816	63.649823624992585
GOTERM_CC_ALL	GO:0012505~endomembrane system	9	39.130434782608695	0.05942079203699494	3763, 5979, 2644, 2643, 1644, 1813, 6571, 7299, 7054	22	3878	18224	1.9224529982652727	0.999985613402192	0.2663332516534881	53.043758243433345
GOTERM_BP_ALL	GO:0035249~synaptic transmission, glutamatergic	2	8.695652173913043	0.05955808576379548	116, 1813	22	49	16792	31.153988868274585	1.0	0.3044234667777348	64.25829034281576
GOTERM_MF_ALL	GO:0003700~transcription factor activity, sequence-specific DNA binding	5	21.73913043478261	0.06222511826076776	4825, 2019, 5087, 4010, 5309	22	1231	16881	3.116645742559634	0.9999984277993632	0.4140503236469487	55.53280896709543
GOTERM_BP_ALL	GO:1903532~positive regulation of secretion by cell	3	13.043478260869565	0.06225836201364841	116, 4825, 1813	22	327	16792	7.0025020850708914	1.0	0.31519490771361036	65.93942474808814
GOTERM_MF_ALL	GO:0001071~nucleic acid binding transcription factor activity	5	21.73913043478261	0.06237695569236405	4825, 2019, 5087, 4010, 5309	22	1232	16881	3.1141159976387245	0.9999984798700868	0.4026536959048309	55.623544891359344
GOTERM_BP_ALL	GO:0051966~regulation of synaptic transmission, glutamatergic	2	8.695652173913043	0.06309252343341536	116, 1813	22	52	16792	29.356643356643357	1.0	0.3178201156764452	66.44353389888728
GOTERM_BP_ALL	GO:0001654~eye development	3	13.043478260869565	0.06462043704459637	5979, 5309, 7054	22	334	16792	6.855743059335873	1.0	0.32335916570783574	67.34875424454961
GOTERM_BP_ALL	GO:0045787~positive regulation of cell cycle	3	13.043478260869565	0.0663264552107197	5087, 1813, 6421	22	339	16792	6.754625905068382	1.0	0.3295694596360874	68.33234226569151
GOTERM_BP_ALL	GO:0030154~cell differentiation	9	39.130434782608695	0.0663894534337436	116, 4825, 2019, 5979, 5087, 4010, 5309, 1813, 7054	22	3652	16792	1.8810116499054068	1.0	0.3288639648917234	68.36812427231916
GOTERM_BP_ALL	GO:0015909~long-chain fatty acid transport	2	8.695652173913043	0.0666143079948828	5563, 1813	22	55	16792	27.755371900826447	1.0	0.32883629921650337	68.49552838585456
GOTERM_CC_ALL	GO:0005634~nucleus	13	56.52173913043478	0.06664609115566464	2019, 2644, 2643, 5087, 4010, 9628, 7299, 6421, 4825, 5563, 5309, 7054, 7385	22	7048	18224	1.5279124961304305	0.9999964646223414	0.2877041281377919	57.306115020323475
GOTERM_BP_ALL	GO:0042311~vasodilation	2	8.695652173913043	0.06778543182731639	116, 2643	22	56	16792	27.259740259740262	1.0	0.3327223028751096	69.15133067683684
GOTERM_BP_ALL	GO:0065007~biological regulation	19	82.6086956521739	0.06856117417560373	116, 2019, 2644, 2643, 216, 5087, 4010, 9628, 6421, 4825, 3763, 5979, 6531, 5563, 7432, 5309, 6571, 1813, 7054	22	11548	16792	1.2558176150140128	1.0	0.3349446923818723	69.57863744561547
GOTERM_CC_ALL	GO:0030672~synaptic vesicle membrane	2	8.695652173913043	0.06910186562430619	1813, 6571	22	62	18224	26.721407624633432	0.9999978112653807	0.29032793005571267	58.67183504124256
GOTERM_CC_ALL	GO:0099501~exocytic vesicle membrane	2	8.695652173913043	0.06910186562430619	1813, 6571	22	62	18224	26.721407624633432	0.9999978112653807	0.29032793005571267	58.67183504124256
GOTERM_MF_ALL	GO:0043167~ion binding	10	43.47826086956522	0.06958443329424499	5979, 2644, 6531, 2643, 4010, 5563, 1644, 7299, 7054, 7385	22	4386	16881	1.7494714587737843	0.9999996946419816	0.4262844227450552	59.73962564065394
GOTERM_BP_ALL	GO:0006139~nucleobase-containing compound metabolic process	12	52.17391304347826	0.07014899120396217	116, 4825, 2019, 5979, 5087, 4010, 5563, 7432, 5309, 1813, 7385, 6421	22	5794	16792	1.5808202843066494	1.0	0.34044955241340313	70.43596902279742
GOTERM_BP_ALL	GO:0080090~regulation of primary metabolic process	12	52.17391304347826	0.07047040721182508	116, 4825, 2019, 5979, 6531, 5087, 4010, 5563, 7432, 5309, 1813, 6421	22	5798	16792	1.5797296873530056	1.0	0.3407762692709211	70.60672736750723
GOTERM_BP_ALL	GO:0032768~regulation of monooxygenase activity	2	8.695652173913043	0.07129041250505175	2644, 2643	22	59	16792	25.873651771956858	1.0	0.3431072971067216	71.03817913563617
GOTERM_CC_ALL	GO:0044459~plasma membrane part	7	30.434782608695656	0.07143046834041585	3763, 5979, 6531, 9628, 1813, 6571, 7054	22	2635	18224	2.2005865102639297	0.9999986125218332	0.29237906880830944	59.92963489347068
GOTERM_BP_ALL	GO:0051047~positive regulation of secretion	3	13.043478260869565	0.07188812423151364	116, 4825, 1813	22	355	16792	6.450192061459667	1.0	0.34452824854202524	71.34890941943883
GOTERM_BP_ALL	GO:0046128~purine ribonucleoside metabolic process	3	13.043478260869565	0.07224079268327549	116, 5563, 7385	22	356	16792	6.432073544433095	1.0	0.34496216902031174	71.53077656755404
GOTERM_BP_ALL	GO:0042278~purine nucleoside metabolic process	3	13.043478260869565	0.07330229824925724	116, 5563, 7385	22	359	16792	6.37832362623449	1.0	0.3482013834815296	72.07165414055652
GOTERM_BP_ALL	GO:0051349~positive regulation of lyase activity	2	8.695652173913043	0.07362008982803814	116, 7432	22	61	16792	25.025335320417287	1.0	0.3484818120184833	72.23169210338033
GOTERM_BP_ALL	GO:0031281~positive regulation of cyclase activity	2	8.695652173913043	0.07362008982803814	116, 7432	22	61	16792	25.025335320417287	1.0	0.3484818120184833	72.23169210338033
GOTERM_MF_ALL	GO:0044877~macromolecular complex binding	5	21.73913043478261	0.07417979706117984	4825, 6531, 5563, 7385, 6421	22	1306	16881	2.937665320896561	0.9999998909705191	0.4359198006403664	62.17727463106074
GOTERM_BP_ALL	GO:0071704~organic substance metabolic process	18	78.26086956521739	0.07456236187139242	116, 2019, 2643, 216, 5087, 4010, 7299, 6421, 4825, 5979, 6531, 5563, 7432, 5309, 1644, 1813, 7054, 7385	22	10707	16792	1.2831707379199673	1.0	0.3512087731523006	72.70116068230392
GOTERM_BP_ALL	GO:0006796~phosphate-containing compound metabolic process	8	34.78260869565217	0.07466761124439934	116, 5979, 2643, 216, 5563, 7432, 1813, 7385	22	3083	16792	1.980597411022322	1.0	0.35064783782173337	72.75313320809337
GOTERM_BP_ALL	GO:0014823~response to activity	2	8.695652173913043	0.07478284029475879	5563, 7054	22	62	16792	24.621700879765395	1.0	0.35012920622929966	72.80992703546661
GOTERM_BP_ALL	GO:0008283~cell proliferation	6	26.08695652173913	0.07491505068524243	116, 4825, 5087, 7432, 1813, 7299	22	1861	16792	2.460847051927116	1.0	0.34967975219579683	72.87495344923902
GOTERM_BP_ALL	GO:0006793~phosphorus metabolic process	8	34.78260869565217	0.07532002266505183	116, 5979, 2643, 216, 5563, 7432, 1813, 7385	22	3089	16792	1.976750345801819	1.0	0.3502892388815192	73.07322625133537
GOTERM_BP_ALL	GO:0002376~immune system process	7	30.434782608695656	0.07586277207001191	116, 5979, 2643, 5087, 7432, 1813, 7299	22	2465	16792	2.1675087589894892	1.0	0.3514255250214332	73.33681788258252
GOTERM_BP_ALL	GO:1900407~regulation of cellular response to oxidative stress	2	8.695652173913043	0.07594420074714944	2643, 6421	22	63	16792	24.23088023088023	1.0	0.3507826188718215	73.3761545709223
GOTERM_BP_ALL	GO:0051705~multi-organism behavior	2	8.695652173913043	0.07594420074714944	2019, 7054	22	63	16792	24.23088023088023	1.0	0.3507826188718215	73.3761545709223
GOTERM_BP_ALL	GO:0055085~transmembrane transport	5	21.73913043478261	0.0780747864950779	3763, 6531, 5563, 1813, 6571	22	1322	16792	2.8868106175216615	1.0	0.35796071045706035	74.38621565138209
GOTERM_BP_ALL	GO:0006809~nitric oxide biosynthetic process	2	8.695652173913043	0.07941995776978926	2644, 2643	22	66	16792	23.129476584022036	1.0	0.3620791049063081	75.00525366733477
GOTERM_BP_ALL	GO:0006629~lipid metabolic process	5	21.73913043478261	0.07946160235497948	5087, 216, 5563, 1813, 7054	22	1330	16792	2.8694463431305537	1.0	0.3612692743488354	75.02419180579075
GOTERM_BP_ALL	GO:0031175~neuron projection development	4	17.391304347826086	0.07954320126282047	116, 4825, 5979, 1813	22	817	16792	3.736953377100256	1.0	0.3606136417087613	75.0612603114917
GOTERM_CC_ALL	GO:0005829~cytosol	8	34.78260869565217	0.08010216994147226	2644, 2643, 216, 9628, 5563, 1644, 7299, 7054	22	3399	18224	1.9496643397790796	0.9999997484605068	0.3160644874662313	64.31062196845434
GOTERM_CC_ALL	GO:0032991~macromolecular complex	10	43.47826086956522	0.081018945302746	3763, 5979, 2644, 6531, 2643, 5087, 9628, 5563, 7385, 6421	22	4868	18224	1.7016508553073877	0.9999997902057394	0.3127465682437315	64.74706968977605
GOTERM_BP_ALL	GO:0009119~ribonucleoside metabolic process	3	13.043478260869565	0.08271506651001227	116, 5563, 7385	22	385	16792	5.947579693034238	1.0	0.37143431165561025	76.46272724667689
GOTERM_BP_ALL	GO:1902882~regulation of response to oxidative stress	2	8.695652173913043	0.08288326135698112	2643, 6421	22	69	16792	22.12384716732543	1.0	0.37107919280883683	76.53493497689438
GOTERM_BP_ALL	GO:0046209~nitric oxide metabolic process	2	8.695652173913043	0.08403493578957844	2644, 2643	22	70	16792	21.80779220779221	1.0	0.3743235779622628	77.02379253313029
GOTERM_BP_ALL	GO:0040014~regulation of multicellular organism growth	2	8.695652173913043	0.08403493578957844	6531, 1813	22	70	16792	21.80779220779221	1.0	0.3743235779622628	77.02379253313029
GOTERM_BP_ALL	GO:0045597~positive regulation of cell differentiation	4	17.391304347826086	0.08513003196962418	116, 4825, 5979, 1813	22	841	16792	3.630310236731164	1.0	0.37733013859567455	77.47973767071107
GOTERM_BP_ALL	GO:0098657~import into cell	2	8.695652173913043	0.08518523278207837	6531, 1813	22	71	16792	21.500640204865558	1.0	0.37655550494401246	77.50249385581263
GOTERM_BP_ALL	GO:0048585~negative regulation of response to stimulus	5	21.73913043478261	0.08640644119108076	116, 6531, 9628, 5563, 1813	22	1369	16792	2.7877017066206253	1.0	0.37998216893127146	78.00043303938973
GOTERM_BP_ALL	GO:0008284~positive regulation of cell proliferation	4	17.391304347826086	0.08703039699195371	116, 5087, 7432, 1813	22	849	16792	3.596102366420388	1.0	0.3812424332236929	78.25082839449487
GOTERM_BP_ALL	GO:0009725~response to hormone	4	17.391304347826086	0.08822766933888795	116, 4825, 5563, 7054	22	854	16792	3.5750479029167552	1.0	0.38452982822004256	78.72381072218808
GOTERM_BP_ALL	GO:2001057~reactive nitrogen species metabolic process	2	8.695652173913043	0.08862787479513858	2644, 2643	22	74	16792	20.62899262899263	1.0	0.38497190124322844	78.87974290388861
GOTERM_BP_ALL	GO:0043266~regulation of potassium ion transport	2	8.695652173913043	0.08977267768088229	116, 1813	22	75	16792	20.353939393939395	1.0	0.3880295139981448	79.31988038927558
GOTERM_MF_ALL	GO:0097159~organic cyclic compound binding	12	52.17391304347826	0.09000583870002105	4825, 2019, 5979, 6531, 2643, 5087, 4010, 5563, 5309, 1813, 7054, 6421	22	6052	16881	1.5214504596527068	0.9999999969798395	0.4915972028099729	69.57046148966229
GOTERM_MF_ALL	GO:0098772~molecular function regulator	5	21.73913043478261	0.09020403870525401	5979, 2644, 216, 9628, 1813	22	1397	16881	2.746307021539663	0.9999999971136236	0.4807875489130591	69.65396001670527
GOTERM_CC_ALL	GO:0044424~intracellular part	20	86.95652173913044	0.09051013725618887	2019, 2644, 2643, 216, 5087, 4010, 9628, 7299, 6421, 4825, 3763, 5979, 6531, 5563, 5309, 1644, 6571, 1813, 7054, 7385	22	13860	18224	1.1953299226026497	0.999999968288921	0.33708567291323277	68.98605782248272
GOTERM_BP_ALL	GO:2000177~regulation of neural precursor cell proliferation	2	8.695652173913043	0.09205817612446317	116, 1813	22	77	16792	19.825265643447462	1.0	0.39502304242264896	80.17290463594671
GOTERM_BP_ALL	GO:0042981~regulation of apoptotic process	5	21.73913043478261	0.09214229883048931	116, 2019, 5979, 5563, 6421	22	1400	16792	2.725974025974026	1.0	0.39433263655077067	80.20366161552836
GOTERM_BP_ALL	GO:0050789~regulation of biological process	18	78.26086956521739	0.09288690294293817	116, 2019, 2644, 2643, 5087, 4010, 9628, 6421, 4825, 3763, 5979, 6531, 5563, 7432, 5309, 6571, 1813, 7054	22	10922	16792	1.25791147142548	1.0	0.3959235102509878	80.47395482449724
GOTERM_BP_ALL	GO:0010975~regulation of neuron projection development	3	13.043478260869565	0.09325360366781717	116, 4825, 5979	22	413	16792	5.544353951133611	1.0	0.3962063365768351	80.60578914524439
GOTERM_BP_ALL	GO:0009116~nucleoside metabolic process	3	13.043478260869565	0.09325360366781717	116, 5563, 7385	22	413	16792	5.544353951133611	1.0	0.3962063365768351	80.60578914524439
GOTERM_CC_ALL	GO:0044463~cell projection part	4	17.391304347826086	0.09388561059763166	116, 1813, 6571, 7054	22	952	18224	3.480519480519481	0.9999999838820074	0.3411680178494825	70.37696421814093
GOTERM_BP_ALL	GO:0030819~positive regulation of cAMP biosynthetic process	2	8.695652173913043	0.09433820850931483	116, 7432	22	79	16792	19.32336018411968	1.0	0.3989394607946386	80.99083877286844
GOTERM_BP_ALL	GO:0043067~regulation of programmed cell death	5	21.73913043478261	0.09460376713062517	116, 2019, 5979, 5563, 6421	22	1413	16792	2.7008942932509807	1.0	0.3988676893402925	81.08401406664547
GOTERM_BP_ALL	GO:0048568~embryonic organ development	3	13.043478260869565	0.0947909770756708	2019, 5087, 7054	22	417	16792	5.491170699803793	1.0	0.3985309273504217	81.14944125912072
GOTERM_MF_ALL	GO:0046914~transition metal ion binding	5	21.73913043478261	0.09508111397929275	2643, 4010, 7299, 7054, 7385	22	1423	16881	2.6961285376605124	0.9999999990563572	0.48847747442739353	71.64331224307206
GOTERM_BP_ALL	GO:0009314~response to radiation	3	13.043478260869565	0.0951765189986378	1813, 7299, 7054	22	418	16792	5.478033927794693	1.0	0.39886704077887725	81.28351285217856
GOTERM_BP_ALL	GO:0051649~establishment of localization in cell	6	26.08695652173913	0.09639719047483823	6531, 5563, 1644, 1813, 6571, 7054	22	2004	16792	2.285247686445291	1.0	0.40201015810943164	81.70211003992034
GOTERM_BP_ALL	GO:0009653~anatomical structure morphogenesis	7	30.434782608695656	0.09778874439647126	4825, 2019, 5979, 5087, 5309, 1813, 7054	22	2631	16792	2.030752220033862	1.0	0.40569212893816087	82.16856438535063
GOTERM_BP_ALL	GO:0016070~RNA metabolic process	10	43.47826086956522	0.09799397259671874	116, 4825, 2019, 5979, 5087, 4010, 5563, 5309, 1813, 6421	22	4648	16792	1.6421530276951963	1.0	0.4054041449822714	82.23640400171183
GOTERM_BP_ALL	GO:0051240~positive regulation of multicellular organismal process	5	21.73913043478261	0.09806611532465428	116, 4825, 5979, 6531, 1813	22	1431	16792	2.6669207801283275	1.0	0.4046766957171821	82.26019357923592
GOTERM_BP_ALL	GO:0008344~adult locomotory behavior	2	8.695652173913043	0.09888192473364511	2019, 1813	22	83	16792	18.3921139101862	1.0	0.4064109171574699	82.52713592139251
GOTERM_BP_ALL	GO:0006810~transport	10	43.47826086956522	0.09966948850286766	116, 3763, 4825, 6531, 5563, 7432, 1644, 1813, 6571, 7054	22	4663	16792	1.6368705281422415	1.0	0.40803904921153544	82.78124896792635
