Category	Term	Count	%	PValue	Genes	List Total	Pop Hits	Pop Total	Fold Enrichment	Bonferroni	Benjamini	FDR
GOTERM_BP_ALL	GO:1903513~endoplasmic reticulum to cytosol transport	5	50.0	6.640841171558107E-10	9695, 79139, 9709, 55741, 84447	10	27	16792	310.962962962963	4.0973981885183974E-7	4.0973981885183974E-7	9.845518067486125E-7
GOTERM_BP_ALL	GO:0030970~retrograde protein transport, ER to cytosol	5	50.0	6.640841171558107E-10	9695, 79139, 9709, 55741, 84447	10	27	16792	310.962962962963	4.0973981885183974E-7	4.0973981885183974E-7	9.845518067486125E-7
GOTERM_BP_ALL	GO:0032527~protein exit from endoplasmic reticulum	5	50.0	3.81923364291884E-9	9695, 79139, 9709, 55741, 84447	10	41	16792	204.78048780487805	2.3564643567564048E-6	1.1782328724896374E-6	5.662284574547982E-6
GOTERM_BP_ALL	GO:0030433~ER-associated ubiquitin-dependent protein catabolic process	5	50.0	5.059968023359668E-8	9695, 79139, 9709, 55741, 84447	10	77	16792	109.03896103896103	3.1219516148595083E-5	1.0406613680125076E-5	7.50175889518978E-5
GOTERM_BP_ALL	GO:0036503~ERAD pathway	5	50.0	1.0410100449425175E-7	9695, 79139, 9709, 55741, 84447	10	92	16792	91.26086956521739	6.422826038643414E-5	1.605745185506713E-5	1.5433701243683373E-4
GOTERM_BP_ALL	GO:0030968~endoplasmic reticulum unfolded protein response	5	50.0	4.4587607048304484E-7	9695, 79139, 9709, 55741, 84447	10	132	16792	63.6060606060606	2.750677587610717E-4	5.5019605733175325E-5	6.610408650353783E-4
GOTERM_BP_ALL	GO:0034620~cellular response to unfolded protein	5	50.0	4.879641876501095E-7	9695, 79139, 9709, 55741, 84447	10	135	16792	62.19259259259259	3.0102865899162E-4	5.0177737257461885E-5	7.234390813293246E-4
GOTERM_BP_ALL	GO:0035967~cellular response to topologically incorrect protein	5	50.0	7.247449373221614E-7	9695, 79139, 9709, 55741, 84447	10	149	16792	56.348993288590606	4.4706782373216125E-4	6.387907226612644E-5	0.0010744803957574156
GOTERM_BP_ALL	GO:0010498~proteasomal protein catabolic process	6	60.0	9.040396240634465E-7	9695, 79139, 9709, 2629, 55741, 84447	10	403	16792	25.00049627791563	5.576371627445953E-4	6.972165685381615E-5	0.0013402944941121042
GOTERM_BP_ALL	GO:0030163~protein catabolic process	7	70.0	9.236052899176028E-7	9695, 79139, 9709, 2629, 55741, 84447, 1509	10	811	16792	14.49371146732429	5.697023849784433E-4	6.331629844336106E-5	0.0013693016151505866
GOTERM_BP_ALL	GO:0044712~single-organism catabolic process	7	70.0	1.112148679257598E-6	9695, 79139, 9709, 2629, 55741, 84447, 1509	10	837	16792	14.043488649940262	6.859607379665622E-4	6.861725739626401E-5	0.0016488266303515964
GOTERM_BP_ALL	GO:0006986~response to unfolded protein	5	50.0	1.2868624594504172E-6	9695, 79139, 9709, 55741, 84447	10	172	16792	48.81395348837209	7.936795180401024E-4	7.217872666143155E-5	0.0019078479071232834
GOTERM_BP_ALL	GO:0035966~response to topologically incorrect protein	5	50.0	1.8352221824185973E-6	9695, 79139, 9709, 55741, 84447	10	188	16792	44.659574468085104	0.0011316922783635164	9.435664193291338E-5	0.002720812548029361
GOTERM_BP_ALL	GO:0034976~response to endoplasmic reticulum stress	5	50.0	7.6177520250643915E-6	9695, 79139, 9709, 55741, 84447	10	269	16792	31.211895910780665	0.004689142384010081	3.6148625592891115E-4	0.011293263019107602
GOTERM_CC_ALL	GO:0043202~lysosomal lumen	4	40.0	8.949351913441239E-6	2629, 950, 5660, 1509	10	88	18224	82.83636363636364	0.0011627444429070932	0.0011627444429070932	0.010421460793685888
GOTERM_BP_ALL	GO:0009057~macromolecule catabolic process	7	70.0	9.203599750973948E-6	9695, 79139, 9709, 2629, 55741, 84447, 1509	10	1201	16792	9.787177352206495	0.005662554138149312	4.0553540387966436E-4	0.013644121380995688
GOTERM_BP_ALL	GO:0051603~proteolysis involved in cellular protein catabolic process	6	60.0	9.982554305559622E-6	9695, 79139, 9709, 2629, 55741, 84447	10	657	16792	15.335159817351599	0.006140337349394787	4.105334913329095E-4	0.014798823602557576
GOTERM_BP_ALL	GO:1904380~endoplasmic reticulum mannose trimming	3	30.0	1.1465689634909323E-5	9695, 55741, 84447	10	10	16792	503.76	0.00704940660212805	4.4205045821266165E-4	0.016997350935543665
GOTERM_BP_ALL	GO:0044257~cellular protein catabolic process	6	60.0	1.2588489861912563E-5	9695, 79139, 9709, 2629, 55741, 84447	10	689	16792	14.622931785195936	0.0077370607913732625	4.5678664903647803E-4	0.018661705138878215
GOTERM_CC_ALL	GO:0044322~endoplasmic reticulum quality control compartment	3	30.0	1.6863194548869715E-5	9695, 55741, 84447	10	13	18224	420.55384615384617	0.0021898325859490697	0.001095516371034111	0.019636250768406693
GOTERM_BP_ALL	GO:0036508~protein alpha-1,2-demannosylation	3	30.0	1.985729374833733E-5	9695, 55741, 84447	10	13	16792	387.50769230769225	0.012177320853281048	6.804390568113661E-4	0.029435805668087678
GOTERM_BP_ALL	GO:0036507~protein demannosylation	3	30.0	1.985729374833733E-5	9695, 55741, 84447	10	13	16792	387.50769230769225	0.012177320853281048	6.804390568113661E-4	0.029435805668087678
GOTERM_CC_ALL	GO:0005775~vacuolar lumen	4	40.0	2.052769663581102E-5	2629, 950, 5660, 1509	10	116	18224	62.84137931034483	0.0026650703309312185	8.891471252726602E-4	0.02390289310936211
GOTERM_BP_ALL	GO:1904294~positive regulation of ERAD pathway	3	30.0	2.3160402939610628E-5	9695, 9709, 55741	10	14	16792	359.8285714285714	0.014188514757951576	7.51829555318051E-4	0.03433144327630311
GOTERM_BP_ALL	GO:0043161~proteasome-mediated ubiquitin-dependent protein catabolic process	5	50.0	2.822228376661625E-5	9695, 79139, 9709, 55741, 84447	10	375	16792	22.389333333333333	0.017262657864168585	8.702908174847979E-4	0.04183337546433963
GOTERM_BP_ALL	GO:0006517~protein deglycosylation	3	30.0	6.423009053983146E-5	9695, 55741, 84447	10	23	16792	219.02608695652174	0.03885619348881275	0.0018854221940962645	0.09518339550568244
GOTERM_BP_ALL	GO:0006508~proteolysis	7	70.0	6.683640934237778E-5	9695, 79139, 9709, 2629, 55741, 84447, 1509	10	1693	16792	6.942941523922031	0.040400666644562766	0.001872764308414987	0.09904394847934928
GOTERM_BP_ALL	GO:0044265~cellular macromolecule catabolic process	6	60.0	6.796327831078387E-5	9695, 79139, 9709, 2629, 55741, 84447	10	976	16792	10.32295081967213	0.041067668150340686	0.001821589659574685	0.10071305552320498
GOTERM_BP_ALL	GO:0006886~intracellular protein transport	6	60.0	8.399356509220905E-5	9695, 79139, 9709, 950, 55741, 84447	10	1020	16792	9.877647058823529	0.050506131373138086	0.0021570953780738478	0.12445413981690967
GOTERM_BP_ALL	GO:0033554~cellular response to stress	7	70.0	8.703348515702673E-5	9695, 79139, 9709, 2629, 55741, 84447, 5660	10	1773	16792	6.6296672306824584	0.052285514110746	0.0021457744199344653	0.1289557114321438
GOTERM_CC_ALL	GO:0000323~lytic vacuole	5	50.0	8.780722289798381E-5	3482, 2629, 950, 5660, 1509	10	544	18224	16.75	0.011350531248788931	0.0028497916533388734	0.10220801965645787
GOTERM_CC_ALL	GO:0005764~lysosome	5	50.0	8.780722289798381E-5	3482, 2629, 950, 5660, 1509	10	544	18224	16.75	0.011350531248788931	0.0028497916533388734	0.10220801965645787
GOTERM_BP_ALL	GO:1904292~regulation of ERAD pathway	3	30.0	9.583100574160676E-5	9695, 9709, 55741	10	28	16792	179.9142857142857	0.057416306241375725	0.0022716683033570106	0.14198218162327914
GOTERM_BP_ALL	GO:0010033~response to organic substance	8	80.0	9.866214349509353E-5	9695, 79139, 3482, 9709, 2629, 55741, 84447, 5660	10	2822	16792	4.760311835577605	0.0590615453566401	0.0022521839356862694	0.14617390432050126
GOTERM_BP_ALL	GO:1901575~organic substance catabolic process	7	70.0	1.2490544628804726E-4	9695, 79139, 9709, 2629, 55741, 84447, 1509	10	1889	16792	6.222551614610905	0.07417632087941972	0.0027487678355319067	0.18502137430016496
GOTERM_CC_ALL	GO:0005773~vacuole	6	60.0	1.2969097656300617E-4	79139, 3482, 2629, 950, 5660, 1509	10	1212	18224	9.021782178217821	0.016719570558291763	0.0033665046394170117	0.1509272586504129
GOTERM_BP_ALL	GO:0006511~ubiquitin-dependent protein catabolic process	5	50.0	1.5146575866072608E-4	9695, 79139, 9709, 55741, 84447	10	577	16792	14.551126516464471	0.08922687420081665	0.003217620994779624	0.22432375691820994
GOTERM_BP_ALL	GO:0080135~regulation of cellular response to stress	5	50.0	1.5556912858973526E-4	9695, 9709, 55741, 84447, 5660	10	581	16792	14.450946643717728	0.09153018732671692	0.0031946734483030426	0.23039439438198306
GOTERM_BP_ALL	GO:0019941~modification-dependent protein catabolic process	5	50.0	1.5975318888569593E-4	9695, 79139, 9709, 55741, 84447	10	585	16792	14.35213675213675	0.09387280561052247	0.003174807401466584	0.23658405270741145
GOTERM_BP_ALL	GO:0043632~modification-dependent macromolecule catabolic process	5	50.0	1.6836730406724672E-4	9695, 79139, 9709, 55741, 84447	10	593	16792	14.158516020236087	0.09867679968990306	0.00324134087582173	0.2493261520715273
GOTERM_BP_ALL	GO:0009056~catabolic process	7	70.0	1.787021524503361E-4	9695, 79139, 9709, 2629, 55741, 84447, 1509	10	2012	16792	5.842147117296222	0.10440688423475752	0.003335910747885862	0.26461157727540874
GOTERM_BP_ALL	GO:0080134~regulation of response to stress	6	60.0	2.5266238970224504E-4	9695, 9709, 2629, 55741, 84447, 5660	10	1285	16792	7.840622568093385	0.14436585240873556	0.004575160505218556	0.37393635579880957
GOTERM_CC_ALL	GO:0044437~vacuolar part	5	50.0	2.569330227887637E-4	3482, 2629, 950, 5660, 1509	10	718	18224	12.690807799442897	0.032853779625666046	0.005552127094446191	0.2988021892632031
GOTERM_BP_ALL	GO:0045732~positive regulation of protein catabolic process	4	40.0	2.7802306085270305E-4	9695, 9709, 2629, 55741	10	257	16792	26.135408560311287	0.15765371044808474	0.004889836462996455	0.41139765052699007
GOTERM_BP_ALL	GO:0071310~cellular response to organic substance	7	70.0	2.8551704083204906E-4	9695, 79139, 9709, 2629, 55741, 84447, 5660	10	2186	16792	5.377127172918572	0.1615406412580308	0.004882186746153927	0.422464803261946
GOTERM_CC_ALL	GO:0098852~lytic vacuole membrane	4	40.0	3.12033291027336E-4	3482, 2629, 950, 5660	10	290	18224	25.13655172413793	0.03975868648266245	0.005779044970343095	0.36277508178933493
GOTERM_CC_ALL	GO:0005765~lysosomal membrane	4	40.0	3.12033291027336E-4	3482, 2629, 950, 5660	10	290	18224	25.13655172413793	0.03975868648266245	0.005779044970343095	0.36277508178933493
GOTERM_BP_ALL	GO:0051247~positive regulation of protein metabolic process	6	60.0	5.370518801453546E-4	9695, 79139, 9709, 2629, 55741, 5660	10	1508	16792	6.681167108753316	0.2821179656154511	0.008918104362173107	0.7932682776005451
GOTERM_BP_ALL	GO:0009896~positive regulation of catabolic process	4	40.0	5.940914949239534E-4	9695, 9709, 2629, 55741	10	333	16792	20.170570570570572	0.30695710139074817	0.009602633704261843	0.8771746953562198
GOTERM_CC_ALL	GO:0044444~cytoplasmic part	10	100.0	6.67833375114053E-4	9695, 79139, 3482, 9709, 2629, 950, 55741, 84447, 5660, 1509	10	8090	18224	2.2526576019777504	0.08318295538242348	0.010797204899104518	0.7749659156407018
GOTERM_BP_ALL	GO:0046907~intracellular transport	6	60.0	6.960433986225214E-4	9695, 79139, 9709, 950, 55741, 84447	10	1594	16792	6.320702634880803	0.3492360557139189	0.010955148094100031	1.026983156509853
GOTERM_BP_ALL	GO:0034613~cellular protein localization	6	60.0	7.083494820282855E-4	9695, 79139, 9709, 950, 55741, 84447	10	1600	16792	6.297	0.35416194546162105	0.010870645221341957	1.0450514678940537
GOTERM_BP_ALL	GO:0070727~cellular macromolecule localization	6	60.0	7.355858801251318E-4	9695, 79139, 9709, 950, 55741, 84447	10	1613	16792	6.246249225046497	0.3649321879447953	0.011012655583149566	1.085030160524647
GOTERM_BP_ALL	GO:0044248~cellular catabolic process	6	60.0	7.419838500903179E-4	9695, 79139, 9709, 2629, 55741, 84447	10	1616	16792	6.234653465346534	0.3674360527795004	0.010844907273423354	1.0944191760640987
GOTERM_CC_ALL	GO:0044446~intracellular organelle part	10	100.0	7.819663308334232E-4	9695, 79139, 3482, 9709, 2629, 950, 55741, 84447, 5660, 1509	10	8233	18224	2.2135309121826796	0.09669533403810182	0.011235888269802374	0.9068572193520863
GOTERM_BP_ALL	GO:0042176~regulation of protein catabolic process	4	40.0	8.075453204978058E-4	9695, 9709, 2629, 55741	10	370	16792	18.153513513513516	0.39253259106822147	0.011525088939931094	1.1905826975187606
GOTERM_BP_ALL	GO:0070887~cellular response to chemical stimulus	7	70.0	8.335676688917438E-4	9695, 79139, 9709, 2629, 55741, 84447, 5660	10	2648	16792	4.438972809667673	0.40221596008120797	0.011625660178364305	1.2287272895948886
GOTERM_BP_ALL	GO:0071702~organic substance transport	7	70.0	8.493830056973883E-4	9695, 79139, 9709, 950, 55741, 84447, 5660	10	2657	16792	4.423936770794128	0.408025671116367	0.011583324219512692	1.2519033290436021
GOTERM_CC_ALL	GO:0044422~organelle part	10	100.0	9.52123310840804E-4	9695, 79139, 3482, 9709, 2629, 950, 55741, 84447, 5660, 1509	10	8415	18224	2.165656565656566	0.11647438310996094	0.012307139285117508	1.1031919795677414
GOTERM_BP_ALL	GO:0006487~protein N-linked glycosylation	3	30.0	9.760872049500337E-4	9695, 55741, 84447	10	89	16792	56.60224719101124	0.45258053229994943	0.013013279348347173	1.4373946464969478
GOTERM_BP_ALL	GO:0044710~single-organism metabolic process	8	80.0	0.0010838540787401678	9695, 79139, 9709, 2629, 55741, 84447, 5660, 1509	10	4063	16792	3.30632537533842	0.48783100285019987	0.01413532844308385	1.5949064958589054
GOTERM_BP_ALL	GO:0033036~macromolecule localization	7	70.0	0.0011731207314149884	9695, 79139, 9709, 950, 55741, 84447, 5660	10	2817	16792	4.172665956691516	0.5153073911170591	0.01497508267776737	1.7252006732069614
GOTERM_BP_ALL	GO:0042221~response to chemical	8	80.0	0.0011804543020852852	9695, 79139, 3482, 9709, 2629, 55741, 84447, 5660	10	4117	16792	3.2629584649016277	0.5174981525104803	0.01476281312857064	1.7358976453545116
GOTERM_MF_ALL	GO:0004553~hydrolase activity, hydrolyzing O-glycosyl compounds	3	30.0	0.0012172864640974431	9695, 2629, 55741	10	100	16881	50.643	0.09945073239967361	0.09945073239967361	1.3048490347744468
GOTERM_MF_ALL	GO:0001948~glycoprotein binding	3	30.0	0.0012907269671912952	9695, 3482, 55741	10	103	16881	49.167961165048546	0.10512766903890314	0.05402308116894472	1.3830759528462022
GOTERM_BP_ALL	GO:0015031~protein transport	6	60.0	0.0014232726529280035	9695, 79139, 9709, 950, 55741, 84447	10	1860	16792	5.416774193548387	0.5847127171696112	0.017422143389855593	2.0894674239637423
GOTERM_BP_ALL	GO:1904154~positive regulation of retrograde protein transport, ER to cytosol	2	20.0	0.0016071425532896992	9695, 55741	10	3	16792	1119.4666666666667	0.6293157426254895	0.019270811842321156	2.356412168215738
GOTERM_CC_ALL	GO:0044432~endoplasmic reticulum part	5	50.0	0.0016770089742969793	9695, 79139, 9709, 55741, 84447	10	1177	18224	7.741716227697536	0.19603068393744028	0.019640398245101	1.9356198044124917
GOTERM_MF_ALL	GO:0016798~hydrolase activity, acting on glycosyl bonds	3	30.0	0.0019529269775826438	9695, 2629, 55741	10	127	16881	39.8763779527559	0.15474416372476474	0.05449740301532968	2.0858980016682294
GOTERM_BP_ALL	GO:0051649~establishment of localization in cell	6	60.0	0.0020034922840051605	9695, 79139, 9709, 950, 55741, 84447	10	2004	16792	5.02754491017964	0.7098608689846513	0.02351515851113395	2.9295312359343906
GOTERM_BP_ALL	GO:0009894~regulation of catabolic process	4	40.0	0.0020290322965102487	9695, 9709, 2629, 55741	10	509	16792	13.196070726915522	0.7144061931573213	0.023367642378404718	2.9663541253422743
GOTERM_BP_ALL	GO:0045184~establishment of protein localization	6	60.0	0.0020822746329235025	9695, 79139, 9709, 950, 55741, 84447	10	2021	16792	4.985254824344383	0.7236543725794652	0.02353534098427934	3.043075586649302
GOTERM_BP_ALL	GO:1904382~mannose trimming involved in glycoprotein ERAD pathway	2	20.0	0.0021423463007868935	9695, 55741	10	4	16792	839.6000000000001	0.7337303067374417	0.02377190003868035	3.12957009814655
GOTERM_BP_ALL	GO:1904587~response to glycoprotein	2	20.0	0.0021423463007868935	9695, 55741	10	4	16792	839.6000000000001	0.7337303067374417	0.02377190003868035	3.12957009814655
GOTERM_BP_ALL	GO:0097466~glycoprotein ERAD pathway	2	20.0	0.0021423463007868935	9695, 55741	10	4	16792	839.6000000000001	0.7337303067374417	0.02377190003868035	3.12957009814655
GOTERM_BP_ALL	GO:0035977~protein deglycosylation involved in glycoprotein catabolic process	2	20.0	0.0021423463007868935	9695, 55741	10	4	16792	839.6000000000001	0.7337303067374417	0.02377190003868035	3.12957009814655
GOTERM_CC_ALL	GO:0030176~integral component of endoplasmic reticulum membrane	3	30.0	0.0022416578474635167	9695, 79139, 84447	10	147	18224	37.19183673469388	0.25303924800037314	0.02401873293905743	2.579595288687875
GOTERM_CC_ALL	GO:0031227~intrinsic component of endoplasmic reticulum membrane	3	30.0	0.002394212878754086	9695, 79139, 84447	10	152	18224	35.96842105263158	0.2677409005259318	0.02368581732683117	2.752917963718793
GOTERM_BP_ALL	GO:0006810~transport	8	80.0	0.0026245034853945733	9695, 79139, 3482, 9709, 950, 55741, 84447, 5660	10	4663	16792	2.8808921295303453	0.8023875183679008	0.028539254057306396	3.8212046572103753
GOTERM_CC_ALL	GO:0005774~vacuolar membrane	4	40.0	0.002695370709221305	3482, 2629, 950, 5660	10	610	18224	11.95016393442623	0.295925615764403	0.02475078303103828	3.094245839004617
GOTERM_CC_ALL	GO:0016020~membrane	10	100.0	0.002736896202334119	9695, 79139, 3482, 9709, 2629, 950, 55741, 84447, 5660, 1509	10	9462	18224	1.926019868949482	0.29972648571371785	0.023472420358788826	3.1412242129502776
GOTERM_BP_ALL	GO:1901135~carbohydrate derivative metabolic process	5	50.0	0.002815883027069865	9695, 2629, 55741, 84447, 5660	10	1247	16792	6.732959101844426	0.8244533723637376	0.03006255039353145	4.0944518109448325
GOTERM_CC_ALL	GO:0098805~whole membrane	5	50.0	0.0028915755005146024	3482, 2629, 950, 5660, 1509	10	1363	18224	6.685253118121791	0.3137061180122398	0.023253456641483705	3.316031931339125
GOTERM_BP_ALL	GO:0051234~establishment of localization	8	80.0	0.0031132561065940786	9695, 79139, 3482, 9709, 950, 55741, 84447, 5660	10	4790	16792	2.8045093945720247	0.8539600891163892	0.032626163713165846	4.5175979975340175
GOTERM_BP_ALL	GO:1901136~carbohydrate derivative catabolic process	3	30.0	0.004000590646497633	9695, 2629, 55741	10	182	16792	27.67912087912088	0.9156950835543579	0.04105407718460752	5.769902796474236
GOTERM_MF_ALL	GO:0004571~mannosyl-oligosaccharide 1,2-alpha-mannosidase activity	2	20.0	0.004258081140777635	9695, 55741	10	8	16881	422.02500000000003	0.30717431093042236	0.0876615137745862	4.497163109681157
GOTERM_CC_ALL	GO:0012505~endomembrane system	7	70.0	0.004266506930468072	9695, 79139, 3482, 9709, 950, 55741, 84447	10	3878	18224	3.2895306859205773	0.4264054421657355	0.03216729115978245	4.8572556999019305
GOTERM_BP_ALL	GO:0008104~protein localization	6	60.0	0.0049458033362526545	9695, 79139, 9709, 950, 55741, 84447	10	2448	16792	4.1156862745098035	0.9530715811752376	0.049707579500131605	7.087032883156564
GOTERM_BP_ALL	GO:0006950~response to stress	7	70.0	0.004968629791363178	9695, 79139, 9709, 2629, 55741, 84447, 5660	10	3677	16792	3.196736469948327	0.9537311314527624	0.04913362524023501	7.118627615300777
GOTERM_CC_ALL	GO:0005770~late endosome	3	30.0	0.004982754378396532	79139, 3482, 950	10	221	18224	24.738461538461536	0.4776290230976674	0.035433512598365136	5.651202147927348
GOTERM_BP_ALL	GO:1901700~response to oxygen-containing compound	5	50.0	0.005094196144152905	9695, 3482, 2629, 55741, 5660	10	1466	16792	5.727148703956344	0.957197216629965	0.04955504905354369	7.29224843088121
GOTERM_MF_ALL	GO:0015924~mannosyl-oligosaccharide mannosidase activity	2	20.0	0.005320079913160615	9695, 55741	10	10	16881	337.62	0.3679256479396471	0.08766647563171659	5.589812599484
GOTERM_BP_ALL	GO:0070863~positive regulation of protein exit from endoplasmic reticulum	2	20.0	0.005348216643893615	9695, 55741	10	10	16792	335.84000000000003	0.9634365222993554	0.051163833724627295	7.6425579695950985
GOTERM_CC_ALL	GO:0036513~Derlin-1 retrotranslocation complex	2	20.0	0.0054204863078965645	79139, 84447	10	11	18224	331.3454545454546	0.506671480281901	0.03650542230114007	6.133433000694454
GOTERM_BP_ALL	GO:0051246~regulation of protein metabolic process	6	60.0	0.005547774600609809	9695, 79139, 9709, 2629, 55741, 5660	10	2512	16792	4.010828025477707	0.9676941562741486	0.05222005020220133	7.91689417186856
GOTERM_BP_ALL	GO:0010941~regulation of cell death	5	50.0	0.005657516182921554	3482, 9709, 2629, 84447, 5660	10	1509	16792	5.5639496355202125	0.9698207053329578	0.052430858622932064	8.067434014804487
GOTERM_BP_ALL	GO:0051641~cellular localization	6	60.0	0.005837755710543873	9695, 79139, 9709, 950, 55741, 84447	10	2541	16792	3.9650531286894917	0.97301434532603	0.05326313760468793	8.314182669338333
GOTERM_CC_ALL	GO:0005783~endoplasmic reticulum	5	50.0	0.005942790675992549	9695, 79139, 9709, 55741, 84447	10	1660	18224	5.489156626506024	0.5392351776406095	0.03800245052602158	6.7058851335639265
GOTERM_BP_ALL	GO:0036211~protein modification process	7	70.0	0.006066004907312744	9695, 79139, 9709, 2629, 55741, 84447, 5660	10	3818	16792	3.0786799371398637	0.976579014403601	0.05449082224040447	8.62577049982043
GOTERM_BP_ALL	GO:0006464~cellular protein modification process	7	70.0	0.006066004907312744	9695, 79139, 9709, 2629, 55741, 84447, 5660	10	3818	16792	3.0786799371398637	0.976579014403601	0.05449082224040447	8.62577049982043
GOTERM_BP_ALL	GO:0005975~carbohydrate metabolic process	4	40.0	0.006746100327840252	9695, 2629, 55741, 84447	10	778	16792	8.633419023136247	0.984647042628138	0.05957026246849906	9.548338556746783
GOTERM_MF_ALL	GO:1990381~ubiquitin-specific protease binding	2	20.0	0.006911190334849782	79139, 84447	10	13	16881	259.7076923076923	0.4492232679848348	0.09462340324924978	7.205629601165708
GOTERM_BP_ALL	GO:1904152~regulation of retrograde protein transport, ER to cytosol	2	20.0	0.0069477159329523995	9695, 55741	10	13	16792	258.33846153846156	0.9864545095508549	0.06043990883416028	9.820161801163763
GOTERM_BP_ALL	GO:0019538~protein metabolic process	8	80.0	0.007061637791900094	9695, 79139, 9709, 2629, 55741, 84447, 5660, 1509	10	5457	16792	2.461718893164743	0.9873801866583367	0.06055321450617035	9.973417101459725
GOTERM_MF_ALL	GO:0004559~alpha-mannosidase activity	2	20.0	0.007441057496627253	9695, 55741	10	14	16881	241.15714285714287	0.47393142464571114	0.08767640161270185	7.738129251151838
GOTERM_MF_ALL	GO:0015923~mannosidase activity	2	20.0	0.007970673343561066	9695, 55741	10	15	16881	225.08	0.49753252707228623	0.0824315036838309	8.26760446477055
GOTERM_BP_ALL	GO:0043412~macromolecule modification	7	70.0	0.008434554871242672	9695, 79139, 9709, 2629, 55741, 84447, 5660	10	4065	16792	2.8916113161131607	0.9946260483771716	0.0709645065362502	11.801356811958442
GOTERM_CC_ALL	GO:0005737~cytoplasm	10	100.0	0.008817973842673889	9695, 79139, 3482, 9709, 2629, 950, 55741, 84447, 5660, 1509	10	10775	18224	1.691322505800464	0.6838127546435733	0.053353516317103944	9.800386784662251
GOTERM_CC_ALL	GO:0031974~membrane-enclosed lumen	7	70.0	0.008898724323268221	3482, 2629, 950, 55741, 84447, 5660, 1509	10	4457	18224	2.862194301099394	0.6871439432950427	0.05144805982148992	9.88592609715625
GOTERM_BP_ALL	GO:0043413~macromolecule glycosylation	3	30.0	0.009168280060267197	9695, 55741, 84447	10	279	16792	18.055913978494626	0.9965963949144138	0.07589487825737007	12.76400864007291
GOTERM_BP_ALL	GO:0006486~protein glycosylation	3	30.0	0.009168280060267197	9695, 55741, 84447	10	279	16792	18.055913978494626	0.9965963949144138	0.07589487825737007	12.76400864007291
GOTERM_BP_ALL	GO:0006516~glycoprotein catabolic process	2	20.0	0.009608467787570966	9695, 55741	10	18	16792	186.5777777777778	0.9974125693715599	0.0783631192421047	13.336825681818087
GOTERM_BP_ALL	GO:0010604~positive regulation of macromolecule metabolic process	6	60.0	0.009757402730545126	9695, 79139, 9709, 2629, 55741, 5660	10	2856	16792	3.5277310924369747	0.9976418580601539	0.07850244253358085	13.52983947333567
GOTERM_BP_ALL	GO:0070085~glycosylation	3	30.0	0.00981112533863591	9695, 55741, 84447	10	289	16792	17.43114186851211	0.9977194888098738	0.07790904326295744	13.599363411070986
GOTERM_BP_ALL	GO:0060548~negative regulation of cell death	4	40.0	0.010011974760168229	9709, 2629, 84447, 5660	10	897	16792	7.488071348940914	0.9979877873155336	0.0784433767178192	13.858826808316282
GOTERM_BP_ALL	GO:0007165~signal transduction	8	80.0	0.01002355179894618	9695, 79139, 3482, 9709, 2629, 55741, 84447, 5660	10	5775	16792	2.3261645021645023	0.9980022538094508	0.07755159988089666	13.873760208469065
GOTERM_BP_ALL	GO:1902236~negative regulation of endoplasmic reticulum stress-induced intrinsic apoptotic signaling pathway	2	20.0	0.010670992898858476	9709, 84447	10	20	16792	167.92000000000002	0.9986657466946893	0.08136268891853715	14.70507208522025
GOTERM_CC_ALL	GO:0005789~endoplasmic reticulum membrane	4	40.0	0.010752836990670396	9695, 79139, 9709, 84447	10	999	18224	7.2968968968968975	0.7547405502671714	0.05927650879827551	11.829711787484342
GOTERM_CC_ALL	GO:0043231~intracellular membrane-bounded organelle	10	100.0	0.010929455841471087	9695, 79139, 3482, 9709, 2629, 950, 55741, 84447, 5660, 1509	10	11035	18224	1.6514725872224738	0.760367971466286	0.05779001425514063	12.012858668107928
GOTERM_BP_ALL	GO:0051179~localization	8	80.0	0.011103115270886591	9695, 79139, 3482, 9709, 950, 55741, 84447, 5660	10	5872	16792	2.287738419618529	0.9989810041770927	0.0835078180535419	15.255745168464586
GOTERM_BP_ALL	GO:0070861~regulation of protein exit from endoplasmic reticulum	2	20.0	0.011201875385474302	9695, 55741	10	21	16792	159.92380952380952	0.9990419013940925	0.08321472844140998	15.38113332566019
GOTERM_CC_ALL	GO:0042175~nuclear outer membrane-endoplasmic reticulum membrane network	4	40.0	0.011415835761828879	9695, 79139, 9709, 84447	10	1021	18224	7.139666993143977	0.77521132922671	0.05795645783218162	12.515419720599109
GOTERM_BP_ALL	GO:0006491~N-glycan processing	2	20.0	0.01173250463367276	9695, 55741	10	22	16792	152.65454545454548	0.9993120235838506	0.08597579210398842	16.051875840044527
GOTERM_BP_ALL	GO:0009893~positive regulation of metabolic process	6	60.0	0.013005053894610388	9695, 79139, 9709, 2629, 55741, 5660	10	3052	16792	3.301179554390563	0.9996893215594187	0.09380156817080265	17.640293949776343
GOTERM_CC_ALL	GO:0098796~membrane protein complex	4	40.0	0.013111744368314008	79139, 3482, 9709, 84447	10	1074	18224	6.78733705772812	0.8201802066758193	0.063861937474332	14.247293294838615
GOTERM_BP_ALL	GO:0008219~cell death	5	50.0	0.01431278452053586	3482, 9709, 2629, 84447, 5660	10	1958	16792	4.288049029622063	0.999862899405935	0.10162366080615592	19.24339219193597
GOTERM_BP_ALL	GO:0009101~glycoprotein biosynthetic process	3	30.0	0.014465603678476857	9695, 55741, 84447	10	354	16792	14.230508474576272	0.999875407433871	0.10150065786820472	19.428816569342832
GOTERM_BP_ALL	GO:0044700~single organism signaling	8	80.0	0.015570556794190725	9695, 79139, 3482, 9709, 2629, 55741, 84447, 5660	10	6207	16792	2.164266151119704	0.9999376416228027	0.10766449342512074	20.757753545843137
GOTERM_BP_ALL	GO:0023052~signaling	8	80.0	0.01639273684630259	9695, 79139, 3482, 9709, 2629, 55741, 84447, 5660	10	6260	16792	2.1459424920127796	0.9999627603529059	0.11182189154109978	21.733302158167433
GOTERM_BP_ALL	GO:0007154~cell communication	8	80.0	0.016631595891179043	9695, 79139, 3482, 9709, 2629, 55741, 84447, 5660	10	6275	16792	2.140812749003984	0.9999679427428484	0.11214104134030667	22.014611104782656
GOTERM_BP_ALL	GO:1902235~regulation of endoplasmic reticulum stress-induced intrinsic apoptotic signaling pathway	2	20.0	0.01702489224464142	9709, 84447	10	32	16792	104.95000000000002	0.9999749541978689	0.1134302742234723	22.475750320616193
GOTERM_BP_ALL	GO:0009100~glycoprotein metabolic process	3	30.0	0.018153641812727748	9695, 55741, 84447	10	399	16792	12.625563909774435	0.9999876729195305	0.11927337375380465	23.785124990936612
GOTERM_BP_ALL	GO:0048522~positive regulation of cellular process	7	70.0	0.018683323034345535	9695, 79139, 3482, 9709, 2629, 55741, 5660	10	4744	16792	2.477740303541315	0.9999911638361335	0.12128634532576565	24.39243069953765
GOTERM_CC_ALL	GO:0044425~membrane part	8	80.0	0.02060785168834399	9695, 79139, 3482, 9709, 950, 84447, 5660, 1509	10	7057	18224	2.06592036276038	0.9332639742418247	0.09539748598645448	21.533297622127645
GOTERM_BP_ALL	GO:1903573~negative regulation of response to endoplasmic reticulum stress	2	20.0	0.021240647668211002	9709, 84447	10	40	16792	83.96000000000001	0.9999982337764904	0.13546869959399255	27.261561680005908
GOTERM_BP_ALL	GO:0044267~cellular protein metabolic process	7	70.0	0.021993582784930084	9695, 79139, 9709, 2629, 55741, 84447, 5660	10	4900	16792	2.398857142857143	0.9999989014201364	0.13855722911753976	28.086749881303675
GOTERM_BP_ALL	GO:1902532~negative regulation of intracellular signal transduction	3	30.0	0.02315246233554994	9709, 2629, 84447	10	454	16792	11.096035242290748	0.9999994714001524	0.1439349982212621	29.339795851466523
GOTERM_CC_ALL	GO:0043229~intracellular organelle	10	100.0	0.0250332623447592	9695, 79139, 3482, 9709, 2629, 950, 55741, 84447, 5660, 1509	10	12099	18224	1.5062401851392677	0.9629597490052434	0.11104206381148463	25.564375135527083
GOTERM_CC_ALL	GO:0043227~membrane-bounded organelle	10	100.0	0.027158429473867	9695, 79139, 3482, 9709, 2629, 950, 55741, 84447, 5660, 1509	10	12209	18224	1.4926693422884756	0.9721082590432392	0.11611510707797279	27.432083976873113
GOTERM_BP_ALL	GO:0048583~regulation of response to stimulus	6	60.0	0.027254350285472885	9695, 9709, 2629, 55741, 84447, 5660	10	3636	16792	2.7709570957095706	0.999999960593633	0.16587828064182386	33.613301834018195
GOTERM_CC_ALL	GO:0005615~extracellular space	4	40.0	0.0290153467930732	3482, 2629, 5660, 1509	10	1444	18224	5.04819944598338	0.978242572261496	0.11978874323723687	29.02886410869089
GOTERM_BP_ALL	GO:0051716~cellular response to stimulus	8	80.0	0.030002852646671397	9695, 79139, 3482, 9709, 2629, 55741, 84447, 5660	10	6927	16792	1.9393099465858237	0.9999999931234278	0.17950186155128467	36.34058525665043
GOTERM_BP_ALL	GO:0070059~intrinsic apoptotic signaling pathway in response to endoplasmic reticulum stress	2	20.0	0.03066738978548187	9709, 84447	10	58	16792	57.903448275862075	0.9999999954946132	0.18142267693602576	36.98411894299641
GOTERM_BP_ALL	GO:0048585~negative regulation of response to stimulus	4	40.0	0.03126712188165104	9709, 2629, 84447, 5660	10	1369	16792	4.906355003652301	0.9999999969246648	0.18295436530235465	37.55968266924468
GOTERM_BP_ALL	GO:0048518~positive regulation of biological process	7	70.0	0.032031874231067445	9695, 79139, 3482, 9709, 2629, 55741, 5660	10	5285	16792	2.2241059602649003	0.999999998110826	0.18532879367533495	38.28650596952221
GOTERM_BP_ALL	GO:0032270~positive regulation of cellular protein metabolic process	4	40.0	0.034403217516655205	79139, 9709, 2629, 5660	10	1420	16792	4.730140845070423	0.9999999995840753	0.19602494668055281	40.49039089417788
GOTERM_CC_ALL	GO:0016021~integral component of membrane	7	70.0	0.03594263961236025	9695, 79139, 3482, 9709, 950, 84447, 5660	10	5872	18224	2.1724795640326975	0.9914222434707318	0.142301528804341	34.706460050883
GOTERM_BP_ALL	GO:0036473~cell death in response to oxidative stress	2	20.0	0.03638836598423778	2629, 5660	10	69	16792	48.672463768115946	0.9999999998831697	0.20443520918193392	42.2786810793439
GOTERM_BP_ALL	GO:0009311~oligosaccharide metabolic process	2	20.0	0.03638836598423778	9695, 55741	10	69	16792	48.672463768115946	0.9999999998831697	0.20443520918193392	42.2786810793439
GOTERM_BP_ALL	GO:0036498~IRE1-mediated unfolded protein response	2	20.0	0.036906963408203604	9695, 84447	10	70	16792	47.977142857142866	0.999999999916188	0.20524960828352434	42.737525046345404
GOTERM_CC_ALL	GO:0070062~extracellular exosome	5	50.0	0.0371948879644116	3482, 2629, 950, 5660, 1509	10	2811	18224	3.241551049448595	0.9927558009377629	0.14271603763485818	35.68733807338861
GOTERM_CC_ALL	GO:1903561~extracellular vesicle	5	50.0	0.03781269102026806	3482, 2629, 950, 5660, 1509	10	2825	18224	3.225486725663717	0.9933357517389563	0.14088151073493715	36.166280234443725
GOTERM_CC_ALL	GO:0043230~extracellular organelle	5	50.0	0.037857065037708915	3482, 2629, 950, 5660, 1509	10	2826	18224	3.2243453644727533	0.9933755874352327	0.13718815389361838	36.20055467489834
GOTERM_BP_ALL	GO:0006687~glycosphingolipid metabolic process	2	20.0	0.037943414048096806	2629, 5660	10	72	16792	46.64444444444445	0.9999999999568698	0.2086288699184048	43.64438022770899
GOTERM_MF_ALL	GO:0051117~ATPase binding	2	20.0	0.038776914618470444	79139, 84447	10	74	16881	45.624324324324334	0.9666665273287635	0.314708069589988	34.71882084626883
GOTERM_CC_ALL	GO:0031224~intrinsic component of membrane	7	70.0	0.039310320805790916	9695, 79139, 3482, 9709, 950, 84447, 5660	10	5981	18224	2.1328874770105335	0.994557402018085	0.13839392944069429	37.31379366092633
GOTERM_CC_ALL	GO:0070013~intracellular organelle lumen	6	60.0	0.039785258590470926	2629, 950, 55741, 84447, 5660, 1509	10	4328	18224	2.5264325323475045	0.9948962666296902	0.1363650254437876	37.67374251060589
GOTERM_BP_ALL	GO:0032092~positive regulation of protein binding	2	20.0	0.04207930909458804	79139, 9709	10	80	16792	41.980000000000004	0.9999999999969778	0.22703720470823374	47.13145055437607
GOTERM_CC_ALL	GO:0043233~organelle lumen	6	60.0	0.04252240420858229	2629, 950, 55741, 84447, 5660, 1509	10	4400	18224	2.485090909090909	0.9964785568612953	0.1415892385470383	39.71162562319951
GOTERM_BP_ALL	GO:0044723~single-organism carbohydrate metabolic process	3	30.0	0.04571811561061536	9695, 55741, 84447	10	656	16792	7.679268292682926	0.9999999999997112	0.2424208864601055	50.031955118311764
GOTERM_CC_ALL	GO:0098588~bounding membrane of organelle	4	40.0	0.047195346883949496	3482, 2629, 950, 5660	10	1742	18224	4.184615384615385	0.9981357548495572	0.15243867319960935	43.050514039895106
GOTERM_BP_ALL	GO:2001243~negative regulation of intrinsic apoptotic signaling pathway	2	20.0	0.04927910906094233	9709, 84447	10	94	16792	35.727659574468085	0.9999999999999712	0.2569201826391243	52.72617891950697
GOTERM_BP_ALL	GO:0031399~regulation of protein modification process	4	40.0	0.0517196206625869	79139, 9709, 2629, 5660	10	1664	16792	4.036538461538462	0.9999999999999941	0.2659011145757446	54.493736444725414
GOTERM_CC_ALL	GO:0043226~organelle	10	100.0	0.053136920978276825	9695, 79139, 3482, 9709, 2629, 950, 55741, 84447, 5660, 1509	10	13154	18224	1.3854340884901932	0.9991733270633465	0.166400827433135	47.05162175543593
GOTERM_BP_ALL	GO:1902531~regulation of intracellular signal transduction	4	40.0	0.05573735828848869	9709, 2629, 84447, 5660	10	1714	16792	3.9187864644107355	0.9999999999999996	0.2815835229031115	57.26996895092784
GOTERM_CC_ALL	GO:0005768~endosome	3	30.0	0.05784507840427282	79139, 3482, 950	10	811	18224	6.7413070283600485	0.9995675840097142	0.17605628818850316	50.03777218035642
GOTERM_BP_ALL	GO:0032434~regulation of proteasomal ubiquitin-dependent protein catabolic process	2	20.0	0.05846529531876574	9709, 2629	10	112	16792	29.985714285714288	0.9999999999999999	0.2911930990037128	59.06403130397029
GOTERM_BP_ALL	GO:1901137~carbohydrate derivative biosynthetic process	3	30.0	0.059057011617747915	9695, 55741, 84447	10	756	16792	6.663492063492064	1.0	0.2914772747526928	59.44379369651648
GOTERM_MF_ALL	GO:0002020~protease binding	2	20.0	0.06069015448671138	79139, 84447	10	117	16881	28.856410256410257	0.9954126359647937	0.4163448519104579	49.09156601361624
GOTERM_MF_ALL	GO:0019899~enzyme binding	4	40.0	0.06124499013854736	79139, 3482, 950, 84447	10	1789	16881	3.774399105645612	0.995639914316372	0.38988930432847324	49.4148935561872
GOTERM_BP_ALL	GO:0006664~glycolipid metabolic process	2	20.0	0.06150977624391716	2629, 5660	10	118	16792	28.461016949152544	1.0	0.2995841298425612	60.98321050650397
GOTERM_BP_ALL	GO:1903509~liposaccharide metabolic process	2	20.0	0.06302873267378742	2629, 5660	10	121	16792	27.755371900826447	1.0	0.30363195468654736	61.90903765461053
GOTERM_BP_ALL	GO:0051099~positive regulation of binding	2	20.0	0.07259814723542803	79139, 9709	10	140	16792	23.988571428571433	1.0	0.33979087101330563	67.28670600061434
GOTERM_BP_ALL	GO:0061136~regulation of proteasomal protein catabolic process	2	20.0	0.07610176017107062	9709, 2629	10	147	16792	22.846258503401362	1.0	0.3509147823006129	69.07188248404759
GOTERM_BP_ALL	GO:2001242~regulation of intrinsic apoptotic signaling pathway	2	20.0	0.07859713240779402	9709, 84447	10	152	16792	22.094736842105263	1.0	0.3579171987545987	70.28747894385108
GOTERM_BP_ALL	GO:0006665~sphingolipid metabolic process	2	20.0	0.08009147843235642	2629, 5660	10	155	16792	21.66709677419355	1.0	0.36102756611939735	70.99394944993709
GOTERM_BP_ALL	GO:0051701~interaction with host	2	20.0	0.08158366979928255	79139, 950	10	158	16792	21.255696202531645	1.0	0.36407061662401075	71.6837452175801
GOTERM_CC_ALL	GO:0031988~membrane-bounded vesicle	5	50.0	0.08316071648735163	3482, 2629, 950, 5660, 1509	10	3611	18224	2.523400720022155	0.9999874651915294	0.24065017852129766	63.61804291841374
GOTERM_BP_ALL	GO:0048584~positive regulation of response to stimulus	4	40.0	0.084714547582445	9695, 9709, 55741, 5660	10	2030	16792	3.308768472906404	1.0	0.3729988268551704	73.08163186561859
GOTERM_CC_ALL	GO:0044424~intracellular part	10	100.0	0.08507569188246114	9695, 79139, 3482, 9709, 2629, 950, 55741, 84447, 5660, 1509	10	13860	18224	1.3148629148629147	0.9999904484992062	0.24058723030841056	64.4932102366882
GOTERM_BP_ALL	GO:0050896~response to stimulus	8	80.0	0.08592076856750024	9695, 79139, 3482, 9709, 2629, 55741, 84447, 5660	10	8329	16792	1.6128706927602354	1.0	0.37483913746217423	73.60280533301447
GOTERM_BP_ALL	GO:1903052~positive regulation of proteolysis involved in cellular protein catabolic process	2	20.0	0.08802500037541014	9709, 2629	10	171	16792	19.639766081871343	1.0	0.37982172076195175	74.48952203929645
GOTERM_BP_ALL	GO:0043393~regulation of protein binding	2	20.0	0.09147674915655386	79139, 9709	10	178	16792	18.867415730337083	1.0	0.38937042123940946	75.88416349148406
GOTERM_BP_ALL	GO:0050794~regulation of cellular process	9	90.0	0.09271360043979897	9695, 79139, 3482, 9709, 2629, 950, 55741, 84447, 5660	10	10489	16792	1.440823720087711	1.0	0.3911204810748169	76.36635175938014
GOTERM_CC_ALL	GO:0031982~vesicle	5	50.0	0.09371412611526704	3482, 2629, 950, 5660, 1509	10	3754	18224	2.427277570591369	0.9999972172294357	0.2573198781074888	68.20692640155616
GOTERM_BP_ALL	GO:1903364~positive regulation of cellular protein catabolic process	2	20.0	0.0954073809719843	9709, 2629	10	186	16792	18.055913978494626	1.0	0.39776415230588313	77.3855814673922
