Annotation Cluster 1	Enrichment Score: 2.7000055609288256
Category	Term	Count	%	PValue	Genes	List Total	Pop Hits	Pop Total	Fold Enrichment	Bonferroni	Benjamini	FDR
GOTERM_CC_ALL	GO:0005764~lysosome	11	61.111111111111114	1.3596284113283233E-12	1186, 5476, 3482, 4864, 55823, 57617, 8722, 3916, 3920, 1509, 3073	16	544	18224	23.03125	2.406455035242061E-10	2.406455035242061E-10	1.6699530647201755E-9
GOTERM_CC_ALL	GO:0000323~lytic vacuole	11	61.111111111111114	1.3596284113283233E-12	1186, 5476, 3482, 4864, 55823, 57617, 8722, 3916, 3920, 1509, 3073	16	544	18224	23.03125	2.406455035242061E-10	2.406455035242061E-10	1.6699530647201755E-9
GOTERM_CC_ALL	GO:0044437~vacuolar part	11	61.111111111111114	2.1282015398730998E-11	1186, 5476, 3482, 4864, 55823, 57617, 8722, 3916, 3920, 1509, 3073	16	718	18224	17.449860724233982	3.76690978409755E-9	1.8834548365376236E-9	2.6140445363864728E-8
GOTERM_BP_ALL	GO:0006914~autophagy	9	50.0	7.619102442338245E-10	7942, 5476, 4864, 55823, 57617, 3916, 80317, 3920, 1509	16	418	16792	22.59688995215311	1.0758166263391544E-6	1.0758166263391544E-6	1.2566827689575177E-6
GOTERM_CC_ALL	GO:0005765~lysosomal membrane	8	44.44444444444444	1.3871395584739745E-9	1186, 5476, 3482, 4864, 55823, 57617, 3916, 3920	16	290	18224	31.420689655172414	2.455236640663827E-7	8.184122801679905E-8	1.7038102040345393E-6
GOTERM_CC_ALL	GO:0098852~lytic vacuole membrane	8	44.44444444444444	1.3871395584739745E-9	1186, 5476, 3482, 4864, 55823, 57617, 3916, 3920	16	290	18224	31.420689655172414	2.455236640663827E-7	8.184122801679905E-8	1.7038102040345393E-6
GOTERM_CC_ALL	GO:0005773~vacuole	11	61.111111111111114	3.6044450680641393E-9	1186, 5476, 3482, 4864, 55823, 57617, 8722, 3916, 3920, 1509, 3073	16	1212	18224	10.337458745874587	6.379865760131054E-7	1.594966821949484E-7	4.427305377863178E-6
GOTERM_CC_ALL	GO:0005774~vacuolar membrane	8	44.44444444444444	2.3167994053547055E-7	1186, 5476, 3482, 4864, 55823, 57617, 3916, 3920	16	610	18224	14.937704918032786	4.1006513440300374E-5	8.20143721413924E-6	2.845698870768132E-4
GOTERM_CC_ALL	GO:0043202~lysosomal lumen	5	27.77777777777778	6.652387087826913E-7	5476, 8722, 3920, 1509, 3073	16	88	18224	64.7159090909091	1.1774035867995192E-4	1.9624355876546318E-5	8.171032880643914E-4
GOTERM_CC_ALL	GO:0005770~late endosome	6	33.33333333333333	6.818304953786491E-7	3482, 4864, 55823, 57617, 3916, 3920	16	221	18224	30.923076923076923	1.2067675680260681E-4	1.724042835760109E-5	8.374826662826962E-4
GOTERM_CC_ALL	GO:0005775~vacuolar lumen	5	27.77777777777778	2.0151533251105503E-6	5476, 8722, 3920, 1509, 3073	16	116	18224	49.0948275862069	3.566188942873971E-4	4.4584318330653794E-5	0.0024751654506327547
GOTERM_CC_ALL	GO:0098805~whole membrane	9	50.0	3.834271629240064E-6	1186, 5476, 3482, 4864, 55823, 57617, 3916, 3920, 1509	16	1363	18224	7.520909757887014	6.784371368496744E-4	7.540464353439358E-5	0.0047094973628314385
GOTERM_CC_ALL	GO:0031410~cytoplasmic vesicle	8	44.44444444444444	3.298114584020803E-5	1186, 3482, 55823, 57617, 3916, 3920, 1509, 3073	16	1284	18224	7.0965732087227416	0.005820752476260904	5.836055442205446E-4	0.04050288996464424
GOTERM_CC_ALL	GO:0097708~intracellular vesicle	8	44.44444444444444	3.331621316043149E-5	1186, 3482, 55823, 57617, 3916, 3920, 1509, 3073	16	1286	18224	7.085536547433903	0.005879714387131751	5.359534132610699E-4	0.04091429605228569
GOTERM_BP_ALL	GO:0031647~regulation of protein stability	5	27.77777777777778	4.0175938693297125E-5	5728, 5476, 55823, 3916, 3920	16	228	16792	23.015350877192983	0.05515044481474729	0.01873218536484267	0.06624494462249553
GOTERM_BP_ALL	GO:0007041~lysosomal transport	4	22.22222222222222	4.2141271062060684E-5	4864, 55823, 57617, 3916	16	78	16792	53.82051282051282	0.05776892180689652	0.014766078390849091	0.06948446654172491
GOTERM_CC_ALL	GO:0031902~late endosome membrane	4	22.22222222222222	1.0003572590258769E-4	4864, 55823, 57617, 3920	16	113	18224	40.31858407079646	0.017551357801305012	0.0014745126011792564	0.12280360785977829
GOTERM_CC_ALL	GO:0031982~vesicle	11	61.111111111111114	1.4609889828388643E-4	1186, 5476, 3482, 4864, 55823, 57617, 8722, 3916, 3920, 1509, 3073	16	3754	18224	3.3375066595631324	0.02552985253978035	0.001987360594204235	0.1793040498870191
GOTERM_CC_ALL	GO:0016023~cytoplasmic, membrane-bounded vesicle	7	38.88888888888889	2.22189809658858E-4	3482, 55823, 57617, 3916, 3920, 1509, 3073	16	1183	18224	6.739644970414202	0.038568506452704154	0.002805483402115616	0.2725717923162674
GOTERM_CC_ALL	GO:0098588~bounding membrane of organelle	8	44.44444444444444	2.3222731672978828E-4	1186, 5476, 3482, 4864, 55823, 57617, 3916, 3920	16	1742	18224	5.230769230769231	0.04027549394413399	0.002736848553519633	0.28486919710033476
GOTERM_CC_ALL	GO:0010008~endosome membrane	5	27.77777777777778	2.75217235575649E-4	4864, 55823, 57617, 3916, 3920	16	407	18224	13.992628992628994	0.04755237018817282	0.0030403783673144114	0.3375223378830783
GOTERM_CC_ALL	GO:0005768~endosome	6	33.33333333333333	3.5643525710464546E-4	3482, 4864, 55823, 57617, 3916, 3920	16	811	18224	8.426633785450061	0.06115068518734945	0.003704901428006613	0.43692675204924925
GOTERM_CC_ALL	GO:0044440~endosomal part	5	27.77777777777778	3.7354272588064653E-4	4864, 55823, 57617, 3916, 3920	16	441	18224	12.913832199546485	0.06399027661887469	0.0036671159983546753	0.4578533207003854
GOTERM_CC_ALL	GO:0043231~intracellular membrane-bounded organelle	16	88.88888888888889	5.374006283106259E-4	1186, 5728, 4864, 8722, 80317, 5465, 7942, 5476, 3482, 55823, 57617, 3916, 3920, 9971, 1509, 3073	16	11035	18224	1.6514725872224738	0.09075935068484864	0.004995139385593594	0.658086552468029
GOTERM_CC_ALL	GO:0031988~membrane-bounded vesicle	10	55.55555555555556	7.265095388147578E-4	5476, 3482, 4864, 55823, 57617, 8722, 3916, 3920, 1509, 3073	16	3611	18224	3.1542509000276935	0.12070859963105085	0.006411305448054461	0.8887164042143292
GOTERM_CC_ALL	GO:0030139~endocytic vesicle	4	22.22222222222222	0.001137634481058969	3482, 55823, 3916, 3920	16	259	18224	17.590733590733592	0.18247674315106732	0.009548215336162347	1.3884124102452988
GOTERM_CC_ALL	GO:0044446~intracellular organelle part	14	77.77777777777779	0.001153754510801051	1186, 5728, 4864, 8722, 5465, 5476, 55823, 3482, 57617, 3916, 3920, 9971, 1509, 3073	16	8233	18224	1.9368395481598446	0.1848086808214674	0.009244839700168317	1.4079580403537961
GOTERM_BP_ALL	GO:0016192~vesicle-mediated transport	7	38.88888888888889	0.0012141041682230537	5728, 3482, 4864, 55823, 57617, 3916, 3920	16	1494	16792	4.917336010709504	0.8201004441989457	0.24865682023721425	1.9837995761687766
GOTERM_CC_ALL	GO:0044422~organelle part	14	77.77777777777779	0.001485088764877618	1186, 5728, 4864, 8722, 5465, 5476, 55823, 3482, 57617, 3916, 3920, 9971, 1509, 3073	16	8415	18224	1.894949494949495	0.23130122066528547	0.011372064953281913	1.808915292089397
GOTERM_MF_ALL	GO:0019904~protein domain specific binding	5	27.77777777777778	0.0017171570559443151	5465, 5728, 55823, 3916, 3920	16	614	16881	8.591714169381106	0.3065449391217603	0.3065449391217603	2.1528167553100497
GOTERM_BP_ALL	GO:0006810~transport	11	61.111111111111114	0.0019218435534254766	5465, 1186, 5728, 5476, 3482, 4864, 55823, 57617, 3916, 3920, 9971	16	4663	16792	2.4757666738151407	0.9338780187445709	0.28789631647387237	3.1231000406134357
GOTERM_BP_ALL	GO:0007034~vacuolar transport	4	22.22222222222222	0.0019690056077137728	4864, 55823, 57617, 3916	16	289	16792	14.525951557093427	0.9381458859905337	0.26598046009964194	3.1985764613553846
GOTERM_CC_ALL	GO:0043229~intracellular organelle	16	88.88888888888889	0.002139532904736836	1186, 5728, 4864, 8722, 80317, 5465, 7942, 5476, 3482, 55823, 57617, 3916, 3920, 9971, 1509, 3073	16	12099	18224	1.5062401851392677	0.31552490600230454	0.01567185732359988	2.596479543702823
GOTERM_BP_ALL	GO:0051234~establishment of localization	11	61.111111111111114	0.002403203642081308	5465, 1186, 5728, 5476, 3482, 4864, 55823, 57617, 3916, 3920, 9971	16	4790	16792	2.4101252609603336	0.9665400979482193	0.2880451276252919	3.8908605248221595
GOTERM_CC_ALL	GO:0043227~membrane-bounded organelle	16	88.88888888888889	0.0024508244808823074	1186, 5728, 4864, 8722, 80317, 5465, 7942, 5476, 3482, 55823, 57617, 3916, 3920, 9971, 1509, 3073	16	12209	18224	1.4926693422884756	0.3523004723716088	0.017223092530051498	2.969050597498668
GOTERM_CC_ALL	GO:0031090~organelle membrane	8	44.44444444444444	0.0029681729068924	1186, 5476, 3482, 4864, 55823, 57617, 3916, 3920	16	2646	18224	3.4436885865457296	0.40912325714676057	0.020033072557444576	3.585347422960816
GOTERM_BP_ALL	GO:0009057~macromolecule catabolic process	6	33.33333333333333	0.0030395996380265444	5728, 5476, 55823, 8722, 1509, 3073	16	1201	16792	5.2431307243963365	0.9864104041246075	0.3234630770422732	4.897129283809587
GOTERM_BP_ALL	GO:0051049~regulation of transport	7	38.88888888888889	0.003162911678331887	5465, 1186, 5728, 55823, 57617, 3916, 9971	16	1796	16792	4.090478841870824	0.9885882191493094	0.31116883906236936	5.090961955909035
GOTERM_CC_ALL	GO:0070062~extracellular exosome	8	44.44444444444444	0.004222426436162669	5476, 3482, 4864, 8722, 3916, 3920, 1509, 3073	16	2811	18224	3.241551049448595	0.5271380488985882	0.027357763167473403	5.064594259569743
GOTERM_CC_ALL	GO:1903561~extracellular vesicle	8	44.44444444444444	0.004345485935547745	5476, 3482, 4864, 8722, 3916, 3920, 1509, 3073	16	2825	18224	3.225486725663717	0.5373697015049784	0.02715405279495897	5.208599843315875
GOTERM_CC_ALL	GO:0043230~extracellular organelle	8	44.44444444444444	0.0043543824889972094	5476, 3482, 4864, 8722, 3916, 3920, 1509, 3073	16	2826	18224	3.2243453644727533	0.5381008052621133	0.026283202052454158	5.219002906769954
GOTERM_BP_ALL	GO:0044765~single-organism transport	9	50.0	0.004707962248702641	5465, 1186, 5728, 4864, 55823, 57617, 3916, 3920, 9971	16	3415	16792	2.7658857979502196	0.9987231260433057	0.37870724709805936	7.488364596217723
GOTERM_BP_ALL	GO:0006887~exocytosis	4	22.22222222222222	0.005071202532925021	55823, 57617, 3916, 3920	16	404	16792	10.39108910891089	0.9992373839488329	0.3444493808978021	8.043673011866249
GOTERM_BP_ALL	GO:0045184~establishment of protein localization	7	38.88888888888889	0.005745891913432353	5476, 4864, 55823, 57617, 3916, 3920, 9971	16	2021	16792	3.6350816427511132	0.9997073689150993	0.34834629892869007	9.066813614611746
GOTERM_BP_ALL	GO:1902578~single-organism localization	9	50.0	0.006781937234450141	5465, 1186, 5728, 4864, 55823, 57617, 3916, 3920, 9971	16	3614	16792	2.613586054233536	0.9999328589670318	0.3671727910683521	10.6171405178333
GOTERM_BP_ALL	GO:0060627~regulation of vesicle-mediated transport	4	22.22222222222222	0.006799959781885735	5728, 55823, 57617, 3916	16	449	16792	9.34966592427617	0.9999345573921055	0.35462543496980803	10.643888229738497
GOTERM_BP_ALL	GO:0033036~macromolecule localization	8	44.44444444444444	0.006827181221001547	5465, 5476, 4864, 55823, 57617, 3916, 3920, 9971	16	2817	16792	2.9804756833510826	0.9999370416634179	0.34332551662142496	10.684273991512882
GOTERM_CC_ALL	GO:0043226~organelle	16	88.88888888888889	0.007503206525029448	1186, 5728, 4864, 8722, 80317, 5465, 7942, 5476, 3482, 55823, 57617, 3916, 3920, 9971, 1509, 3073	16	13154	18224	1.3854340884901932	0.7363347574668915	0.04346302412331138	8.835868462030195
GOTERM_BP_ALL	GO:0032940~secretion by cell	5	27.77777777777778	0.008917031972638193	55823, 57617, 3916, 3920, 9971	16	966	16792	5.432194616977226	0.9999967838372751	0.4096098761456627	13.734099792867383
GOTERM_BP_ALL	GO:0051179~localization	11	61.111111111111114	0.01232501016144547	5465, 1186, 5728, 5476, 3482, 4864, 55823, 57617, 3916, 3920, 9971	16	5872	16792	1.966025204359673	0.9999999751659298	0.4900802390410157	18.498595761864177
GOTERM_BP_ALL	GO:0046903~secretion	5	27.77777777777778	0.013873583880055792	55823, 57617, 3916, 3920, 9971	16	1098	16792	4.779143897996357	0.9999999972909256	0.5183882523055356	20.5808685405375
GOTERM_BP_ALL	GO:0008104~protein localization	7	38.88888888888889	0.014645851483716716	5476, 4864, 55823, 57617, 3916, 3920, 9971	16	2448	16792	3.0010212418300655	0.9999999991038157	0.5248055789439549	21.60051449928565
GOTERM_CC_ALL	GO:0031974~membrane-enclosed lumen	9	50.0	0.015097307093425742	5465, 5728, 5476, 3482, 8722, 3920, 9971, 1509, 3073	16	4457	18224	2.299977563383442	0.9322953486609157	0.08319279784513478	17.043419795548374
GOTERM_BP_ALL	GO:0032879~regulation of localization	7	38.88888888888889	0.015370277722313114	5465, 1186, 5728, 55823, 57617, 3916, 9971	16	2473	16792	2.9706833805095028	0.9999999996827562	0.5296059342224706	22.54580464922148
GOTERM_CC_ALL	GO:0044424~intracellular part	16	88.88888888888889	0.01644388779782	1186, 5728, 4864, 8722, 80317, 5465, 7942, 5476, 3482, 55823, 57617, 3916, 3920, 9971, 1509, 3073	16	13860	18224	1.3148629148629147	0.9468567556357477	0.087631564304546	18.4258524967442
GOTERM_BP_ALL	GO:0051641~cellular localization	7	38.88888888888889	0.017472242902976644	5728, 5476, 4864, 55823, 57617, 3916, 9971	16	2541	16792	2.8911845730027546	0.9999999999844797	0.5637890257765716	25.22837905696046
GOTERM_CC_ALL	GO:0005576~extracellular region	9	50.0	0.018853049094004568	5728, 5476, 3482, 4864, 8722, 3916, 3920, 1509, 3073	16	4623	18224	2.217391304347826	0.965570686629409	0.09704835027685554	20.846480491312235
GOTERM_BP_ALL	GO:0071702~organic substance transport	7	38.88888888888889	0.02152525062899839	5465, 5476, 4864, 55823, 57617, 3920, 9971	16	2657	16792	2.7649604817463302	0.9999999999999547	0.62884906760072	30.156345677258333
GOTERM_CC_ALL	GO:0044444~cytoplasmic part	12	66.66666666666666	0.022703572943035464	1186, 5728, 5476, 3482, 4864, 55823, 57617, 8722, 3916, 3920, 1509, 3073	16	8090	18224	1.6894932014833126	0.9828344766141796	0.1126843355273941	24.578679751006906
GOTERM_CC_ALL	GO:0005737~cytoplasm	14	77.77777777777779	0.02317667682460731	7942, 1186, 5476, 5728, 3482, 4864, 55823, 57617, 8722, 3916, 80317, 3920, 1509, 3073	16	10775	18224	1.479907192575406	0.9842443751517302	0.111825784830476	25.025918782955248
GOTERM_CC_ALL	GO:0005622~intracellular	16	88.88888888888889	0.02406022703086033	1186, 5728, 4864, 8722, 80317, 5465, 7942, 5476, 3482, 55823, 57617, 3916, 3920, 9971, 1509, 3073	16	14216	18224	1.2819358469330333	0.9865762431416174	0.11285113318125917	25.854647814152663
GOTERM_BP_ALL	GO:0065008~regulation of biological quality	8	44.44444444444444	0.024109625034179342	5465, 5728, 5476, 4864, 55823, 3916, 3920, 9971	16	3548	16792	2.3664036076662907	0.9999999999999989	0.6263994945324582	33.13754435830371
GOTERM_CC_ALL	GO:0012505~endomembrane system	8	44.44444444444444	0.025028714085082893	5476, 3482, 4864, 55823, 57617, 3916, 3920, 3073	16	3878	18224	2.3496647756575553	0.9887396187810529	0.11419266371576953	26.75337097765942
GOTERM_CC_ALL	GO:0044421~extracellular region part	8	44.44444444444444	0.025028714085082893	5476, 3482, 4864, 8722, 3916, 3920, 1509, 3073	16	3878	18224	2.3496647756575553	0.9887396187810529	0.11419266371576953	26.75337097765942
GOTERM_BP_ALL	GO:0051649~establishment of localization in cell	6	33.33333333333333	0.025870593612465142	5728, 5476, 55823, 57617, 3916, 9971	16	2004	16792	3.1422155688622753	0.9999999999999999	0.6422992394813116	35.09997460876233
GOTERM_BP_ALL	GO:0060341~regulation of cellular localization	4	22.22222222222222	0.03551707654144509	5728, 55823, 3916, 9971	16	834	16792	5.03357314148681	1.0	0.7391335244082595	44.924728987310125
GOTERM_BP_ALL	GO:0044802~single-organism membrane organization	4	22.22222222222222	0.03908836503608471	5728, 4864, 55823, 57617	16	866	16792	4.847575057736721	1.0	0.7639238258970017	48.1935821294551
GOTERM_BP_ALL	GO:0034613~cellular protein localization	5	27.77777777777778	0.04773493552669996	5476, 4864, 55823, 57617, 3916	16	1600	16792	3.2796875	1.0	0.7918769642675371	55.36913250997746
GOTERM_BP_ALL	GO:0070727~cellular macromolecule localization	5	27.77777777777778	0.048958792451640136	5476, 4864, 55823, 57617, 3916	16	1613	16792	3.2532548047117174	1.0	0.7930127602383462	56.30585581277453
GOTERM_CC_ALL	GO:0098796~membrane protein complex	4	22.22222222222222	0.05459226666001734	3482, 55823, 57617, 3920	16	1074	18224	4.242085661080075	0.9999516284913673	0.21996383076124848	49.81980403983047
GOTERM_BP_ALL	GO:0061024~membrane organization	4	22.22222222222222	0.05979704582665615	5728, 4864, 55823, 57617	16	1027	16792	4.08763388510224	1.0	0.8369694214789493	63.83225384251985
GOTERM_MF_ALL	GO:0019899~enzyme binding	5	27.77777777777778	0.06625553204271369	5465, 5728, 3482, 3916, 3920	16	1789	16881	2.948749301285634	0.999999544411338	0.8758113677745933	58.024707243712555
GOTERM_BP_ALL	GO:0015031~protein transport	5	27.77777777777778	0.07567753393268911	5476, 55823, 57617, 3920, 9971	16	1860	16792	2.821236559139785	1.0	0.8868172386823369	72.69147149221871
GOTERM_CC_ALL	GO:0044425~membrane part	10	55.55555555555556	0.0784876122190013	1186, 5728, 5476, 3482, 4864, 55823, 57617, 3916, 3920, 1509	16	7057	18224	1.6140002834065468	0.9999994791550423	0.2973339237098851	63.358659325615754
GOTERM_CC_ALL	GO:0005615~extracellular space	4	22.22222222222222	0.11044518841379732	3482, 8722, 3920, 1509	16	1444	18224	3.1551246537396125	0.9999999989917454	0.38934025648038517	76.24837718212544
GOTERM_MF_ALL	GO:0005515~protein binding	13	72.22222222222221	0.1531863813216397	5728, 4864, 80317, 5465, 7942, 55823, 3482, 57617, 3916, 3920, 9971, 1509, 3073	16	10806	16881	1.2692774847307051	0.9999999999999996	0.9477322204532406	87.82223089221365
GOTERM_BP_ALL	GO:0044699~single-organism process	15	83.33333333333334	0.15936709970481316	1186, 5728, 4864, 80317, 5465, 7942, 5476, 55823, 3482, 57617, 3916, 3920, 9971, 1509, 3073	16	13377	16792	1.1768333707109218	1.0	0.9782915742887175	94.29219045987519
GOTERM_BP_ALL	GO:0046907~intracellular transport	4	22.22222222222222	0.1647713625135333	5476, 55823, 57617, 3916	16	1594	16792	2.633626097867001	1.0	0.9799842356079054	94.86819545133494
GOTERM_MF_ALL	GO:0036094~small molecule binding	5	27.77777777777778	0.18441811396562874	1186, 3482, 4864, 55823, 9971	16	2571	16881	2.0518523920653444	1.0	0.9645651815955079	92.43337721247337
GOTERM_CC_ALL	GO:0016020~membrane	11	61.111111111111114	0.1886930546787549	1186, 5728, 5476, 3482, 4864, 55823, 57617, 3916, 3920, 1509, 3073	16	9462	18224	1.324138659902769	0.9999999999999999	0.5771552778676574	92.33467793994149
GOTERM_MF_ALL	GO:0016787~hydrolase activity	5	27.77777777777778	0.1903960622760431	5728, 5476, 8722, 1509, 3073	16	2603	16881	2.026627929312332	1.0	0.9597808110742551	93.10643486700926
GOTERM_CC_ALL	GO:0044464~cell part	16	88.88888888888889	0.21486552625527822	1186, 5728, 4864, 8722, 80317, 5465, 7942, 5476, 3482, 55823, 57617, 3916, 3920, 9971, 1509, 3073	16	16449	18224	1.1079092953978964	1.0	0.6138287681940479	94.87601609038248
GOTERM_CC_ALL	GO:0005623~cell	16	88.88888888888889	0.22062086958381136	1186, 5728, 4864, 8722, 80317, 5465, 7942, 5476, 3482, 55823, 57617, 3916, 3920, 9971, 1509, 3073	16	16478	18224	1.105959461099648	1.0	0.6167624080884179	95.31876431419639
GOTERM_BP_ALL	GO:0065007~biological regulation	13	72.22222222222221	0.262204342913664	1186, 5728, 4864, 80317, 5465, 7942, 5476, 55823, 3482, 57617, 3916, 3920, 9971	16	11548	16792	1.1814599930723935	1.0	0.9950128899036997	99.33662577751687
GOTERM_BP_ALL	GO:0050794~regulation of cellular process	12	66.66666666666666	0.27907916864234844	5465, 7942, 1186, 5728, 5476, 3482, 4864, 55823, 57617, 3916, 80317, 9971	16	10489	16792	1.2006864334064258	1.0	0.9964281487683623	99.54708168823876
GOTERM_BP_ALL	GO:0009987~cellular process	16	88.88888888888889	0.3180933582561157	1186, 5728, 4864, 8722, 80317, 5465, 7942, 5476, 3482, 55823, 57617, 3916, 3920, 9971, 1509, 3073	16	15558	16792	1.0793161074688264	1.0	0.9981379334182102	99.8190807259305
GOTERM_MF_ALL	GO:0005488~binding	15	83.33333333333334	0.32577585463739356	1186, 5728, 4864, 80317, 5465, 7942, 5476, 55823, 3482, 57617, 3916, 3920, 9971, 1509, 3073	16	14381	16881	1.1004754537236632	1.0	0.9905771075595641	99.32059912832757
GOTERM_BP_ALL	GO:0050789~regulation of biological process	12	66.66666666666666	0.35316425131911244	5465, 7942, 1186, 5728, 5476, 3482, 4864, 55823, 57617, 3916, 80317, 9971	16	10922	16792	1.1530855154733566	1.0	0.9988407197478654	99.92427033225675
GOTERM_BP_ALL	GO:0044763~single-organism cellular process	13	72.22222222222221	0.39090252194811015	1186, 5728, 4864, 80317, 5465, 5476, 55823, 3482, 57617, 3916, 3920, 9971, 3073	16	12256	16792	1.1132098563968669	1.0	0.999461800000274	99.97190314135192
GOTERM_CC_ALL	GO:0032991~macromolecular complex	5	27.77777777777778	0.5988906841788353	3482, 55823, 57617, 3920, 9971	16	4868	18224	1.169884963023829	1.0	0.9580155601797113	99.99866058789239
GOTERM_CC_ALL	GO:0005886~plasma membrane	5	27.77777777777778	0.6484468515338229	5728, 3482, 4864, 3916, 3920	16	5141	18224	1.1077611359657653	1.0	0.9715145435121764	99.99973487498946
GOTERM_MF_ALL	GO:0003824~catalytic activity	6	33.33333333333333	0.6675880818370709	5728, 5476, 3482, 8722, 1509, 3073	16	6018	16881	1.051906779661017	1.0	0.999976613799028	99.99991231465899
GOTERM_CC_ALL	GO:0071944~cell periphery	5	27.77777777777778	0.6683394555449302	5728, 3482, 4864, 3916, 3920	16	5256	18224	1.083523592085236	1.0	0.9749216942184655	99.99987036334328
GOTERM_CC_ALL	GO:0043234~protein complex	4	22.22222222222222	0.6927940622189879	3482, 55823, 57617, 3920	16	4118	18224	1.1063623118018455	1.0	0.9791114568412927	99.99994940043491
GOTERM_CC_ALL	GO:0016021~integral component of membrane	5	27.77777777777778	0.7637800481282376	1186, 3482, 4864, 3916, 3920	16	5872	18224	0.9698569482288828	1.0	0.9903790313090833	99.99999799318498
GOTERM_CC_ALL	GO:0031224~intrinsic component of membrane	5	27.77777777777778	0.7786181327115322	1186, 3482, 4864, 3916, 3920	16	5981	18224	0.9521819093797024	1.0	0.9914850694415981	99.9999990954298

Annotation Cluster 2	Enrichment Score: 1.479194166937476
Category	Term	Count	%	PValue	Genes	List Total	Pop Hits	Pop Total	Fold Enrichment	Bonferroni	Benjamini	FDR
GOTERM_CC_ALL	GO:0043202~lysosomal lumen	5	27.77777777777778	6.652387087826913E-7	5476, 8722, 3920, 1509, 3073	16	88	18224	64.7159090909091	1.1774035867995192E-4	1.9624355876546318E-5	8.171032880643914E-4
GOTERM_CC_ALL	GO:0005775~vacuolar lumen	5	27.77777777777778	2.0151533251105503E-6	5476, 8722, 3920, 1509, 3073	16	116	18224	49.0948275862069	3.566188942873971E-4	4.4584318330653794E-5	0.0024751654506327547
GOTERM_BP_ALL	GO:0009057~macromolecule catabolic process	6	33.33333333333333	0.0030395996380265444	5728, 5476, 55823, 8722, 1509, 3073	16	1201	16792	5.2431307243963365	0.9864104041246075	0.3234630770422732	4.897129283809587
GOTERM_BP_ALL	GO:1901575~organic substance catabolic process	7	38.88888888888889	0.0040902376637571985	5465, 5728, 5476, 55823, 8722, 1509, 3073	16	1889	16792	3.8890947591318157	0.9969336253138675	0.35928708457953007	6.536770015534643
GOTERM_CC_ALL	GO:0070062~extracellular exosome	8	44.44444444444444	0.004222426436162669	5476, 3482, 4864, 8722, 3916, 3920, 1509, 3073	16	2811	18224	3.241551049448595	0.5271380488985882	0.027357763167473403	5.064594259569743
GOTERM_CC_ALL	GO:1903561~extracellular vesicle	8	44.44444444444444	0.004345485935547745	5476, 3482, 4864, 8722, 3916, 3920, 1509, 3073	16	2825	18224	3.225486725663717	0.5373697015049784	0.02715405279495897	5.208599843315875
GOTERM_CC_ALL	GO:0043230~extracellular organelle	8	44.44444444444444	0.0043543824889972094	5476, 3482, 4864, 8722, 3916, 3920, 1509, 3073	16	2826	18224	3.2243453644727533	0.5381008052621133	0.026283202052454158	5.219002906769954
GOTERM_BP_ALL	GO:0006629~lipid metabolic process	6	33.33333333333333	0.0047381476425816076	5465, 5728, 5476, 4864, 9971, 3073	16	1330	16792	4.734586466165414	0.9987766526475825	0.36050573741729874	7.534630655988128
GOTERM_BP_ALL	GO:0030163~protein catabolic process	5	27.77777777777778	0.004808294232473496	5728, 5476, 55823, 8722, 1509	16	811	16792	6.470406905055487	0.9988925403293736	0.34646252628830176	7.6420625110703355
GOTERM_BP_ALL	GO:0009056~catabolic process	7	38.88888888888889	0.0056191363794325	5465, 5728, 5476, 55823, 8722, 1509, 3073	16	2012	16792	3.651341948310139	0.9996496563968793	0.3572716521260747	8.875413234093344
GOTERM_BP_ALL	GO:0044248~cellular catabolic process	6	33.33333333333333	0.01081820805614316	5465, 5728, 5476, 55823, 8722, 3073	16	1616	16792	3.8966584158415842	0.9999997862665803	0.45900294945976605	16.423350510161562
GOTERM_CC_ALL	GO:0031974~membrane-enclosed lumen	9	50.0	0.015097307093425742	5465, 5728, 5476, 3482, 8722, 3920, 9971, 1509, 3073	16	4457	18224	2.299977563383442	0.9322953486609157	0.08319279784513478	17.043419795548374
GOTERM_CC_ALL	GO:0005576~extracellular region	9	50.0	0.018853049094004568	5728, 5476, 3482, 4864, 8722, 3916, 3920, 1509, 3073	16	4623	18224	2.217391304347826	0.965570686629409	0.09704835027685554	20.846480491312235
GOTERM_BP_ALL	GO:0044257~cellular protein catabolic process	4	22.22222222222222	0.02163974061313334	5728, 5476, 55823, 8722	16	689	16792	6.0928882438316405	0.9999999999999616	0.6191449618542981	30.291016364068756
GOTERM_CC_ALL	GO:0044421~extracellular region part	8	44.44444444444444	0.025028714085082893	5476, 3482, 4864, 8722, 3916, 3920, 1509, 3073	16	3878	18224	2.3496647756575553	0.9887396187810529	0.11419266371576953	26.75337097765942
GOTERM_CC_ALL	GO:0070013~intracellular organelle lumen	8	44.44444444444444	0.04390143893566333	5465, 5728, 5476, 8722, 3920, 9971, 1509, 3073	16	4328	18224	2.1053604436229203	0.9996460257826462	0.18869628628142632	42.387583654897675
GOTERM_CC_ALL	GO:0043233~organelle lumen	8	44.44444444444444	0.04765524612323229	5465, 5728, 5476, 8722, 3920, 9971, 1509, 3073	16	4400	18224	2.070909090909091	0.9998235700559321	0.19876804063307463	45.10521270124518
GOTERM_BP_ALL	GO:0044265~cellular macromolecule catabolic process	4	22.22222222222222	0.052749097693259146	5728, 5476, 55823, 8722	16	976	16792	4.301229508196721	1.0	0.8105133253160696	59.09109587796325
GOTERM_BP_ALL	GO:0044255~cellular lipid metabolic process	4	22.22222222222222	0.06209938118112438	5465, 5728, 5476, 3073	16	1043	16792	4.0249280920421855	1.0	0.8423616419172587	65.2656655122881
GOTERM_BP_ALL	GO:0044710~single-organism metabolic process	7	38.88888888888889	0.13114147949820598	5465, 5728, 5476, 4864, 9971, 1509, 3073	16	4063	16792	1.8081466896381984	1.0	0.9634179547769544	90.15908651102768
GOTERM_BP_ALL	GO:0006508~proteolysis	4	22.22222222222222	0.18716995686458487	5728, 5476, 8722, 1509	16	1693	16792	2.479621972829297	1.0	0.9856035405745665	96.72244563998905
GOTERM_MF_ALL	GO:0016787~hydrolase activity	5	27.77777777777778	0.1903960622760431	5728, 5476, 8722, 1509, 3073	16	2603	16881	2.026627929312332	1.0	0.9597808110742551	93.10643486700926
GOTERM_BP_ALL	GO:0043170~macromolecule metabolic process	11	61.111111111111114	0.24487671959310506	5465, 7942, 5728, 5476, 4864, 55823, 8722, 80317, 9971, 1509, 3073	16	9130	16792	1.2644578313253012	1.0	0.9933966813864507	99.02715051941854
GOTERM_BP_ALL	GO:0044260~cellular macromolecule metabolic process	10	55.55555555555556	0.30206506064116806	5465, 7942, 5728, 5476, 4864, 55823, 8722, 80317, 9971, 3073	16	8387	16792	1.2513413616310958	1.0	0.9976307902180347	99.7345956463494
GOTERM_BP_ALL	GO:1901564~organonitrogen compound metabolic process	4	22.22222222222222	0.3181917762485454	5465, 5476, 9971, 3073	16	2221	16792	1.890139576767222	1.0	0.9980030959522324	99.81951092629672
GOTERM_BP_ALL	GO:0048523~negative regulation of cellular process	6	33.33333333333333	0.33368885500215273	5465, 5728, 5476, 4864, 80317, 9971	16	4300	16792	1.464418604651163	1.0	0.9985181011465625	99.87647431076411
GOTERM_BP_ALL	GO:0019538~protein metabolic process	7	38.88888888888889	0.35490872516678407	5728, 5476, 4864, 55823, 8722, 9971, 1509	16	5457	16792	1.3462525196994686	1.0	0.9988029872007349	99.92756952886084
GOTERM_BP_ALL	GO:0048519~negative regulation of biological process	6	33.33333333333333	0.3992441597617713	5465, 5728, 5476, 4864, 80317, 9971	16	4623	16792	1.3621025308241401	1.0	0.9994862480851018	99.9776190025154
GOTERM_BP_ALL	GO:0044238~primary metabolic process	11	61.111111111111114	0.4345000574966878	5465, 7942, 5728, 5476, 4864, 55823, 8722, 80317, 9971, 1509, 3073	16	10243	16792	1.1270623840671679	1.0	0.999564692670085	99.99174605752914
GOTERM_BP_ALL	GO:0044267~cellular protein metabolic process	6	33.33333333333333	0.45627643408829066	5728, 5476, 4864, 55823, 8722, 9971	16	4900	16792	1.2851020408163265	1.0	0.9996530120315889	99.99568114435552
GOTERM_BP_ALL	GO:0071704~organic substance metabolic process	11	61.111111111111114	0.5238027529898805	5465, 7942, 5728, 5476, 4864, 55823, 8722, 80317, 9971, 1509, 3073	16	10707	16792	1.0782198561688614	1.0	0.9998134568510819	99.99951530651268
GOTERM_BP_ALL	GO:0008152~metabolic process	11	61.111111111111114	0.5953756166350662	5465, 7942, 5728, 5476, 4864, 55823, 8722, 80317, 9971, 1509, 3073	16	11075	16792	1.042392776523702	1.0	0.9999373894249863	99.99996697993211
GOTERM_BP_ALL	GO:0044237~cellular metabolic process	10	55.55555555555556	0.6331002970970899	5465, 7942, 5728, 5476, 4864, 55823, 8722, 80317, 9971, 3073	16	10202	16792	1.0287198588512056	1.0	0.9999674929790532	99.99999342777772
GOTERM_BP_ALL	GO:0006807~nitrogen compound metabolic process	7	38.88888888888889	0.638723300271631	5465, 7942, 5728, 5476, 80317, 9971, 3073	16	6948	16792	1.0573546344271731	1.0	0.99996266400274	99.99999490573751
GOTERM_MF_ALL	GO:0003824~catalytic activity	6	33.33333333333333	0.6675880818370709	5728, 5476, 3482, 8722, 1509, 3073	16	6018	16881	1.051906779661017	1.0	0.999976613799028	99.99991231465899

Annotation Cluster 3	Enrichment Score: 0.7993425356703294
Category	Term	Count	%	PValue	Genes	List Total	Pop Hits	Pop Total	Fold Enrichment	Bonferroni	Benjamini	FDR
GOTERM_BP_ALL	GO:0007040~lysosome organization	4	22.22222222222222	1.3151767317387985E-5	7942, 55823, 57617, 80317	16	53	16792	79.20754716981132	0.018399049794971645	0.00924223434533289	0.02169010938021243
GOTERM_BP_ALL	GO:0080171~lytic vacuole organization	4	22.22222222222222	1.3151767317387985E-5	7942, 55823, 57617, 80317	16	53	16792	79.20754716981132	0.018399049794971645	0.00924223434533289	0.02169010938021243
GOTERM_BP_ALL	GO:0007033~vacuole organization	4	22.22222222222222	8.29309104724413E-4	7942, 55823, 57617, 80317	16	214	16792	19.616822429906545	0.6900890492837977	0.20887085435009467	1.3590967061305914
GOTERM_BP_ALL	GO:0016192~vesicle-mediated transport	7	38.88888888888889	0.0012141041682230537	5728, 3482, 4864, 55823, 57617, 3916, 3920	16	1494	16792	4.917336010709504	0.8201004441989457	0.24865682023721425	1.9837995761687766
GOTERM_BP_ALL	GO:0010506~regulation of autophagy	4	22.22222222222222	0.0016037781856844849	7942, 5476, 4864, 80317	16	269	16792	15.605947955390333	0.8963103159852458	0.2765795307530341	2.612634487571641
GOTERM_BP_ALL	GO:0006810~transport	11	61.111111111111114	0.0019218435534254766	5465, 1186, 5728, 5476, 3482, 4864, 55823, 57617, 3916, 3920, 9971	16	4663	16792	2.4757666738151407	0.9338780187445709	0.28789631647387237	3.1231000406134357
GOTERM_MF_ALL	GO:0008289~lipid binding	5	27.77777777777778	0.002189534346450952	5465, 5728, 3482, 4864, 9971	16	656	16881	8.041634908536585	0.3730460147195558	0.20819574055171675	2.737508354091267
GOTERM_BP_ALL	GO:0051234~establishment of localization	11	61.111111111111114	0.002403203642081308	5465, 1186, 5728, 5476, 3482, 4864, 55823, 57617, 3916, 3920, 9971	16	4790	16792	2.4101252609603336	0.9665400979482193	0.2880451276252919	3.8908605248221595
GOTERM_BP_ALL	GO:0051049~regulation of transport	7	38.88888888888889	0.003162911678331887	5465, 1186, 5728, 55823, 57617, 3916, 9971	16	1796	16792	4.090478841870824	0.9885882191493094	0.31116883906236936	5.090961955909035
GOTERM_BP_ALL	GO:0044765~single-organism transport	9	50.0	0.004707962248702641	5465, 1186, 5728, 4864, 55823, 57617, 3916, 3920, 9971	16	3415	16792	2.7658857979502196	0.9987231260433057	0.37870724709805936	7.488364596217723
GOTERM_BP_ALL	GO:0006629~lipid metabolic process	6	33.33333333333333	0.0047381476425816076	5465, 5728, 5476, 4864, 9971, 3073	16	1330	16792	4.734586466165414	0.9987766526475825	0.36050573741729874	7.534630655988128
GOTERM_BP_ALL	GO:0033993~response to lipid	5	27.77777777777778	0.005924929005966416	5465, 5728, 3482, 4864, 9971	16	860	16792	6.101744186046512	0.9997730729746425	0.34265356642868683	9.336515615258046
GOTERM_BP_ALL	GO:1902578~single-organism localization	9	50.0	0.006781937234450141	5465, 1186, 5728, 4864, 55823, 57617, 3916, 3920, 9971	16	3614	16792	2.613586054233536	0.9999328589670318	0.3671727910683521	10.6171405178333
GOTERM_BP_ALL	GO:0051179~localization	11	61.111111111111114	0.01232501016144547	5465, 1186, 5728, 5476, 3482, 4864, 55823, 57617, 3916, 3920, 9971	16	5872	16792	1.966025204359673	0.9999999751659298	0.4900802390410157	18.498595761864177
GOTERM_CC_ALL	GO:0031974~membrane-enclosed lumen	9	50.0	0.015097307093425742	5465, 5728, 5476, 3482, 8722, 3920, 9971, 1509, 3073	16	4457	18224	2.299977563383442	0.9322953486609157	0.08319279784513478	17.043419795548374
GOTERM_BP_ALL	GO:0032879~regulation of localization	7	38.88888888888889	0.015370277722313114	5465, 1186, 5728, 55823, 57617, 3916, 9971	16	2473	16792	2.9706833805095028	0.9999999996827562	0.5296059342224706	22.54580464922148
GOTERM_BP_ALL	GO:0051641~cellular localization	7	38.88888888888889	0.017472242902976644	5728, 5476, 4864, 55823, 57617, 3916, 9971	16	2541	16792	2.8911845730027546	0.9999999999844797	0.5637890257765716	25.22837905696046
GOTERM_BP_ALL	GO:0080134~regulation of response to stress	5	27.77777777777778	0.02354321479450914	5465, 5728, 3916, 80317, 9971	16	1285	16792	4.083657587548638	0.9999999999999976	0.6391929633923167	32.49457825432368
GOTERM_BP_ALL	GO:0008219~cell death	6	33.33333333333333	0.023602547124705338	5465, 5728, 3482, 4864, 3916, 9971	16	1958	16792	3.2160367722165475	0.9999999999999978	0.6291482181903872	32.562201262163285
GOTERM_BP_ALL	GO:0065008~regulation of biological quality	8	44.44444444444444	0.024109625034179342	5465, 5728, 5476, 4864, 55823, 3916, 3920, 9971	16	3548	16792	2.3664036076662907	0.9999999999999989	0.6263994945324582	33.13754435830371
GOTERM_BP_ALL	GO:0051649~establishment of localization in cell	6	33.33333333333333	0.025870593612465142	5728, 5476, 55823, 57617, 3916, 9971	16	2004	16792	3.1422155688622753	0.9999999999999999	0.6422992394813116	35.09997460876233
GOTERM_BP_ALL	GO:0005975~carbohydrate metabolic process	4	22.22222222222222	0.029709349107046888	5465, 5728, 4864, 3073	16	778	16792	5.395886889460154	1.0	0.6836657952405243	39.19194542148146
GOTERM_MF_ALL	GO:0044212~transcription regulatory region DNA binding	4	22.22222222222222	0.03711331515110847	5465, 7942, 80317, 9971	16	853	16881	4.947538100820633	0.9996826682053663	0.9317915999320432	38.05441844480843
GOTERM_MF_ALL	GO:0000975~regulatory region DNA binding	4	22.22222222222222	0.03744636020454219	5465, 7942, 80317, 9971	16	856	16881	4.930198598130842	0.9997052102726385	0.868967783835545	38.325190297534284
GOTERM_MF_ALL	GO:0001067~regulatory region nucleic acid binding	4	22.22222222222222	0.03755772914834555	5465, 7942, 80317, 9971	16	857	16881	4.924445740956826	0.9997123868182074	0.8042229603142288	38.41549183420001
GOTERM_BP_ALL	GO:0010941~regulation of cell death	5	27.77777777777778	0.03967595439219663	5465, 5728, 3482, 4864, 9971	16	1509	16792	3.477468522200133	1.0	0.7604763189747443	48.71362576006001
GOTERM_BP_ALL	GO:0060548~negative regulation of cell death	4	22.22222222222222	0.04272221855923225	5465, 5728, 4864, 9971	16	897	16792	4.680044593088071	1.0	0.7776861621894314	51.33201222317035
GOTERM_BP_ALL	GO:0014070~response to organic cyclic compound	4	22.22222222222222	0.04380915569862677	5465, 5728, 4864, 9971	16	906	16792	4.63355408388521	1.0	0.7782174666807249	52.23548636522792
GOTERM_CC_ALL	GO:0070013~intracellular organelle lumen	8	44.44444444444444	0.04390143893566333	5465, 5728, 5476, 8722, 3920, 9971, 1509, 3073	16	4328	18224	2.1053604436229203	0.9996460257826462	0.18869628628142632	42.387583654897675
GOTERM_BP_ALL	GO:0051704~multi-organism process	6	33.33333333333333	0.04702150370961297	5728, 3482, 4864, 57617, 3916, 9971	16	2341	16792	2.689876121315677	1.0	0.7943411467576419	54.81441195985723
GOTERM_CC_ALL	GO:0043233~organelle lumen	8	44.44444444444444	0.04765524612323229	5465, 5728, 5476, 8722, 3920, 9971, 1509, 3073	16	4400	18224	2.070909090909091	0.9998235700559321	0.19876804063307463	45.10521270124518
GOTERM_MF_ALL	GO:0004872~receptor activity	5	27.77777777777778	0.05465611412472749	5465, 3482, 4864, 3916, 9971	16	1680	16881	3.1400669642857144	0.9999936812438578	0.8640314083526903	50.921572394054515
GOTERM_MF_ALL	GO:0060089~molecular transducer activity	5	27.77777777777778	0.05465611412472749	5465, 3482, 4864, 3916, 9971	16	1680	16881	3.1400669642857144	0.9999936812438578	0.8640314083526903	50.921572394054515
GOTERM_BP_ALL	GO:0048518~positive regulation of biological process	9	50.0	0.064969342975194	5465, 7942, 5728, 3482, 4864, 55823, 3916, 80317, 9971	16	5285	16792	1.7872280037842951	1.0	0.8499893767922744	66.97778976006038
GOTERM_MF_ALL	GO:0019899~enzyme binding	5	27.77777777777778	0.06625553204271369	5465, 5728, 3482, 3916, 3920	16	1789	16881	2.948749301285634	0.999999544411338	0.8758113677745933	58.024707243712555
GOTERM_MF_ALL	GO:0043167~ion binding	8	44.44444444444444	0.06806185576184748	5465, 1186, 5728, 3482, 55823, 57617, 80317, 9971	16	4386	16881	1.9244186046511629	0.9999996983872502	0.8469155028358071	59.04144553039261
GOTERM_MF_ALL	GO:0003700~transcription factor activity, sequence-specific DNA binding	4	22.22222222222222	0.09114283073650295	5465, 7942, 80317, 9971	16	1231	16881	3.428310316815597	0.9999999985559881	0.8958330173059641	70.18569184837692
GOTERM_MF_ALL	GO:0001071~nucleic acid binding transcription factor activity	4	22.22222222222222	0.09131622404547597	5465, 7942, 80317, 9971	16	1232	16881	3.4255275974025974	0.9999999986134969	0.8699255234314685	70.25763997384796
GOTERM_BP_ALL	GO:0031325~positive regulation of cellular metabolic process	6	33.33333333333333	0.0942310978857423	5465, 7942, 5728, 55823, 80317, 9971	16	2839	16792	2.2180345191969004	1.0	0.9319454364904001	80.45427366916067
GOTERM_BP_ALL	GO:1901135~carbohydrate derivative metabolic process	4	22.22222222222222	0.09509883303651966	5465, 5476, 4864, 3073	16	1247	16792	3.366479550922213	1.0	0.9302106613981475	80.76083915718122
GOTERM_BP_ALL	GO:0010604~positive regulation of macromolecule metabolic process	6	33.33333333333333	0.09619111566970953	5465, 7942, 5728, 55823, 80317, 9971	16	2856	16792	2.2048319327731094	1.0	0.9289630038762515	81.1403161467164
GOTERM_BP_ALL	GO:0048522~positive regulation of cellular process	8	44.44444444444444	0.10043399069069556	5465, 7942, 5728, 3482, 55823, 3916, 80317, 9971	16	4744	16792	1.769814502529511	1.0	0.933945456634577	82.5486873569207
GOTERM_BP_ALL	GO:0045893~positive regulation of transcription, DNA-templated	4	22.22222222222222	0.11396198679848073	5465, 7942, 80317, 9971	16	1349	16792	3.111934766493699	1.0	0.9526795729999044	86.40787522553426
GOTERM_BP_ALL	GO:1903508~positive regulation of nucleic acid-templated transcription	4	22.22222222222222	0.11396198679848073	5465, 7942, 80317, 9971	16	1349	16792	3.111934766493699	1.0	0.9526795729999044	86.40787522553426
GOTERM_BP_ALL	GO:0048585~negative regulation of response to stimulus	4	22.22222222222222	0.11783024162344853	5465, 5728, 80317, 9971	16	1369	16792	3.066471877282688	1.0	0.9552057706998712	87.354210923925
GOTERM_BP_ALL	GO:1902680~positive regulation of RNA biosynthetic process	4	22.22222222222222	0.11783024162344853	5465, 7942, 80317, 9971	16	1369	16792	3.066471877282688	1.0	0.9552057706998712	87.354210923925
GOTERM_BP_ALL	GO:0009893~positive regulation of metabolic process	6	33.33333333333333	0.12043000925922744	5465, 7942, 5728, 55823, 80317, 9971	16	3052	16792	2.063237221494102	1.0	0.956018241948743	87.95505694074771
GOTERM_MF_ALL	GO:0038023~signaling receptor activity	4	22.22222222222222	0.1258317911383376	5465, 3482, 4864, 9971	16	1417	16881	2.978299223712068	0.9999999999996372	0.9260280650056918	81.78581168639754
GOTERM_BP_ALL	GO:0051254~positive regulation of RNA metabolic process	4	22.22222222222222	0.12692764522109257	5465, 7942, 80317, 9971	16	1415	16792	2.96678445229682	1.0	0.9611668806515554	89.34160470702888
GOTERM_BP_ALL	GO:0044710~single-organism metabolic process	7	38.88888888888889	0.13114147949820598	5465, 5728, 5476, 4864, 9971, 1509, 3073	16	4063	16792	1.8081466896381984	1.0	0.9634179547769544	90.15908651102768
GOTERM_BP_ALL	GO:1901700~response to oxygen-containing compound	4	22.22222222222222	0.13732799838057086	5465, 5728, 3482, 9971	16	1466	16792	2.863574351978172	1.0	0.9672670021286989	91.25320280186108
GOTERM_BP_ALL	GO:0009719~response to endogenous stimulus	4	22.22222222222222	0.1546995161012617	5465, 5728, 4864, 9971	16	1548	16792	2.711886304909561	1.0	0.9782360827922223	93.74636131050525
GOTERM_BP_ALL	GO:0006955~immune response	4	22.22222222222222	0.155349464202923	7942, 5728, 3916, 9971	16	1551	16792	2.7066408768536427	1.0	0.9772681332639188	93.82519960481784
GOTERM_BP_ALL	GO:0010557~positive regulation of macromolecule biosynthetic process	4	22.22222222222222	0.16543594293603617	5465, 7942, 80317, 9971	16	1597	16792	2.62867877269881	1.0	0.9791208371512351	94.93513135714136
GOTERM_BP_ALL	GO:0045935~positive regulation of nucleobase-containing compound metabolic process	4	22.22222222222222	0.17914424683118046	5465, 7942, 80317, 9971	16	1658	16792	2.531966224366707	1.0	0.984397083738562	96.14583086365131
GOTERM_BP_ALL	GO:0010628~positive regulation of gene expression	4	22.22222222222222	0.18693910360070712	5465, 7942, 80317, 9971	16	1692	16792	2.4810874704491725	1.0	0.986393949584472	96.70705828935031
GOTERM_BP_ALL	GO:0031328~positive regulation of cellular biosynthetic process	4	22.22222222222222	0.19553910173849423	5465, 7942, 80317, 9971	16	1729	16792	2.4279930595720067	1.0	0.9875863459470471	97.2367940959768
GOTERM_BP_ALL	GO:0006915~apoptotic process	4	22.22222222222222	0.19976507350575032	5728, 3482, 3916, 9971	16	1747	16792	2.4029765311963365	1.0	0.988107994057396	97.46671170405111
GOTERM_MF_ALL	GO:0004871~signal transducer activity	4	22.22222222222222	0.20134643245823206	5465, 3482, 4864, 9971	16	1763	16881	2.393788996029495	1.0	0.9589333014031844	94.19834515327312
GOTERM_BP_ALL	GO:0009891~positive regulation of biosynthetic process	4	22.22222222222222	0.202833704608393	5465, 7942, 80317, 9971	16	1760	16792	2.3852272727272728	1.0	0.9882708891086343	97.62226519227224
GOTERM_BP_ALL	GO:0051173~positive regulation of nitrogen compound metabolic process	4	22.22222222222222	0.20449166765333543	5465, 7942, 80317, 9971	16	1767	16792	2.375778155065082	1.0	0.9880264164518495	97.70253047441119
GOTERM_CC_ALL	GO:0044428~nuclear part	6	33.33333333333333	0.21486433806874913	5465, 5728, 5476, 3482, 4864, 9971	16	3981	18224	1.7166541070082892	1.0	0.6220875532671021	94.87592084298484
GOTERM_BP_ALL	GO:0006366~transcription from RNA polymerase II promoter	4	22.22222222222222	0.21716719720738792	5465, 7942, 80317, 9971	16	1820	16792	2.306593406593407	1.0	0.9906440075483198	98.23723927100029
GOTERM_BP_ALL	GO:0006357~regulation of transcription from RNA polymerase II promoter	4	22.22222222222222	0.22079210841780886	5465, 7942, 80317, 9971	16	1835	16792	2.2877384196185284	1.0	0.9908758253237538	98.36714669914973
GOTERM_BP_ALL	GO:0012501~programmed cell death	4	22.22222222222222	0.2249192813506679	5728, 3482, 3916, 9971	16	1852	16792	2.2667386609071274	1.0	0.9912060802723647	98.50408947235859
GOTERM_BP_ALL	GO:0006996~organelle organization	6	33.33333333333333	0.2297474329402469	7942, 5728, 55823, 57617, 80317, 9971	16	3753	16792	1.6778577138289368	1.0	0.991660940648336	98.6505867380157
GOTERM_BP_ALL	GO:0010033~response to organic substance	5	27.77777777777778	0.23619615163872215	5465, 5728, 3482, 4864, 9971	16	2822	16792	1.8594968107725018	1.0	0.9923849756349796	98.82531668067091
GOTERM_BP_ALL	GO:0043170~macromolecule metabolic process	11	61.111111111111114	0.24487671959310506	5465, 7942, 5728, 5476, 4864, 55823, 8722, 80317, 9971, 1509, 3073	16	9130	16792	1.2644578313253012	1.0	0.9933966813864507	99.02715051941854
GOTERM_BP_ALL	GO:0044281~small molecule metabolic process	4	22.22222222222222	0.2493197071276017	5465, 5728, 4864, 9971	16	1951	16792	2.151717068170169	1.0	0.9936644983180708	99.11737853141061
GOTERM_BP_ALL	GO:0065007~biological regulation	13	72.22222222222221	0.262204342913664	1186, 5728, 4864, 80317, 5465, 7942, 5476, 55823, 3482, 57617, 3916, 3920, 9971	16	11548	16792	1.1814599930723935	1.0	0.9950128899036997	99.33662577751687
GOTERM_BP_ALL	GO:0050794~regulation of cellular process	12	66.66666666666666	0.27907916864234844	5465, 7942, 1186, 5728, 5476, 3482, 4864, 55823, 57617, 3916, 80317, 9971	16	10489	16792	1.2006864334064258	1.0	0.9964281487683623	99.54708168823876
GOTERM_BP_ALL	GO:0048513~animal organ development	5	27.77777777777778	0.3011209189018236	5465, 7942, 5728, 3482, 9971	16	3129	16792	1.6770533716842442	1.0	0.9977459682536886	99.72861140136848
GOTERM_BP_ALL	GO:0044260~cellular macromolecule metabolic process	10	55.55555555555556	0.30206506064116806	5465, 7942, 5728, 5476, 4864, 55823, 8722, 80317, 9971, 3073	16	8387	16792	1.2513413616310958	1.0	0.9976307902180347	99.7345956463494
GOTERM_BP_ALL	GO:0009059~macromolecule biosynthetic process	7	38.88888888888889	0.3027710516169566	5465, 7942, 5728, 4864, 80317, 9971, 3073	16	5175	16792	1.4196135265700482	1.0	0.9974985653012358	99.73898918191952
GOTERM_MF_ALL	GO:0046872~metal ion binding	6	33.33333333333333	0.30289352125638846	5465, 5728, 55823, 57617, 80317, 9971	16	4166	16881	1.5195331253000481	1.0	0.9917980045977525	98.96324556448488
GOTERM_MF_ALL	GO:0043169~cation binding	6	33.33333333333333	0.31204686134285103	5465, 5728, 55823, 57617, 80317, 9971	16	4213	16881	1.5025812959886067	1.0	0.9907804860863454	99.12302705936891
GOTERM_BP_ALL	GO:0048523~negative regulation of cellular process	6	33.33333333333333	0.33368885500215273	5465, 5728, 5476, 4864, 80317, 9971	16	4300	16792	1.464418604651163	1.0	0.9985181011465625	99.87647431076411
GOTERM_BP_ALL	GO:0010605~negative regulation of macromolecule metabolic process	4	22.22222222222222	0.34550219315436825	5465, 5728, 80317, 9971	16	2326	16792	1.8048151332760103	1.0	0.9987995267236623	99.90803584974121
GOTERM_CC_ALL	GO:0005634~nucleus	8	44.44444444444444	0.3495762463074449	5465, 7942, 5728, 5476, 3482, 4864, 80317, 9971	16	7048	18224	1.2928490351872872	1.0	0.802072760836218	99.49241458329593
GOTERM_BP_ALL	GO:0031324~negative regulation of cellular metabolic process	4	22.22222222222222	0.3504572153466714	5465, 5728, 80317, 9971	16	2345	16792	1.7901918976545843	1.0	0.9988517828942082	99.91886995063214
GOTERM_BP_ALL	GO:0050789~regulation of biological process	12	66.66666666666666	0.35316425131911244	5465, 7942, 1186, 5728, 5476, 3482, 4864, 55823, 57617, 3916, 80317, 9971	16	10922	16792	1.1530855154733566	1.0	0.9988407197478654	99.92427033225675
GOTERM_CC_ALL	GO:0044459~plasma membrane part	4	22.22222222222222	0.3721037810387723	5728, 3482, 4864, 3916	16	2635	18224	1.7290322580645163	1.0	0.8202323617881924	99.67078775709545
GOTERM_BP_ALL	GO:0009892~negative regulation of metabolic process	4	22.22222222222222	0.39662059344053247	5465, 5728, 80317, 9971	16	2522	16792	1.6645519429024584	1.0	0.9994939552010101	99.97595118166498
GOTERM_BP_ALL	GO:0048519~negative regulation of biological process	6	33.33333333333333	0.3992441597617713	5465, 5728, 5476, 4864, 80317, 9971	16	4623	16792	1.3621025308241401	1.0	0.9994862480851018	99.9776190025154
GOTERM_MF_ALL	GO:0003677~DNA binding	4	22.22222222222222	0.4035099570493174	5465, 7942, 80317, 9971	16	2562	16881	1.647248243559719	1.0	0.9969493403933581	99.85597646799421
GOTERM_BP_ALL	GO:0006355~regulation of transcription, DNA-templated	5	27.77777777777778	0.40681820673704205	5465, 7942, 5728, 80317, 9971	16	3603	16792	1.4564252012212044	1.0	0.9995387135010276	99.98184504216228
GOTERM_BP_ALL	GO:0006351~transcription, DNA-templated	5	27.77777777777778	0.407269220738907	5465, 7942, 5728, 80317, 9971	16	3605	16792	1.455617198335645	1.0	0.9995061964106903	99.98207138309726
GOTERM_BP_ALL	GO:1903506~regulation of nucleic acid-templated transcription	5	27.77777777777778	0.4117791752222908	5465, 7942, 5728, 80317, 9971	16	3625	16792	1.4475862068965517	1.0	0.9995219201977469	99.9841935143424
GOTERM_BP_ALL	GO:0048583~regulation of response to stimulus	5	27.77777777777778	0.41425938247824734	5465, 5728, 3916, 80317, 9971	16	3636	16792	1.443206820682068	1.0	0.9995137405079674	99.98525759931431
GOTERM_BP_ALL	GO:2001141~regulation of RNA biosynthetic process	5	27.77777777777778	0.41606298528124597	5465, 7942, 5728, 80317, 9971	16	3644	16792	1.440038419319429	1.0	0.9994975556181928	99.98598873261358
GOTERM_BP_ALL	GO:0022607~cellular component assembly	4	22.22222222222222	0.4215310228053668	5728, 55823, 57617, 9971	16	2618	16792	1.6035141329258977	1.0	0.9995250713728996	99.98800266753182
GOTERM_BP_ALL	GO:0006950~response to stress	5	27.77777777777778	0.42350044127921327	5465, 5728, 3916, 80317, 9971	16	3677	16792	1.427114495512646	1.0	0.9995116767104032	99.98865888475751
GOTERM_BP_ALL	GO:0070887~cellular response to chemical stimulus	4	22.22222222222222	0.42927888828882027	5465, 5728, 4864, 9971	16	2648	16792	1.5853474320241692	1.0	0.9995419850905495	99.99039506307201
GOTERM_BP_ALL	GO:0044238~primary metabolic process	11	61.111111111111114	0.4345000574966878	5465, 7942, 5728, 5476, 4864, 55823, 8722, 80317, 9971, 1509, 3073	16	10243	16792	1.1270623840671679	1.0	0.999564692670085	99.99174605752914
GOTERM_BP_ALL	GO:0051252~regulation of RNA metabolic process	5	27.77777777777778	0.44262615961920804	5465, 7942, 5728, 80317, 9971	16	3762	16792	1.3948697501329081	1.0	0.9996142766426684	99.99349898135065
GOTERM_BP_ALL	GO:0097659~nucleic acid-templated transcription	5	27.77777777777778	0.44464745778813813	5465, 7942, 5728, 80317, 9971	16	3771	16792	1.3915407053831876	1.0	0.9996042115087492	99.99387710043128
GOTERM_BP_ALL	GO:0044707~single-multicellular organism process	7	38.88888888888889	0.44852334669749433	5465, 7942, 5728, 3482, 4864, 9971, 1509	16	5943	16792	1.2361601884570084	1.0	0.9996117384466928	99.99454507330823
GOTERM_CC_ALL	GO:0005654~nucleoplasm	4	22.22222222222222	0.45813974741952634	5465, 5728, 5476, 9971	16	2996	18224	1.520694259012016	1.0	0.890670908445217	99.94612800570894
GOTERM_MF_ALL	GO:0097159~organic cyclic compound binding	7	38.88888888888889	0.4635496466273784	5465, 7942, 1186, 4864, 55823, 80317, 9971	16	6052	16881	1.2203300561797754	1.0	0.9986832917542926	99.96241655922752
GOTERM_BP_ALL	GO:0032774~RNA biosynthetic process	5	27.77777777777778	0.4746122260511561	5465, 7942, 5728, 80317, 9971	16	3905	16792	1.3437900128040974	1.0	0.9997606345138965	99.9975473238783
GOTERM_BP_ALL	GO:0034645~cellular macromolecule biosynthetic process	6	33.33333333333333	0.47928602450853025	5465, 7942, 5728, 4864, 80317, 9971	16	5012	16792	1.2563846767757383	1.0	0.9997697685166794	99.99788343273272
GOTERM_BP_ALL	GO:0016043~cellular component organization	7	38.88888888888889	0.48087047304243025	7942, 5728, 4864, 55823, 57617, 80317, 9971	16	6109	16792	1.2025699787199216	1.0	0.9997611627315692	99.997987191626
GOTERM_BP_ALL	GO:0065009~regulation of molecular function	4	22.22222222222222	0.48403803852507943	5465, 5728, 5476, 9971	16	2863	16792	1.466294097100943	1.0	0.99976180639282	99.99818046241066
GOTERM_BP_ALL	GO:0050896~response to stimulus	9	50.0	0.48745971171334995	5465, 7942, 1186, 5728, 3482, 4864, 3916, 80317, 9971	16	8329	16792	1.1340497058470405	1.0	0.9997640149450323	99.99836958124077
GOTERM_BP_ALL	GO:2000112~regulation of cellular macromolecule biosynthetic process	5	27.77777777777778	0.49367257983751534	5465, 7942, 5728, 80317, 9971	16	3991	16792	1.3148333750939616	1.0	0.9997816776102965	99.99866666737832
GOTERM_BP_ALL	GO:0044085~cellular component biogenesis	4	22.22222222222222	0.4967775867695198	5728, 55823, 57617, 9971	16	2914	16792	1.4406314344543583	1.0	0.9997821632320832	99.99879530896814
GOTERM_BP_ALL	GO:1901576~organic substance biosynthetic process	7	38.88888888888889	0.5037972193080847	5465, 7942, 5728, 4864, 80317, 9971, 3073	16	6227	16792	1.1797815962742892	1.0	0.9998025588046624	99.9990444567993
GOTERM_BP_ALL	GO:0071840~cellular component organization or biogenesis	7	38.88888888888889	0.5111554888876968	7942, 5728, 4864, 55823, 57617, 80317, 9971	16	6265	16792	1.1726256983240224	1.0	0.9998226645197317	99.99925315438085
GOTERM_BP_ALL	GO:0019219~regulation of nucleobase-containing compound metabolic process	5	27.77777777777778	0.5184446744270783	5465, 7942, 5728, 80317, 9971	16	4104	16792	1.2786306042884992	1.0	0.9998405912934677	99.99941707070626
GOTERM_BP_ALL	GO:0010556~regulation of macromolecule biosynthetic process	5	27.77777777777778	0.51909751074161	5465, 7942, 5728, 80317, 9971	16	4107	16792	1.2776966155344534	1.0	0.9998311764857712	99.99942996924996
GOTERM_BP_ALL	GO:0042221~response to chemical	5	27.77777777777778	0.5212716894869831	5465, 5728, 3482, 4864, 9971	16	4117	16792	1.2745931503521981	1.0	0.9998279260187678	99.99947101931075
GOTERM_BP_ALL	GO:0009058~biosynthetic process	7	38.88888888888889	0.5217768927418259	5465, 7942, 5728, 4864, 80317, 9971, 3073	16	6320	16792	1.1624208860759493	1.0	0.9998174112828196	99.99948015185542
GOTERM_BP_ALL	GO:0071704~organic substance metabolic process	11	61.111111111111114	0.5238027529898805	5465, 7942, 5728, 5476, 4864, 55823, 8722, 80317, 9971, 1509, 3073	16	10707	16792	1.0782198561688614	1.0	0.9998134568510819	99.99951530651268
GOTERM_BP_ALL	GO:0031326~regulation of cellular biosynthetic process	5	27.77777777777778	0.5570964686637013	5465, 7942, 5728, 80317, 9971	16	4284	16792	1.2249066293183941	1.0	0.9999129549692616	99.99985335126999
GOTERM_BP_ALL	GO:0048731~system development	5	27.77777777777778	0.558576445142427	5465, 7942, 5728, 3482, 9971	16	4291	16792	1.2229084129573526	1.0	0.9999096485235315	99.9998612278841
GOTERM_BP_ALL	GO:0009889~regulation of biosynthetic process	5	27.77777777777778	0.5686736350998868	5465, 7942, 5728, 80317, 9971	16	4339	16792	1.209380041484213	1.0	0.9999250505179925	99.99990525695219
GOTERM_BP_ALL	GO:0010468~regulation of gene expression	5	27.77777777777778	0.5699293610802662	5465, 7942, 5728, 80317, 9971	16	4345	16792	1.2077100115074797	1.0	0.9999217797926788	99.99990970521617
GOTERM_BP_ALL	GO:0044767~single-organism developmental process	6	33.33333333333333	0.5723258866792857	5465, 7942, 5728, 3482, 80317, 9971	16	5475	16792	1.15013698630137	1.0	0.9999208094671647	99.99991765544247
GOTERM_BP_ALL	GO:0034654~nucleobase-containing compound biosynthetic process	5	27.77777777777778	0.5724364343360435	5465, 7942, 5728, 80317, 9971	16	4357	16792	1.2043837502868948	1.0	0.999914988757474	99.99991800581004
GOTERM_BP_ALL	GO:0051171~regulation of nitrogen compound metabolic process	5	27.77777777777778	0.5821983994748174	5465, 7942, 5728, 80317, 9971	16	4404	16792	1.1915304268846503	1.0	0.999929003227392	99.99994398038982
GOTERM_BP_ALL	GO:0018130~heterocycle biosynthetic process	5	27.77777777777778	0.5836443220824956	5465, 7942, 5728, 80317, 9971	16	4411	16792	1.1896395375198368	1.0	0.9999264133657443	99.99994709376907
GOTERM_BP_ALL	GO:0019438~aromatic compound biosynthetic process	5	27.77777777777778	0.5863240023308786	5465, 7942, 5728, 80317, 9971	16	4424	16792	1.1861437613019892	1.0	0.9999261883340004	99.99995243852611
GOTERM_CC_ALL	GO:0031981~nuclear lumen	4	22.22222222222222	0.5911072350580928	5465, 5728, 5476, 9971	16	3592	18224	1.2683741648106903	1.0	0.9578208942034537	99.99830396167133
GOTERM_BP_ALL	GO:0008152~metabolic process	11	61.111111111111114	0.5953756166350662	5465, 7942, 5728, 5476, 4864, 55823, 8722, 80317, 9971, 1509, 3073	16	11075	16792	1.042392776523702	1.0	0.9999373894249863	99.99996697993211
GOTERM_BP_ALL	GO:0032502~developmental process	6	33.33333333333333	0.6026171036540078	5465, 7942, 5728, 3482, 80317, 9971	16	5632	16792	1.1180752840909092	1.0	0.999944411163013	99.99997548574329
GOTERM_BP_ALL	GO:1901362~organic cyclic compound biosynthetic process	5	27.77777777777778	0.6088967056804495	5465, 7942, 5728, 80317, 9971	16	4535	16792	1.157111356119074	1.0	0.9999494352955342	99.9999811496542
GOTERM_BP_ALL	GO:0007165~signal transduction	6	33.33333333333333	0.6294523906640205	5465, 5728, 3482, 4864, 3916, 9971	16	5775	16792	1.0903896103896105	1.0	0.9999690665913636	99.99999226285728
GOTERM_BP_ALL	GO:0016070~RNA metabolic process	5	27.77777777777778	0.6312763464457913	5465, 7942, 5728, 80317, 9971	16	4648	16792	1.1289802065404475	1.0	0.999968279732841	99.9999928676275
GOTERM_BP_ALL	GO:0044237~cellular metabolic process	10	55.55555555555556	0.6331002970970899	5465, 7942, 5728, 5476, 4864, 55823, 8722, 80317, 9971, 3073	16	10202	16792	1.0287198588512056	1.0	0.9999674929790532	99.99999342777772
GOTERM_BP_ALL	GO:0080090~regulation of primary metabolic process	6	33.33333333333333	0.6336948637926852	5465, 7942, 5728, 55823, 80317, 9971	16	5798	16792	1.0860641600551915	1.0	0.999965541828417	99.99999360125543
GOTERM_BP_ALL	GO:0051716~cellular response to stimulus	7	38.88888888888889	0.634989839348153	5465, 5728, 3482, 4864, 3916, 80317, 9971	16	6927	16792	1.0605601270391223	1.0	0.9999642089809196	99.99999396431805
GOTERM_BP_ALL	GO:0060255~regulation of macromolecule metabolic process	6	33.33333333333333	0.6368168698267402	5465, 7942, 5728, 55823, 80317, 9971	16	5815	16792	1.0828890799656061	1.0	0.999963393925477	99.99999444375311
GOTERM_BP_ALL	GO:0006807~nitrogen compound metabolic process	7	38.88888888888889	0.638723300271631	5465, 7942, 5728, 5476, 80317, 9971, 3073	16	6948	16792	1.0573546344271731	1.0	0.99996266400274	99.99999490573751
GOTERM_BP_ALL	GO:0031323~regulation of cellular metabolic process	6	33.33333333333333	0.6421152708940673	5465, 7942, 5728, 55823, 80317, 9971	16	5844	16792	1.0775154004106775	1.0	0.9999634764565855	99.99999563976817
GOTERM_CC_ALL	GO:0005886~plasma membrane	5	27.77777777777778	0.6484468515338229	5728, 3482, 4864, 3916, 3920	16	5141	18224	1.1077611359657653	1.0	0.9715145435121764	99.99973487498946
GOTERM_BP_ALL	GO:0032501~multicellular organismal process	7	38.88888888888889	0.6526295968798282	5465, 7942, 5728, 3482, 4864, 9971, 1509	16	7027	16792	1.0454674825672408	1.0	0.9999707766210497	99.99999733370343
GOTERM_MF_ALL	GO:1901363~heterocyclic compound binding	6	33.33333333333333	0.6593150043556433	5465, 7942, 1186, 55823, 80317, 9971	16	5971	16881	1.0601867358901356	1.0	0.9999819397667158	99.99988029179238
GOTERM_CC_ALL	GO:0071944~cell periphery	5	27.77777777777778	0.6683394555449302	5728, 3482, 4864, 3916, 3920	16	5256	18224	1.083523592085236	1.0	0.9749216942184655	99.99987036334328
GOTERM_BP_ALL	GO:0007275~multicellular organism development	5	27.77777777777778	0.6745995182928476	5465, 7942, 5728, 3482, 9971	16	4877	16792	1.0759688332991595	1.0	0.9999834427010987	99.99999909238454
GOTERM_BP_ALL	GO:0044271~cellular nitrogen compound biosynthetic process	5	27.77777777777778	0.6872645767206041	5465, 7942, 5728, 80317, 9971	16	4947	16792	1.0607438851829392	1.0	0.9999878641784042	99.99999952844796
GOTERM_BP_ALL	GO:0044249~cellular biosynthetic process	6	33.33333333333333	0.6903589605671898	5465, 7942, 5728, 4864, 80317, 9971	16	6118	16792	1.029257927427264	1.0	0.999988088289016	99.9999995997789
GOTERM_BP_ALL	GO:1901360~organic cyclic compound metabolic process	6	33.33333333333333	0.6955980396395023	5465, 7942, 5728, 4864, 80317, 9971	16	6149	16792	1.0240689543015125	1.0	0.9999890784494193	99.99999969796107
GOTERM_BP_ALL	GO:0019222~regulation of metabolic process	6	33.33333333333333	0.6992877515038257	5465, 7942, 5728, 55823, 80317, 9971	16	6171	16792	1.0204180845892077	1.0	0.9999894978169166	99.99999975299478
GOTERM_BP_ALL	GO:0044700~single organism signaling	6	33.33333333333333	0.7052741390699397	5465, 5728, 3482, 4864, 3916, 9971	16	6207	16792	1.0144997583373612	1.0	0.9999906257472833	99.99999982271683
GOTERM_BP_ALL	GO:0023052~signaling	6	33.33333333333333	0.7139699791068167	5465, 5728, 3482, 4864, 3916, 9971	16	6260	16792	1.0059105431309905	1.0	0.9999923612664321	99.99999989182217
GOTERM_BP_ALL	GO:0007154~cell communication	6	33.33333333333333	0.7164053772535679	5465, 5728, 3482, 4864, 3916, 9971	16	6275	16792	1.0035059760956175	1.0	0.9999923760059826	99.99999990605228
GOTERM_BP_ALL	GO:0090304~nucleic acid metabolic process	5	27.77777777777778	0.7237089000149965	5465, 7942, 5728, 80317, 9971	16	5158	16792	1.0173516867002714	1.0	0.999993534643511	99.9999999389068
GOTERM_MF_ALL	GO:0003676~nucleic acid binding	4	22.22222222222222	0.7437224822939492	5465, 7942, 80317, 9971	16	4097	16881	1.0300829875518673	1.0	0.9999966569324923	99.99999674596268
GOTERM_BP_ALL	GO:0010467~gene expression	5	27.77777777777778	0.7476700235142866	5465, 7942, 5728, 80317, 9971	16	5306	16792	0.9889747455710517	1.0	0.9999969736781535	99.99999998631743
GOTERM_BP_ALL	GO:0048856~anatomical structure development	5	27.77777777777778	0.7730830852337327	5465, 7942, 5728, 3482, 9971	16	5473	16792	0.9587977343321762	1.0	0.9999987581987806	99.99999999762443
GOTERM_BP_ALL	GO:0006139~nucleobase-containing compound metabolic process	5	27.77777777777778	0.8170591389837406	5465, 7942, 5728, 80317, 9971	16	5794	16792	0.905678287884018	1.0	0.9999998095027931	99.99999999993197
GOTERM_BP_ALL	GO:0046483~heterocycle metabolic process	5	27.77777777777778	0.8324656100595895	5465, 7942, 5728, 80317, 9971	16	5919	16792	0.8865517823956749	1.0	0.9999999051262259	99.99999999998406
GOTERM_BP_ALL	GO:0006725~cellular aromatic compound metabolic process	5	27.77777777777778	0.8378969533123939	5465, 7942, 5728, 80317, 9971	16	5965	16792	0.8797150041911148	1.0	0.999999921809539	99.99999999999073
GOTERM_BP_ALL	GO:0034641~cellular nitrogen compound metabolic process	5	27.77777777777778	0.8924913111454853	5465, 7942, 5728, 80317, 9971	16	6505	16792	0.8066871637202152	1.0	0.9999999977905044	99.99999999999999

