Annotation Cluster 1	Enrichment Score: 2.6881315919553552
Category	Term	Count	%	PValue	Genes	List Total	Pop Hits	Pop Total	Fold Enrichment	Bonferroni	Benjamini	FDR
GOTERM_BP_ALL	GO:0031647~regulation of protein stability	5	55.55555555555556	2.2205657525340825E-6	11236, 283514, 55294, 25793, 6720	9	228	16792	40.91617933723197	0.0018746208434956557	2.345200139030057E-4	0.0034330232398294136
GOTERM_BP_ALL	GO:0046907~intracellular transport	7	77.77777777777779	1.7154820154786833E-5	3305, 9530, 11236, 283514, 55294, 25793, 6720	9	1594	16792	8.193503415586227	0.014391386967491981	9.055864194468244E-4	0.02651870927244948
GOTERM_MF_ALL	GO:0004842~ubiquitin-protein transferase activity	5	55.55555555555556	2.419952198943142E-5	11236, 51127, 283514, 55294, 25793	9	419	16881	22.382657120127288	0.002199760120701555	0.002199760120701555	0.026378959120842982
GOTERM_MF_ALL	GO:0019787~ubiquitin-like protein transferase activity	5	55.55555555555556	2.9068136394396774E-5	11236, 51127, 283514, 55294, 25793	9	439	16881	21.36294608959757	0.002641743296724397	0.0013217451534875968	0.03168528286771055
GOTERM_BP_ALL	GO:0051649~establishment of localization in cell	7	77.77777777777779	6.481984636665451E-5	3305, 9530, 11236, 283514, 55294, 25793, 6720	9	2004	16792	6.517187846529164	0.05330143859523906	0.00273498037970743	0.1001669732985433
GOTERM_BP_ALL	GO:0042787~protein ubiquitination involved in ubiquitin-dependent protein catabolic process	4	44.44444444444444	1.215637348117551E-4	11236, 283514, 55294, 25793	9	222	16792	33.61761761761762	0.09762725367423764	0.00427116916807424	0.18777701871333097
GOTERM_BP_ALL	GO:0051641~cellular localization	7	77.77777777777779	2.536199544119506E-4	3305, 9530, 11236, 283514, 55294, 25793, 6720	9	2541	16792	5.139883685338231	0.19292287282857212	0.007625634848445029	0.3913878146281524
GOTERM_BP_ALL	GO:0016567~protein ubiquitination	5	55.55555555555556	2.648328167231432E-4	11236, 51127, 283514, 55294, 25793	9	770	16792	12.115440115440116	0.20053567392831095	0.007687997347376685	0.40865845335139594
GOTERM_BP_ALL	GO:0032446~protein modification by small protein conjugation	5	55.55555555555556	4.561658492115016E-4	11236, 51127, 283514, 55294, 25793	9	887	16792	10.517349367405737	0.31992220721844244	0.011615290896139219	0.7029283224710192
GOTERM_BP_ALL	GO:0006914~autophagy	4	44.44444444444444	7.813206124494559E-4	51127, 55294, 25793, 6720	9	418	16792	17.854332801701222	0.4833935805729419	0.017692268868968575	1.2011511514661066
GOTERM_BP_ALL	GO:0070647~protein modification by small protein conjugation or removal	5	55.55555555555556	8.129488600286857E-4	11236, 51127, 283514, 55294, 25793	9	1032	16792	9.039621016365203	0.4970281941381204	0.01792221938170191	1.2494889825772404
GOTERM_BP_ALL	GO:0065008~regulation of biological quality	7	77.77777777777779	0.0016677967876628853	9530, 11236, 283514, 55294, 25793, 6720, 4692	9	3548	16792	3.681072278592008	0.7559701675727286	0.033816573623312585	2.547615641480816
GOTERM_BP_ALL	GO:0006511~ubiquitin-dependent protein catabolic process	4	44.44444444444444	0.001986159120933747	11236, 283514, 55294, 25793	9	577	16792	12.93433468130175	0.8136210583714478	0.038315791540551536	3.026971552863711
GOTERM_BP_ALL	GO:0019941~modification-dependent protein catabolic process	4	44.44444444444444	0.0020663044771057583	11236, 283514, 55294, 25793	9	585	16792	12.757454890788223	0.8258491992202494	0.03809611844568461	3.1472978893606784
GOTERM_BP_ALL	GO:0043632~modification-dependent macromolecule catabolic process	4	44.44444444444444	0.002148472881091768	11236, 283514, 55294, 25793	9	593	16792	12.585347573543187	0.8375544832908423	0.038738668462363735	3.2705165426058613
GOTERM_BP_ALL	GO:0006464~cellular protein modification process	7	77.77777777777779	0.0025045523256219046	9530, 11236, 51127, 283514, 55294, 25793, 6720	9	3818	16792	3.4207554857109597	0.8798484479344229	0.04318561602712201	3.802796073545456
GOTERM_BP_ALL	GO:0036211~protein modification process	7	77.77777777777779	0.0025045523256219046	9530, 11236, 51127, 283514, 55294, 25793, 6720	9	3818	16792	3.4207554857109597	0.8798484479344229	0.04318561602712201	3.802796073545456
GOTERM_BP_ALL	GO:0051603~proteolysis involved in cellular protein catabolic process	4	44.44444444444444	0.002880983119423736	11236, 283514, 55294, 25793	9	657	16792	11.359377642482665	0.9126597844282885	0.04853651054269814	4.362517801940147
GOTERM_BP_ALL	GO:0044257~cellular protein catabolic process	4	44.44444444444444	0.0032992999286232103	11236, 283514, 55294, 25793	9	689	16792	10.83180132236736	0.9387332289304234	0.05431935649585673	4.980946576996437
GOTERM_BP_ALL	GO:0043412~macromolecule modification	7	77.77777777777779	0.003536392292069617	9530, 11236, 51127, 283514, 55294, 25793, 6720	9	4065	16792	3.212901462347957	0.9498906565258349	0.05700756205321389	5.329795024084216
GOTERM_BP_ALL	GO:0048523~negative regulation of cellular process	7	77.77777777777779	0.004807746746274676	9530, 11236, 283514, 55294, 25793, 6720, 4692	9	4300	16792	3.0373126614987083	0.9829625814262067	0.07136787114047294	7.180072257065007
GOTERM_BP_ALL	GO:0030163~protein catabolic process	4	44.44444444444444	0.005235828948453416	11236, 283514, 55294, 25793	9	811	16792	9.202356487190025	0.9881555801912721	0.07487163615905179	7.7954351602904755
GOTERM_BP_ALL	GO:0048519~negative regulation of biological process	7	77.77777777777779	0.0071183747471975835	9530, 11236, 283514, 55294, 25793, 6720, 4692	9	4623	16792	2.8251015454130313	0.9976101804313074	0.0988452037662435	10.456560782506774
GOTERM_BP_ALL	GO:0006810~transport	7	77.77777777777779	0.007456536507016495	3305, 9530, 11236, 283514, 55294, 25793, 6720	9	4663	16792	2.8008673481545023	0.998207926147318	0.1016476458362473	10.926900590326694
GOTERM_BP_ALL	GO:0051234~establishment of localization	7	77.77777777777779	0.008614644324630417	3305, 9530, 11236, 283514, 55294, 25793, 6720	9	4790	16792	2.726606355833913	0.9993317915012806	0.11294739224792161	12.520231643863744
GOTERM_BP_ALL	GO:0044265~cellular macromolecule catabolic process	4	44.44444444444444	0.008791608983149637	11236, 283514, 55294, 25793	9	976	16792	7.646630236794171	0.9994253551127076	0.11339076474959053	12.761339482606582
GOTERM_BP_ALL	GO:0044267~cellular protein metabolic process	7	77.77777777777779	0.009727692598921225	9530, 11236, 51127, 283514, 55294, 25793, 6720	9	4900	16792	2.6653968253968254	0.9997413776740748	0.12288166251491628	14.02641305395652
GOTERM_BP_ALL	GO:0009057~macromolecule catabolic process	4	44.44444444444444	0.015559326493595791	11236, 283514, 55294, 25793	9	1201	16792	6.214080858543806	0.9999982413930125	0.17944632113931003	21.529240093615464
GOTERM_BP_ALL	GO:0019538~protein metabolic process	7	77.77777777777779	0.01719717105050149	9530, 11236, 51127, 283514, 55294, 25793, 6720	9	5457	16792	2.3933378127990554	0.9999995693680684	0.1841979191149501	23.523558483888173
GOTERM_MF_ALL	GO:0016740~transferase activity	5	55.55555555555556	0.019094741600217284	11236, 51127, 283514, 55294, 25793	9	2453	16881	3.823209675227613	0.826993386660078	0.25353327894971545	18.956362304932096
GOTERM_BP_ALL	GO:0044248~cellular catabolic process	4	44.44444444444444	0.03442250908235284	11236, 283514, 55294, 25793	9	1616	16792	4.618261826182618	0.9999999999998603	0.29406257585557405	41.81603090755902
GOTERM_BP_ALL	GO:0006508~proteolysis	4	44.44444444444444	0.038873200300302405	11236, 283514, 55294, 25793	9	1693	16792	4.408216840585417	0.9999999999999972	0.3166307045010137	45.82699433187947
GOTERM_BP_ALL	GO:1901575~organic substance catabolic process	4	44.44444444444444	0.051561204912961185	11236, 283514, 55294, 25793	9	1889	16792	3.9508264219751776	1.0	0.3883330394582871	55.88815039597013
GOTERM_BP_ALL	GO:0009056~catabolic process	4	44.44444444444444	0.0605142042879099	11236, 283514, 55294, 25793	9	2012	16792	3.7092997570134743	1.0	0.42606114644920134	61.904598440610805
GOTERM_MF_ALL	GO:0003824~catalytic activity	5	55.55555555555556	0.30759414303702515	11236, 51127, 283514, 55294, 25793	9	6018	16881	1.5583804143126179	0.999999999999997	0.9756852598757004	98.18186618261178

Annotation Cluster 2	Enrichment Score: 2.002139979445977
Category	Term	Count	%	PValue	Genes	List Total	Pop Hits	Pop Total	Fold Enrichment	Bonferroni	Benjamini	FDR
GOTERM_BP_ALL	GO:0072655~establishment of protein localization to mitochondrion	6	66.66666666666666	9.089688713617797E-9	3305, 9530, 283514, 55294, 25793, 6720	9	188	16792	59.54609929078014	7.68075746260255E-6	7.68075746260255E-6	1.4053000396696547E-5
GOTERM_BP_ALL	GO:0070585~protein localization to mitochondrion	6	66.66666666666666	9.8423669873412E-9	3305, 9530, 283514, 55294, 25793, 6720	9	191	16792	58.610820244328096	8.31676559887029E-6	4.158391445518994E-6	1.5216669357887014E-5
GOTERM_BP_ALL	GO:0010821~regulation of mitochondrion organization	6	66.66666666666666	2.44600205774976E-8	3305, 9530, 283514, 55294, 25793, 6720	9	229	16792	48.885007278020375	2.066850403337206E-5	6.889548810229407E-6	3.7816107123500586E-5
GOTERM_BP_ALL	GO:1903214~regulation of protein targeting to mitochondrion	5	55.55555555555556	7.499612361739784E-8	3305, 9530, 283514, 55294, 6720	9	98	16792	95.19274376417233	6.336971891052201E-5	1.5842806215471406E-5	1.1594677127302333E-4
GOTERM_BP_ALL	GO:1903747~regulation of establishment of protein localization to mitochondrion	5	55.55555555555556	2.2721757709366926E-7	3305, 9530, 283514, 55294, 6720	9	129	16792	72.31696813092162	1.9198044384671764E-4	3.839903762825614E-5	3.5128636205472574E-4
GOTERM_BP_ALL	GO:0006626~protein targeting to mitochondrion	5	55.55555555555556	3.437748244499337E-7	3305, 9530, 283514, 55294, 25793	9	143	16792	65.23698523698525	2.904475885607827E-4	4.841379078635022E-5	5.314875162421018E-4
GOTERM_BP_ALL	GO:0032386~regulation of intracellular transport	6	66.66666666666666	8.971675896119848E-7	3305, 9530, 11236, 283514, 55294, 6720	9	472	16792	23.717514124293785	7.578196628679201E-4	1.0829512899346305E-4	0.0013870459150466807
GOTERM_BP_ALL	GO:0031647~regulation of protein stability	5	55.55555555555556	2.2205657525340825E-6	11236, 283514, 55294, 25793, 6720	9	228	16792	40.91617933723197	0.0018746208434956557	2.345200139030057E-4	0.0034330232398294136
GOTERM_BP_ALL	GO:0007005~mitochondrion organization	6	66.66666666666666	4.449115312824946E-6	3305, 9530, 283514, 55294, 25793, 6720	9	653	16792	17.143440530883105	0.0037524526896483	4.17636188229098E-4	0.006878278720545694
GOTERM_BP_ALL	GO:0006839~mitochondrial transport	5	55.55555555555556	4.814875840584179E-6	3305, 9530, 283514, 55294, 25793	9	277	16792	33.67829923786603	0.0040603144223941845	4.0677523252807823E-4	0.007443720408950583
GOTERM_BP_ALL	GO:0072594~establishment of protein localization to organelle	6	66.66666666666666	4.901646188891396E-6	3305, 9530, 283514, 55294, 25793, 6720	9	666	16792	16.808808808808806	0.004133335338403543	3.764655900149183E-4	0.007577861214269621
GOTERM_BP_ALL	GO:0006605~protein targeting	6	66.66666666666666	6.303039662296271E-6	3305, 9530, 283514, 55294, 25793, 6720	9	701	16792	15.969567284831193	0.005311926855139704	4.4374195906327074E-4	0.009744292835223156
GOTERM_BP_ALL	GO:1903533~regulation of protein targeting	5	55.55555555555556	6.606192387883584E-6	3305, 9530, 283514, 55294, 6720	9	300	16792	31.0962962962963	0.005566699194856306	4.293117429077231E-4	0.010212934632924942
GOTERM_BP_ALL	GO:0060341~regulation of cellular localization	6	66.66666666666666	1.4752380153251923E-5	3305, 9530, 11236, 283514, 55294, 6720	9	834	16792	13.422861710631494	0.01238847628918327	8.900217797536136E-4	0.022805303239969987
GOTERM_BP_ALL	GO:0033157~regulation of intracellular protein transport	5	55.55555555555556	1.562734618014747E-5	3305, 9530, 283514, 55294, 6720	9	373	16792	25.01042597557343	0.013118404427284625	8.799599881769149E-4	0.024157736600971536
GOTERM_BP_ALL	GO:0046907~intracellular transport	7	77.77777777777779	1.7154820154786833E-5	3305, 9530, 11236, 283514, 55294, 25793, 6720	9	1594	16792	8.193503415586227	0.014391386967491981	9.055864194468244E-4	0.02651870927244948
GOTERM_BP_ALL	GO:0033365~protein localization to organelle	6	66.66666666666666	2.1620993989462245E-5	3305, 9530, 283514, 55294, 25793, 6720	9	902	16792	12.410938654841093	0.018104053885624194	0.0010741249161133615	0.033421646801712335
GOTERM_BP_ALL	GO:0032880~regulation of protein localization	6	66.66666666666666	2.9577629685902282E-5	3305, 9530, 51127, 283514, 55294, 6720	9	962	16792	11.636867636867636	0.024683715968526587	0.0013875623722419128	0.04571835267798141
GOTERM_BP_ALL	GO:0006886~intracellular protein transport	6	66.66666666666666	3.9301946611493234E-5	3305, 9530, 283514, 55294, 25793, 6720	9	1020	16792	10.97516339869281	0.03266537364040634	0.001746409959652806	0.06074502775323953
GOTERM_BP_ALL	GO:0051649~establishment of localization in cell	7	77.77777777777779	6.481984636665451E-5	3305, 9530, 11236, 283514, 55294, 25793, 6720	9	2004	16792	6.517187846529164	0.05330143859523906	0.00273498037970743	0.1001669732985433
GOTERM_BP_ALL	GO:0033043~regulation of organelle organization	6	66.66666666666666	7.082292743505949E-5	3305, 9530, 283514, 55294, 25793, 6720	9	1152	16792	9.717592592592593	0.05809182977480254	0.002845823563994654	0.10943886499479305
GOTERM_BP_ALL	GO:1903827~regulation of cellular protein localization	5	55.55555555555556	7.805537846022483E-5	3305, 9530, 283514, 55294, 6720	9	562	16792	16.599446421510482	0.0638310990718699	0.0029936631669365	0.12060847681710785
GOTERM_BP_ALL	GO:0010638~positive regulation of organelle organization	5	55.55555555555556	1.0072431915955307E-4	3305, 9530, 55294, 25793, 6720	9	600	16792	15.54814814814815	0.08159456579959568	0.0036938710893849036	0.15561023885336533
GOTERM_BP_ALL	GO:0032879~regulation of localization	7	77.77777777777779	2.1720763683701918E-4	3305, 9530, 11236, 51127, 283514, 55294, 6720	9	2473	16792	5.281214898683561	0.1676983878151057	0.007315525887124585	0.3352843324070376
GOTERM_BP_ALL	GO:0051179~localization	9	100.0	2.229058563613266E-4	3305, 9530, 11236, 51127, 283514, 55294, 25793, 6720, 4692	9	5872	16792	2.8596730245231607	0.17169716152186765	0.007219064331077885	0.34406600281180477
GOTERM_BP_ALL	GO:0051223~regulation of protein transport	5	55.55555555555556	2.3437211042268735E-4	3305, 9530, 283514, 55294, 6720	9	746	16792	12.505212987786715	0.1796856388874858	0.007308997113515625	0.36173474395847505
GOTERM_BP_ALL	GO:0051641~cellular localization	7	77.77777777777779	2.536199544119506E-4	3305, 9530, 11236, 283514, 55294, 25793, 6720	9	2541	16792	5.139883685338231	0.19292287282857212	0.007625634848445029	0.3913878146281524
GOTERM_MF_ALL	GO:0031625~ubiquitin protein ligase binding	4	44.44444444444444	2.556406954599278E-4	3305, 9530, 55294, 25793	9	287	16881	26.14169570267131	0.022997704416491405	0.0077254300512410445	0.2783449122436332
GOTERM_MF_ALL	GO:0044389~ubiquitin-like protein ligase binding	4	44.44444444444444	2.689824945035031E-4	3305, 9530, 55294, 25793	9	292	16881	25.69406392694064	0.024183477601697367	0.006101484774807542	0.2928522965551461
GOTERM_BP_ALL	GO:0070201~regulation of establishment of protein localization	5	55.55555555555556	3.3743628439672247E-4	3305, 9530, 283514, 55294, 6720	9	820	16792	11.37669376693767	0.24812243317581906	0.009461019527046477	0.5204183605803769
GOTERM_BP_ALL	GO:0034613~cellular protein localization	6	66.66666666666666	3.416766462092248E-4	3305, 9530, 283514, 55294, 25793, 6720	9	1600	16792	6.996666666666666	0.2508125810307832	0.009271784975963149	0.5269420037142813
GOTERM_BP_ALL	GO:0070727~cellular macromolecule localization	6	66.66666666666666	3.550590632027379E-4	3305, 9530, 283514, 55294, 25793, 6720	9	1613	16792	6.94027691671833	0.2592396974073029	0.009333612153201387	0.5475277437771764
GOTERM_BP_ALL	GO:0033554~cellular response to stress	6	66.66666666666666	5.55501667577157E-4	3305, 9530, 11236, 55294, 25793, 6720	9	1773	16792	6.31396879112615	0.3747034947512824	0.013714769981077124	0.8553857250236718
GOTERM_MF_ALL	GO:0019899~enzyme binding	6	66.66666666666666	5.652891883718731E-4	3305, 9530, 11236, 55294, 25793, 6720	9	1789	16881	6.290665176076019	0.05015442595101982	0.010238399320493419	0.6145517323453253
GOTERM_BP_ALL	GO:0051049~regulation of transport	6	66.66666666666666	5.903138413227292E-4	3305, 9530, 11236, 283514, 55294, 6720	9	1796	16792	6.2331106161841126	0.3928397276387976	0.01415493432734749	0.9087624960488316
GOTERM_BP_ALL	GO:0015031~protein transport	6	66.66666666666666	6.961079945685207E-4	3305, 9530, 283514, 55294, 25793, 6720	9	1860	16792	6.0186379928315406	0.4447940093365409	0.01621203817852912	1.0708095279950758
GOTERM_BP_ALL	GO:0006914~autophagy	4	44.44444444444444	7.813206124494559E-4	51127, 55294, 25793, 6720	9	418	16792	17.854332801701222	0.4833935805729419	0.017692268868968575	1.2011511514661066
GOTERM_BP_ALL	GO:0045184~establishment of protein localization	6	66.66666666666666	0.001027276548552542	3305, 9530, 283514, 55294, 25793, 6720	9	2021	16792	5.539172027049315	0.5804173919252268	0.022022972779522032	1.5764662018446063
GOTERM_BP_ALL	GO:0051130~positive regulation of cellular component organization	5	55.55555555555556	0.0013630419061453898	3305, 9530, 55294, 25793, 6720	9	1183	16792	7.885789424250963	0.6841715461535739	0.02840274005900134	2.0866729516701987
GOTERM_BP_ALL	GO:0065008~regulation of biological quality	7	77.77777777777779	0.0016677967876628853	9530, 11236, 283514, 55294, 25793, 6720, 4692	9	3548	16792	3.681072278592008	0.7559701675727286	0.033816573623312585	2.547615641480816
GOTERM_BP_ALL	GO:0051128~regulation of cellular component organization	6	66.66666666666666	0.001961841124346962	3305, 9530, 283514, 55294, 25793, 6720	9	2323	16792	4.8190558186253405	0.8097438594814909	0.03873883487669061	2.9904340570155563
GOTERM_BP_ALL	GO:0080135~regulation of cellular response to stress	4	44.44444444444444	0.0020259801618466348	3305, 9530, 55294, 25793	9	581	16792	12.845285905526868	0.8198003316500676	0.038198792681599536	3.086774391287639
GOTERM_BP_ALL	GO:0008104~protein localization	6	66.66666666666666	0.002497367254637729	3305, 9530, 283514, 55294, 25793, 6720	9	2448	16792	4.572984749455338	0.8791149024785385	0.04396010331580247	3.792082723716783
GOTERM_BP_ALL	GO:0006464~cellular protein modification process	7	77.77777777777779	0.0025045523256219046	9530, 11236, 51127, 283514, 55294, 25793, 6720	9	3818	16792	3.4207554857109597	0.8798484479344229	0.04318561602712201	3.802796073545456
GOTERM_BP_ALL	GO:0036211~protein modification process	7	77.77777777777779	0.0025045523256219046	9530, 11236, 51127, 283514, 55294, 25793, 6720	9	3818	16792	3.4207554857109597	0.8798484479344229	0.04318561602712201	3.802796073545456
GOTERM_BP_ALL	GO:0043412~macromolecule modification	7	77.77777777777779	0.003536392292069617	9530, 11236, 51127, 283514, 55294, 25793, 6720	9	4065	16792	3.212901462347957	0.9498906565258349	0.05700756205321389	5.329795024084216
GOTERM_BP_ALL	GO:0071702~organic substance transport	6	66.66666666666666	0.0036324177929992515	3305, 9530, 283514, 55294, 25793, 6720	9	2657	16792	4.213273115042027	0.953809504657015	0.05741978491117761	5.470742066564272
GOTERM_BP_ALL	GO:0042221~response to chemical	7	77.77777777777779	0.003791477400828386	3305, 9530, 11236, 55294, 25793, 6720, 4692	9	4117	16792	3.172320729765471	0.959638840863057	0.05876638952316382	5.703779367973761
GOTERM_BP_ALL	GO:0033036~macromolecule localization	6	66.66666666666666	0.004736072487007644	3305, 9530, 283514, 55294, 25793, 6720	9	2817	16792	3.973967577801443	0.9818935693060266	0.07159462677368467	7.076666744425387
GOTERM_BP_ALL	GO:0048523~negative regulation of cellular process	7	77.77777777777779	0.004807746746274676	9530, 11236, 283514, 55294, 25793, 6720, 4692	9	4300	16792	3.0373126614987083	0.9829625814262067	0.07136787114047294	7.180072257065007
GOTERM_BP_ALL	GO:0031399~regulation of protein modification process	5	55.55555555555556	0.004847652695293376	9530, 11236, 55294, 25793, 6720	9	1664	16792	5.606303418803419	0.9835302081077213	0.07070169535662163	7.2375985057443915
GOTERM_BP_ALL	GO:0048519~negative regulation of biological process	7	77.77777777777779	0.0071183747471975835	9530, 11236, 283514, 55294, 25793, 6720, 4692	9	4623	16792	2.8251015454130313	0.9976101804313074	0.0988452037662435	10.456560782506774
GOTERM_BP_ALL	GO:0006810~transport	7	77.77777777777779	0.007456536507016495	3305, 9530, 11236, 283514, 55294, 25793, 6720	9	4663	16792	2.8008673481545023	0.998207926147318	0.1016476458362473	10.926900590326694
GOTERM_CC_ALL	GO:0005829~cytosol	6	66.66666666666666	0.007623317689461405	3305, 9530, 55294, 25793, 6720, 4692	9	3399	18224	3.5743846229283123	0.5166381585428643	0.5166381585428643	8.067622645522421
GOTERM_BP_ALL	GO:0048522~positive regulation of cellular process	7	77.77777777777779	0.008179956608508789	3305, 9530, 11236, 55294, 25793, 6720, 4692	9	4744	16792	2.7530447817125725	0.9990322034237228	0.10923515658867322	11.925337230437416
GOTERM_BP_ALL	GO:0051234~establishment of localization	7	77.77777777777779	0.008614644324630417	3305, 9530, 11236, 283514, 55294, 25793, 6720	9	4790	16792	2.726606355833913	0.9993317915012806	0.11294739224792161	12.520231643863744
GOTERM_BP_ALL	GO:0044267~cellular protein metabolic process	7	77.77777777777779	0.009727692598921225	9530, 11236, 51127, 283514, 55294, 25793, 6720	9	4900	16792	2.6653968253968254	0.9997413776740748	0.12288166251491628	14.02641305395652
GOTERM_BP_ALL	GO:0031401~positive regulation of protein modification process	4	44.44444444444444	0.013592162252609253	9530, 11236, 55294, 6720	9	1143	16792	6.529406046466414	0.9999904993205743	0.16530575987168905	19.069640018713173
GOTERM_BP_ALL	GO:0048518~positive regulation of biological process	7	77.77777777777779	0.014533107880062934	3305, 9530, 11236, 55294, 25793, 6720, 4692	9	5285	16792	2.4712288447387785	0.9999957584722166	0.1733027419726748	20.254990409187823
GOTERM_BP_ALL	GO:0006950~response to stress	6	66.66666666666666	0.015448561695873	3305, 9530, 11236, 55294, 25793, 6720	9	3677	16792	3.0445109237603116	0.9999980659964574	0.18072223063576254	21.392626635944488
GOTERM_BP_ALL	GO:0010605~negative regulation of macromolecule metabolic process	5	55.55555555555556	0.016148941281763002	9530, 11236, 55294, 25793, 6720	9	2326	16792	4.010700296168912	0.9999989399974282	0.18316024488003835	22.252720989135145
GOTERM_CC_ALL	GO:0044444~cytoplasmic part	8	88.88888888888889	0.01660257368054583	3305, 9530, 11236, 283514, 55294, 25793, 6720, 4692	9	8090	18224	2.0023623128691113	0.7961731474583994	0.5485281265221491	16.808767372510758
GOTERM_BP_ALL	GO:0031324~negative regulation of cellular metabolic process	5	55.55555555555556	0.016616820960603233	9530, 11236, 55294, 25793, 6720	9	2345	16792	3.9782042170101874	0.999999290838499	0.18552011240739819	22.822383252315404
GOTERM_BP_ALL	GO:0032268~regulation of cellular protein metabolic process	5	55.55555555555556	0.016641694964593147	9530, 11236, 55294, 25793, 6720	9	2346	16792	3.9765084777872506	0.9999993058352523	0.18337834242187834	22.852558784841182
GOTERM_BP_ALL	GO:0006996~organelle organization	6	66.66666666666666	0.01688138980281731	3305, 9530, 283514, 55294, 25793, 6720	9	3753	16792	2.98285815791811	0.9999994350629049	0.1834176261922844	23.142776068261472
GOTERM_BP_ALL	GO:0019538~protein metabolic process	7	77.77777777777779	0.01719717105050149	9530, 11236, 51127, 283514, 55294, 25793, 6720	9	5457	16792	2.3933378127990554	0.9999995693680684	0.1841979191149501	23.523558483888173
GOTERM_BP_ALL	GO:0080134~regulation of response to stress	4	44.44444444444444	0.018692205077453398	3305, 9530, 55294, 25793	9	1285	16792	5.807868568958063	0.9999998810306481	0.1962093564553845	25.302502078469125
GOTERM_BP_ALL	GO:0051246~regulation of protein metabolic process	5	55.55555555555556	0.021124818700652966	9530, 11236, 55294, 25793, 6720	9	2512	16792	3.713729653220099	0.9999999853922539	0.2163610945148512	28.114577129532503
GOTERM_BP_ALL	GO:0009892~negative regulation of metabolic process	5	55.55555555555556	0.021417906314293588	9530, 11236, 55294, 25793, 6720	9	2522	16792	3.6990043175610188	0.9999999886580259	0.21645757677914024	28.44661769003476
GOTERM_BP_ALL	GO:0032270~positive regulation of cellular protein metabolic process	4	44.44444444444444	0.024447494097479282	9530, 11236, 55294, 6720	9	1420	16792	5.255712050078247	0.9999999991743457	0.24057622789958166	31.795822032792977
GOTERM_BP_ALL	GO:0070887~cellular response to chemical stimulus	5	55.55555555555556	0.025343552634201363	9530, 55294, 25793, 6720, 4692	9	2648	16792	3.522994293387043	0.9999999996201884	0.24550436798201647	32.75795465482094
GOTERM_BP_ALL	GO:0051172~negative regulation of nitrogen compound metabolic process	4	44.44444444444444	0.02858596025288454	9530, 11236, 55294, 6720	9	1506	16792	4.955585067138851	0.9999999999772649	0.2696224650878698	36.13441347663115
GOTERM_BP_ALL	GO:0051247~positive regulation of protein metabolic process	4	44.44444444444444	0.028686622370814336	9530, 11236, 55294, 6720	9	1508	16792	4.949012673150604	0.999999999979171	0.26752422917341145	36.236654059582676
GOTERM_BP_ALL	GO:0016043~cellular component organization	7	77.77777777777779	0.03084333208233903	3305, 9530, 283514, 55294, 25793, 6720, 4692	9	6109	16792	2.137902184390972	0.9999999999968164	0.28173203138292746	38.39074923701718
GOTERM_BP_ALL	GO:0010033~response to organic substance	5	55.55555555555556	0.03149849020594999	3305, 9530, 11236, 6720, 4692	9	2822	16792	3.3057721080400033	0.9999999999982021	0.2838615722534016	39.031511184228165
GOTERM_BP_ALL	GO:0050789~regulation of biological process	9	100.0	0.03200432140705464	3305, 9530, 11236, 51127, 283514, 55294, 25793, 6720, 4692	9	10922	16792	1.5374473539644755	0.9999999999988438	0.2848003382563078	39.521957623612
GOTERM_BP_ALL	GO:0031325~positive regulation of cellular metabolic process	5	55.55555555555556	0.032146962043886874	9530, 11236, 55294, 6720, 4692	9	2839	16792	3.2859770654768896	0.9999999999989791	0.28298273557781084	39.659591394564174
GOTERM_BP_ALL	GO:0010604~positive regulation of macromolecule metabolic process	5	55.55555555555556	0.03280398432303999	9530, 11236, 55294, 6720, 4692	9	2856	16792	3.2664176781823846	0.9999999999994249	0.28503833588707694	40.28977728012987
GOTERM_BP_ALL	GO:0044260~cellular macromolecule metabolic process	8	88.88888888888889	0.03488994993304918	9530, 11236, 51127, 283514, 55294, 25793, 6720, 4692	9	8387	16792	1.7796854920975582	0.9999999999999072	0.2945626214781494	42.24998470210682
GOTERM_BP_ALL	GO:0071840~cellular component organization or biogenesis	7	77.77777777777779	0.03506909262089081	3305, 9530, 283514, 55294, 25793, 6720, 4692	9	6265	16792	2.0846679081315953	0.9999999999999207	0.2930034677728067	42.41548991424436
GOTERM_BP_ALL	GO:0009893~positive regulation of metabolic process	5	55.55555555555556	0.041008339560355433	9530, 11236, 55294, 6720, 4692	9	3052	16792	3.056647735546818	0.9999999999999996	0.3280405692833751	47.65798658770536
GOTERM_CC_ALL	GO:0005634~nucleus	7	77.77777777777779	0.04205001103650163	3305, 9530, 283514, 55294, 25793, 6720, 4692	9	7048	18224	2.0110984991802248	0.9831123394093804	0.7434394779436708	37.63806736007067
GOTERM_BP_ALL	GO:0065007~biological regulation	9	100.0	0.04999261201884999	3305, 9530, 11236, 51127, 283514, 55294, 25793, 6720, 4692	9	11548	16792	1.4541046068583305	1.0	0.3821527536781715	54.746647678582086
GOTERM_BP_ALL	GO:0008219~cell death	4	44.44444444444444	0.056490225976261965	9530, 283514, 55294, 25793	9	1958	16792	3.811599137441834	1.0	0.41379272232592057	59.30229884905258
GOTERM_BP_ALL	GO:0051716~cellular response to stimulus	7	77.77777777777779	0.057970572283285435	3305, 9530, 11236, 55294, 25793, 6720, 4692	9	6927	16792	1.8854402258473284	1.0	0.41876840413099004	60.27838238730998
GOTERM_BP_ALL	GO:0043170~macromolecule metabolic process	8	88.88888888888889	0.05886958935920323	9530, 11236, 51127, 283514, 55294, 25793, 6720, 4692	9	9130	16792	1.6348545697943289	1.0	0.42039972377132095	60.860427051267386
GOTERM_CC_ALL	GO:0043234~protein complex	5	55.55555555555556	0.08319108075889772	3305, 11236, 55294, 25793, 6720	9	4118	18224	2.4585829151152123	0.9997390911429339	0.8729068319219715	61.5083006471544
GOTERM_CC_ALL	GO:0005737~cytoplasm	8	88.88888888888889	0.09748053289886009	3305, 9530, 11236, 283514, 55294, 25793, 6720, 4692	9	10775	18224	1.5033977829337455	0.9999413355588463	0.8575458887482783	67.6125638457035
GOTERM_BP_ALL	GO:0080090~regulation of primary metabolic process	6	66.66666666666666	0.10068311757872635	9530, 11236, 55294, 25793, 6720, 4692	9	5798	16792	1.930780728987007	1.0	0.6070510323315277	80.61464828879676
GOTERM_BP_ALL	GO:0060255~regulation of macromolecule metabolic process	6	66.66666666666666	0.10181774369698762	9530, 11236, 55294, 25793, 6720, 4692	9	5815	16792	1.9251361421610778	1.0	0.6075882133514526	80.98934210580416
GOTERM_BP_ALL	GO:0031323~regulation of cellular metabolic process	6	66.66666666666666	0.10377181743334954	9530, 11236, 55294, 25793, 6720, 4692	9	5844	16792	1.9155829340634267	1.0	0.6111950584387241	81.6188124576329
GOTERM_CC_ALL	GO:0043231~intracellular membrane-bounded organelle	8	88.88888888888889	0.1122125742152797	3305, 9530, 11236, 283514, 55294, 25793, 6720, 4692	9	11035	18224	1.4679756330866434	0.9999877155982694	0.8480995705292907	72.97224760823178
GOTERM_BP_ALL	GO:0044237~cellular metabolic process	8	88.88888888888889	0.11443586512938882	9530, 11236, 51127, 283514, 55294, 25793, 6720, 4692	9	10202	16792	1.4630682436994924	1.0	0.6455914373623161	84.7242829784824
GOTERM_BP_ALL	GO:0044238~primary metabolic process	8	88.88888888888889	0.11715829792560586	9530, 11236, 51127, 283514, 55294, 25793, 6720, 4692	9	10243	16792	1.4572119713191665	1.0	0.651092750788263	85.43440274171877
GOTERM_BP_ALL	GO:0007166~cell surface receptor signaling pathway	4	44.44444444444444	0.12065934813177716	9530, 55294, 6720, 4692	9	2669	16792	2.7962199741892513	1.0	0.6589642347137568	86.30227304375346
GOTERM_BP_ALL	GO:0019222~regulation of metabolic process	6	66.66666666666666	0.12743388089156055	9530, 11236, 55294, 25793, 6720, 4692	9	6171	16792	1.814076594825258	1.0	0.6767378008556069	87.8459754527977
GOTERM_BP_ALL	GO:0051171~regulation of nitrogen compound metabolic process	5	55.55555555555556	0.13143471339889878	9530, 11236, 55294, 6720, 4692	9	4404	16792	2.1182763144616006	1.0	0.6852667843938373	88.6795656641373
GOTERM_BP_ALL	GO:0050794~regulation of cellular process	8	88.88888888888889	0.13453456187114654	3305, 9530, 11236, 283514, 55294, 25793, 6720, 4692	9	10489	16792	1.4230357729261343	1.0	0.6908608203020656	89.28833059591177
GOTERM_CC_ALL	GO:0005622~intracellular	9	100.0	0.13705076988028414	3305, 9530, 11236, 51127, 283514, 55294, 25793, 6720, 4692	9	14216	18224	1.2819358469330333	0.999999170916381	0.8647216387900152	80.21451291744266
GOTERM_CC_ALL	GO:0032991~macromolecular complex	5	55.55555555555556	0.13880472211893014	3305, 11236, 55294, 25793, 6720	9	4868	18224	2.0797954898201407	0.9999993166301977	0.830436655941916	80.65208775513669
GOTERM_BP_ALL	GO:0050896~response to stimulus	7	77.77777777777779	0.1392986525195281	3305, 9530, 11236, 55294, 25793, 6720, 4692	9	8329	16792	1.568068729072451	1.0	0.70096804488549	90.16453657007257
GOTERM_BP_ALL	GO:0071704~organic substance metabolic process	8	88.88888888888889	0.15148433173145823	9530, 11236, 51127, 283514, 55294, 25793, 6720, 4692	9	10707	16792	1.39406203625873	1.0	0.7300408886018811	92.11040627724178
GOTERM_MF_ALL	GO:0005515~protein binding	8	88.88888888888889	0.15492618006663858	3305, 9530, 11236, 51127, 55294, 25793, 6720, 4692	9	10806	16881	1.3886112653464124	0.9999997774575142	0.8878935967259531	84.04078727252077
GOTERM_BP_ALL	GO:0007275~multicellular organism development	5	55.55555555555556	0.17705572040632778	283514, 55294, 25793, 6720, 4692	9	4877	16792	1.912833481420728	1.0	0.7853832163786335	95.08419147945168
GOTERM_BP_ALL	GO:0008152~metabolic process	8	88.88888888888889	0.18359729621403192	9530, 11236, 51127, 283514, 55294, 25793, 6720, 4692	9	11075	16792	1.3477401555053925	1.0	0.7954809490313874	95.65480423629197
GOTERM_CC_ALL	GO:0043229~intracellular organelle	8	88.88888888888889	0.19054363752662165	3305, 9530, 11236, 283514, 55294, 25793, 6720, 4692	9	12099	18224	1.338880164568238	0.9999999981016473	0.892618178485521	90.20830457844777
GOTERM_CC_ALL	GO:0043227~membrane-bounded organelle	8	88.88888888888889	0.20045041233986785	3305, 9530, 11236, 283514, 55294, 25793, 6720, 4692	9	12209	18224	1.3268171931453117	0.9999999994107314	0.8805925745515188	91.44791493570864
GOTERM_BP_ALL	GO:0048583~regulation of response to stimulus	4	44.44444444444444	0.24050676002020294	3305, 9530, 55294, 25793	9	3636	16792	2.052560811636719	1.0	0.8814814592463023	98.5781471474008
GOTERM_BP_ALL	GO:0048856~anatomical structure development	5	55.55555555555556	0.2436114055001088	283514, 55294, 25793, 6720, 4692	9	5473	16792	1.7045293054794244	1.0	0.8829043079245634	98.66539867124143
GOTERM_BP_ALL	GO:0044767~single-organism developmental process	5	55.55555555555556	0.24384986901363695	283514, 55294, 25793, 6720, 4692	9	5475	16792	1.7039066463724	1.0	0.8809059755585491	98.67188888388347
GOTERM_BP_ALL	GO:0051252~regulation of RNA metabolic process	4	44.44444444444444	0.25813693099863944	9530, 55294, 6720, 4692	9	3762	16792	1.9838147557445802	1.0	0.8948912139027669	99.01109101769357
GOTERM_BP_ALL	GO:0032502~developmental process	5	55.55555555555556	0.26285158194534874	283514, 55294, 25793, 6720, 4692	9	5632	16792	1.6564078282828285	1.0	0.8977667341800617	99.10391457373957
GOTERM_MF_ALL	GO:0005488~binding	9	100.0	0.27733332899988994	3305, 9530, 11236, 51127, 283514, 55294, 25793, 6720, 4692	9	14381	16881	1.1738404839719074	0.9999999999998543	0.9751446408491564	97.10162908184718
GOTERM_BP_ALL	GO:2000112~regulation of cellular macromolecule biosynthetic process	4	44.44444444444444	0.29099952179579924	11236, 55294, 6720, 4692	9	3991	16792	1.8699852445780785	1.0	0.92184619219677	99.50916104184535
GOTERM_CC_ALL	GO:0043226~organelle	8	88.88888888888889	0.3007876539015035	3305, 9530, 11236, 283514, 55294, 25793, 6720, 4692	9	13154	18224	1.2314969675468384	0.9999999999999982	0.9545024952482618	98.04144561579994
GOTERM_BP_ALL	GO:0044707~single-multicellular organism process	5	55.55555555555556	0.30200335484672985	283514, 55294, 25793, 6720, 4692	9	5943	16792	1.5697272234374708	1.0	0.9287702429153257	99.61459823148667
GOTERM_BP_ALL	GO:0019219~regulation of nucleobase-containing compound metabolic process	4	44.44444444444444	0.3075422346567833	9530, 55294, 6720, 4692	9	4104	16792	1.818496859432532	1.0	0.9312381310996716	99.65926237045835
GOTERM_BP_ALL	GO:0010556~regulation of macromolecule biosynthetic process	4	44.44444444444444	0.30798394447732536	11236, 55294, 6720, 4692	9	4107	16792	1.8171685198712224	1.0	0.9299701082732948	99.66260726223706
GOTERM_BP_ALL	GO:0044763~single-organism cellular process	8	88.88888888888889	0.3189148894851116	3305, 9530, 11236, 283514, 55294, 25793, 6720, 4692	9	12256	16792	1.2178706121264868	1.0	0.9360924308345464	99.73622686918101
GOTERM_BP_ALL	GO:0031326~regulation of cellular biosynthetic process	4	44.44444444444444	0.33424351018457776	11236, 55294, 6720, 4692	9	4284	16792	1.742089428363938	1.0	0.9443595124358288	99.81448047813684
GOTERM_BP_ALL	GO:0048731~system development	4	44.44444444444444	0.33528922963109165	55294, 25793, 6720, 4692	9	4291	16792	1.739247520650457	1.0	0.9436312107467301	99.81893482584731
GOTERM_BP_ALL	GO:0009889~regulation of biosynthetic process	4	44.44444444444444	0.3424725582721328	11236, 55294, 6720, 4692	9	4339	16792	1.7200071701108806	1.0	0.9464934601766541	99.8469335573439
GOTERM_BP_ALL	GO:0010468~regulation of gene expression	4	44.44444444444444	0.343371963788747	11236, 55294, 6720, 4692	9	4345	16792	1.7176320163661933	1.0	0.9457109315201528	99.85013873228577
GOTERM_BP_ALL	GO:0034641~cellular nitrogen compound metabolic process	5	55.55555555555556	0.3767772804097689	9530, 11236, 55294, 6720, 4692	9	6505	16792	1.4341105132803826	1.0	0.961165652741534	99.9331490388694
GOTERM_BP_ALL	GO:0016070~RNA metabolic process	4	44.44444444444444	0.38911081071211917	9530, 55294, 6720, 4692	9	4648	16792	1.6056607381908585	1.0	0.9652113486637269	99.95092066890608
GOTERM_CC_ALL	GO:0044424~intracellular part	8	88.88888888888889	0.3938314720744031	3305, 9530, 11236, 283514, 55294, 25793, 6720, 4692	9	13860	18224	1.168767035433702	1.0	0.9809951567698111	99.592379478484
GOTERM_BP_ALL	GO:0044271~cellular nitrogen compound biosynthetic process	4	44.44444444444444	0.4345044947255929	11236, 55294, 6720, 4692	9	4947	16792	1.5086135255935134	1.0	0.9787958384751481	99.98512484667076
GOTERM_BP_ALL	GO:0006807~nitrogen compound metabolic process	5	55.55555555555556	0.438036617406694	9530, 11236, 55294, 6720, 4692	9	6948	16792	1.3426725516535534	1.0	0.9790369454286609	99.98649820188432
GOTERM_CC_ALL	GO:0044464~cell part	9	100.0	0.4404476792069695	3305, 9530, 11236, 51127, 283514, 55294, 25793, 6720, 4692	9	16449	18224	1.1079092953978964	1.0	0.9856352711382409	99.83085744680238
GOTERM_BP_ALL	GO:0034645~cellular macromolecule biosynthetic process	4	44.44444444444444	0.4443574186497136	11236, 55294, 6720, 4692	9	5012	16792	1.4890485058082823	1.0	0.979955928566753	99.98866445139234
GOTERM_CC_ALL	GO:0005623~cell	9	100.0	0.446699648547176	3305, 9530, 11236, 51127, 283514, 55294, 25793, 6720, 4692	9	16478	18224	1.105959461099648	1.0	0.9819778574797082	99.850509230428
GOTERM_BP_ALL	GO:0032501~multicellular organismal process	5	55.55555555555556	0.44907007252581116	283514, 55294, 25793, 6720, 4692	9	7027	16792	1.3275777556409405	1.0	0.9804641878879279	99.99006307061575
GOTERM_BP_ALL	GO:0090304~nucleic acid metabolic process	4	44.44444444444444	0.4664221640394565	9530, 55294, 6720, 4692	9	5158	16792	1.446900176640386	1.0	0.983667986493644	99.99394136392613
GOTERM_BP_ALL	GO:0009059~macromolecule biosynthetic process	4	44.44444444444444	0.4689835699187651	11236, 55294, 6720, 4692	9	5175	16792	1.4421470746108427	1.0	0.9836618931628315	99.99437573958782
GOTERM_BP_ALL	GO:0010467~gene expression	4	44.44444444444444	0.4886512699882149	11236, 55294, 6720, 4692	9	5306	16792	1.406541860367718	1.0	0.9867835552394951	99.99686196466614
GOTERM_BP_ALL	GO:0044699~single-organism process	8	88.88888888888889	0.49342569344322623	3305, 9530, 11236, 283514, 55294, 25793, 6720, 4692	9	13377	16792	1.1158123811185037	1.0	0.9871391786734115	99.99728561218525
GOTERM_CC_ALL	GO:0044446~intracellular organelle part	5	55.55555555555556	0.5271771410989476	3305, 11236, 55294, 6720, 4692	9	8233	18224	1.2297393956570442	1.0	0.9912952371766073	99.97343744150984
GOTERM_BP_ALL	GO:0009987~cellular process	9	100.0	0.5429417977283182	3305, 9530, 11236, 51127, 283514, 55294, 25793, 6720, 4692	9	15558	16792	1.0793161074688264	1.0	0.9930869675133067	99.99944660997588
GOTERM_CC_ALL	GO:0044422~organelle part	5	55.55555555555556	0.5503857454285407	3305, 11236, 55294, 6720, 4692	9	8415	18224	1.2031425364758699	1.0	0.9913156378581484	99.98472429021503
GOTERM_BP_ALL	GO:0007165~signal transduction	4	44.44444444444444	0.5575971989476498	9530, 55294, 6720, 4692	9	5775	16792	1.2923136123136123	1.0	0.9941583161642975	99.99966564276093
GOTERM_BP_ALL	GO:0006139~nucleobase-containing compound metabolic process	4	44.44444444444444	0.5603280553602092	9530, 55294, 6720, 4692	9	5794	16792	1.2880757872128255	1.0	0.9941621846942202	99.99969616624689
GOTERM_BP_ALL	GO:0046483~heterocycle metabolic process	4	44.44444444444444	0.5781487376423022	9530, 55294, 6720, 4692	9	5919	16792	1.2608736460738488	1.0	0.9953115761921625	99.99983974104683
GOTERM_MF_ALL	GO:1901363~heterocyclic compound binding	4	44.44444444444444	0.5810488144778055	3305, 9530, 6720, 4692	9	5971	16881	1.2565176129068272	1.0	0.9996355087092327	99.99239924500165
GOTERM_BP_ALL	GO:0006725~cellular aromatic compound metabolic process	4	44.44444444444444	0.5846401045795603	9530, 55294, 6720, 4692	9	5965	16792	1.2511502281829188	1.0	0.9955691478510689	99.99987390441387
GOTERM_MF_ALL	GO:0097159~organic cyclic compound binding	4	44.44444444444444	0.5923647181968543	3305, 9530, 6720, 4692	9	6052	16881	1.2397003745318351	1.0	0.9994031233202464	99.99436083422223
GOTERM_BP_ALL	GO:0044249~cellular biosynthetic process	4	44.44444444444444	0.6059536497735298	11236, 55294, 6720, 4692	9	6118	16792	1.2198612473212016	1.0	0.9966622025879747	99.9999441518305
GOTERM_BP_ALL	GO:1901360~organic cyclic compound metabolic process	4	44.44444444444444	0.6102176838392366	9530, 55294, 6720, 4692	9	6149	16792	1.213711353246237	1.0	0.9967449938814025	99.99995279848697
GOTERM_BP_ALL	GO:0044700~single organism signaling	4	44.44444444444444	0.6181440959802493	9530, 55294, 6720, 4692	9	6207	16792	1.2023700839553908	1.0	0.997004530524898	99.99996564350764
GOTERM_BP_ALL	GO:1901576~organic substance biosynthetic process	4	44.44444444444444	0.6208614991416996	11236, 55294, 6720, 4692	9	6227	16792	1.198508288278643	1.0	0.9970092880906652	99.99996923502376
GOTERM_BP_ALL	GO:0023052~signaling	4	44.44444444444444	0.6253271275126874	9530, 55294, 6720, 4692	9	6260	16792	1.192190273340433	1.0	0.997096441087711	99.99997438448618
GOTERM_BP_ALL	GO:0007154~cell communication	4	44.44444444444444	0.6273494326051485	9530, 55294, 6720, 4692	9	6275	16792	1.1893404161133243	1.0	0.9970705689143974	99.99997644061082
GOTERM_BP_ALL	GO:0009058~biosynthetic process	4	44.44444444444444	0.6333877214543691	11236, 55294, 6720, 4692	9	6320	16792	1.1808720112517581	1.0	0.9972283237414844	99.99998169894847

