Annotation Cluster 1	Enrichment Score: 1.7788038977586476
Category	Term	Count	%	PValue	Genes	List Total	Pop Hits	Pop Total	Fold Enrichment	Bonferroni	Benjamini	FDR
GOTERM_MF_ALL	GO:0051082~unfolded protein binding	5	45.45454545454545	3.477659852447448E-7	3304, 3303, 3313, 3336, 3329	11	110	16881	69.75619834710744	4.034004761976906E-5	4.034004761976906E-5	3.967595272436064E-4
GOTERM_BP_ALL	GO:0006986~response to unfolded protein	5	45.45454545454545	2.1276250643251447E-6	3304, 3303, 5610, 3336, 3329	11	172	16792	44.376321353065535	0.002174195761187603	0.002174195761187603	0.003371275113916994
GOTERM_BP_ALL	GO:0035966~response to topologically incorrect protein	5	45.45454545454545	3.031927404021624E-6	3304, 3303, 5610, 3336, 3329	11	188	16792	40.59961315280464	0.0030968612383210914	0.001549631297739995	0.0048041325351855235
GOTERM_MF_ALL	GO:0097367~carbohydrate derivative binding	9	81.81818181818183	3.3437836996023394E-6	3304, 3303, 3313, 9361, 5610, 81570, 3336, 3329, 351	11	2241	16881	6.163198247535597	3.878043420955102E-4	1.9392097371973005E-4	0.003814799060675167
GOTERM_MF_ALL	GO:0005524~ATP binding	8	72.72727272727273	3.979532528954681E-6	3304, 3303, 3313, 9361, 5610, 81570, 3336, 3329	11	1495	16881	8.212100942535725	4.615201586805062E-4	1.53863725725345E-4	0.004540086347615269
GOTERM_MF_ALL	GO:0032559~adenyl ribonucleotide binding	8	72.72727272727273	4.6739416306414494E-6	3304, 3303, 3313, 9361, 5610, 81570, 3336, 3329	11	1531	16881	8.019001246956831	5.420315440063384E-4	1.3553543829447623E-4	0.005332290097781467
GOTERM_MF_ALL	GO:0030554~adenyl nucleotide binding	8	72.72727272727273	4.905523497412807E-6	3304, 3303, 3313, 9361, 5610, 81570, 3336, 3329	11	1542	16881	7.961796957905907	5.688802476634391E-4	1.1380194835208801E-4	0.005596484704051274
GOTERM_CC_ALL	GO:0005739~mitochondrion	8	72.72727272727273	5.657168436949717E-6	3304, 8192, 3303, 3313, 9361, 81570, 3336, 3329	11	1700	18224	7.796363636363636	0.0010064719970549474	0.0010064719970549474	0.00695498178066023
GOTERM_BP_ALL	GO:0006457~protein folding	5	45.45454545454545	6.634499400117738E-6	3304, 3303, 3313, 3336, 3329	11	229	16792	33.33068678046844	0.006764134952842782	0.0022598145660421842	0.010512178518207183
GOTERM_BP_ALL	GO:0009408~response to heat	4	36.36363636363637	1.5702400202924832E-5	3304, 3303, 81570, 3329	11	87	16792	70.18599791013584	0.015935348679827488	0.004007867357215034	0.024878338865452765
GOTERM_MF_ALL	GO:0035639~purine ribonucleoside triphosphate binding	8	72.72727272727273	1.615744841598281E-5	3304, 3303, 3313, 9361, 5610, 81570, 3336, 3329	11	1841	16881	6.668707718137376	0.0018725237937506911	3.123310741716123E-4	0.01843220564023973
GOTERM_MF_ALL	GO:0032550~purine ribonucleoside binding	8	72.72727272727273	1.6693709727620143E-5	3304, 3303, 3313, 9361, 5610, 81570, 3336, 3329	11	1850	16881	6.636265356265356	0.0019346127117594314	2.7660266585760596E-4	0.019043912375149574
GOTERM_MF_ALL	GO:0001883~purine nucleoside binding	8	72.72727272727273	1.6875762388016525E-5	3304, 3303, 3313, 9361, 5610, 81570, 3336, 3329	11	1853	16881	6.625521267723103	0.0019556900962365287	2.4467068263289704E-4	0.01925157684731227
GOTERM_MF_ALL	GO:0032549~ribonucleoside binding	8	72.72727272727273	1.6875762388016525E-5	3304, 3303, 3313, 9361, 5610, 81570, 3336, 3329	11	1853	16881	6.625521267723103	0.0019556900962365287	2.4467068263289704E-4	0.01925157684731227
GOTERM_MF_ALL	GO:0001882~nucleoside binding	8	72.72727272727273	1.730706736741746E-5	3304, 3303, 3313, 9361, 5610, 81570, 3336, 3329	11	1860	16881	6.60058651026393	0.002005623232282816	2.2304592020738756E-4	0.01974355776496184
GOTERM_MF_ALL	GO:0032555~purine ribonucleotide binding	8	72.72727272727273	1.8857035628902422E-5	3304, 3303, 3313, 9361, 5610, 81570, 3336, 3329	11	1884	16881	6.516502605674581	0.0021850460610001177	2.1871975307652392E-4	0.021511557164244355
GOTERM_MF_ALL	GO:0017076~purine nucleotide binding	8	72.72727272727273	1.9744312881214036E-5	3304, 3303, 3313, 9361, 5610, 81570, 3336, 3329	11	1897	16881	6.471845497675757	0.0022877420253007985	2.0819313435693765E-4	0.022523633211091187
GOTERM_MF_ALL	GO:0032553~ribonucleotide binding	8	72.72727272727273	1.9953985578768466E-5	3304, 3303, 3313, 9361, 5610, 81570, 3336, 3329	11	1900	16881	6.461626794258374	0.0023120086022417885	1.9287184956717773E-4	0.022762795775888023
GOTERM_CC_ALL	GO:0005759~mitochondrial matrix	5	45.45454545454545	5.478573172866824E-5	8192, 3313, 9361, 3336, 3329	11	425	18224	19.49090909090909	0.009704729596127892	0.004864194994536386	0.06733546549665403
GOTERM_BP_ALL	GO:0006979~response to oxidative stress	5	45.45454545454545	5.6043481944139306E-5	3304, 3303, 9361, 3329, 351	11	394	16792	19.372404245500693	0.055721456076332165	0.011401324347131148	0.08876676840908759
GOTERM_BP_ALL	GO:0009266~response to temperature stimulus	4	36.36363636363637	7.388814788459242E-5	3304, 3303, 81570, 3329	11	146	16792	41.823163138231635	0.07280406203561307	0.012519367103679069	0.11701527610763485
GOTERM_MF_ALL	GO:0016887~ATPase activity	5	45.45454545454545	8.365845819426956E-5	3304, 3303, 9361, 81570, 3329	11	439	16881	17.478774073307104	0.009657847622230653	7.462435063264605E-4	0.0954029544933288
GOTERM_MF_ALL	GO:0000166~nucleotide binding	8	72.72727272727273	9.125552282403211E-5	3304, 3303, 3313, 9361, 5610, 81570, 3336, 3329	11	2389	16881	5.139008333650444	0.010530287870760047	7.558658805006946E-4	0.10406242830790502
GOTERM_MF_ALL	GO:1901265~nucleoside phosphate binding	8	72.72727272727273	9.150742309401257E-5	3304, 3303, 3313, 9361, 5610, 81570, 3336, 3329	11	2390	16881	5.136858120958539	0.010559202822359004	7.074394318337118E-4	0.10434954376445926
GOTERM_MF_ALL	GO:0036094~small molecule binding	8	72.72727272727273	1.4780938648399018E-4	3304, 3303, 3313, 9361, 5610, 81570, 3336, 3329	11	2571	16881	4.775220112442983	0.017000980329390458	0.001071123195003243	0.16850352995751994
GOTERM_BP_ALL	GO:0009628~response to abiotic stimulus	6	54.54545454545454	1.6636362825187814E-4	3304, 3303, 9361, 81570, 3329, 351	11	1029	16792	8.90113967664988	0.15650739998298568	0.024021653295922096	0.26328621427039733
GOTERM_BP_ALL	GO:0006915~apoptotic process	7	63.63636363636363	1.8230150673798908E-4	3304, 3303, 3313, 5610, 3336, 3329, 351	11	1747	16792	6.1166675339543115	0.17015093370743606	0.0230442604012997	0.2884752992878159
GOTERM_BP_ALL	GO:0012501~programmed cell death	7	63.63636363636363	2.528768192369325E-4	3304, 3303, 3313, 5610, 3336, 3329, 351	11	1852	16792	5.769880227763597	0.2279652371126466	0.02833802760921622	0.39994472523322555
GOTERM_BP_ALL	GO:0008219~cell death	7	63.63636363636363	3.4498129602472167E-4	3304, 3303, 3313, 5610, 3336, 3329, 351	11	1958	16792	5.457516946791717	0.29740647469142034	0.034681977994297064	0.5452425618141188
GOTERM_MF_ALL	GO:0031625~ubiquitin protein ligase binding	4	36.36363636363637	5.341231303538938E-4	3304, 3303, 3313, 3329	11	287	16881	21.388660120367437	0.06009346140836713	0.003638941516280525	0.6076808181528781
GOTERM_MF_ALL	GO:0044389~ubiquitin-like protein ligase binding	4	36.36363636363637	5.617483148284707E-4	3304, 3303, 3313, 3329	11	292	16881	21.02241594022416	0.06310223722092789	0.003614624455755666	0.6390186262061559
GOTERM_BP_ALL	GO:0042981~regulation of apoptotic process	6	54.54545454545454	7.055499012572323E-4	3304, 3303, 3313, 5610, 3336, 3329	11	1400	16792	6.542337662337663	0.5142359631432325	0.06353141187782674	1.1121431466803333
GOTERM_BP_ALL	GO:0043067~regulation of programmed cell death	6	54.54545454545454	7.36435671822763E-4	3304, 3303, 3313, 5610, 3336, 3329	11	1413	16792	6.482146303802354	0.5293550233081619	0.06087272846213765	1.160561972473706
GOTERM_MF_ALL	GO:0017111~nucleoside-triphosphatase activity	5	45.45454545454545	7.558553641143311E-4	3304, 3303, 9361, 81570, 3329	11	779	16881	9.850040844906056	0.08397568999144367	0.0046058014233291145	0.8589581751474951
GOTERM_BP_ALL	GO:0043066~negative regulation of apoptotic process	5	45.45454545454545	9.271134851649387E-4	3304, 3303, 3313, 5610, 3329	11	818	16792	9.33096243609691	0.612824430807059	0.07039037602767562	1.4589911668018485
GOTERM_MF_ALL	GO:0016462~pyrophosphatase activity	5	45.45454545454545	9.342292769919585E-4	3304, 3303, 9361, 81570, 3329	11	824	16881	9.31211385701677	0.10275044882106277	0.00540639501590634	1.060679038484602
GOTERM_MF_ALL	GO:0016818~hydrolase activity, acting on acid anhydrides, in phosphorus-containing anhydrides	5	45.45454545454545	9.427959706088967E-4	3304, 3303, 9361, 81570, 3329	11	826	16881	9.289566365837551	0.10364247229709345	0.005196731888676975	1.0703575762304074
GOTERM_MF_ALL	GO:0016817~hydrolase activity, acting on acid anhydrides	5	45.45454545454545	9.514187840789675E-4	3304, 3303, 9361, 81570, 3329	11	828	16881	9.267127799736494	0.10453945151439403	0.005006385782153067	1.080098645137828
GOTERM_BP_ALL	GO:0043069~negative regulation of programmed cell death	5	45.45454545454545	9.74925307696214E-4	3304, 3303, 3313, 5610, 3329	11	829	16792	9.207149906788025	0.6313232651352674	0.06879323202123533	1.5336887963525836
GOTERM_BP_ALL	GO:0010941~regulation of cell death	6	54.54545454545454	9.977456315206545E-4	3304, 3303, 3313, 5610, 3336, 3329	11	1509	16792	6.0697632387493226	0.6398387086638617	0.06581447081201697	1.5693228642242096
GOTERM_BP_ALL	GO:0045087~innate immune response	5	45.45454545454545	0.0010062546061747478	3304, 3303, 5610, 3329, 351	11	836	16792	9.130056546324488	0.6429633096128883	0.062341806386475795	1.582606584838575
GOTERM_BP_ALL	GO:0045862~positive regulation of proteolysis	4	36.36363636363637	0.0010315902445102013	3303, 3336, 3329, 351	11	358	16792	17.056373793803964	0.6521074189636273	0.06022002596892917	1.6221491775907926
GOTERM_BP_ALL	GO:0043085~positive regulation of catalytic activity	6	54.54545454545454	0.0011591089603576333	3304, 3303, 5610, 3336, 3329, 351	11	1559	16792	5.875094757711819	0.6946987287689865	0.0637888442411193	1.8209480918144783
GOTERM_BP_ALL	GO:0001819~positive regulation of cytokine production	4	36.36363636363637	0.0012824634466839589	3304, 3303, 5610, 3329	11	386	16792	15.819123881300047	0.7309349471216853	0.06676183912429479	2.012896871455594
GOTERM_BP_ALL	GO:0060548~negative regulation of cell death	5	45.45454545454545	0.0013105082807175243	3304, 3303, 3313, 5610, 3329	11	897	16792	8.509171987432856	0.7385544413486698	0.06487630122898835	2.056487642574034
GOTERM_CC_ALL	GO:0044429~mitochondrial part	5	45.45454545454545	0.001396098972913981	8192, 3313, 9361, 3336, 3329	11	990	18224	8.367309458218548	0.2201699346885475	0.06027670305582533	1.7029655058882875
GOTERM_BP_ALL	GO:0051345~positive regulation of hydrolase activity	5	45.45454545454545	0.001423119244565747	3304, 3303, 3336, 3329, 351	11	917	16792	8.32358481213443	0.7670398560016343	0.06702382474019819	2.2313387416397323
GOTERM_BP_ALL	GO:0006950~response to stress	8	72.72727272727273	0.0015292289136304448	3304, 3303, 9361, 5610, 81570, 3336, 3329, 351	11	3677	16792	3.321284644102158	0.7910371017840784	0.06869045561932186	2.3958276282960322
GOTERM_MF_ALL	GO:0016787~hydrolase activity	7	63.63636363636363	0.001599813939906728	3304, 8192, 3303, 9361, 81570, 3329, 351	11	2603	16881	4.126951419690567	0.16949972683461578	0.008042571929924192	1.810079476993498
GOTERM_BP_ALL	GO:0006508~proteolysis	6	54.54545454545454	0.0016899123688796384	8192, 3303, 9361, 3336, 3329, 351	11	1693	16792	5.41008430435483	0.8227586196740652	0.07246796445477588	2.64442208380794
GOTERM_BP_ALL	GO:0022607~cellular component assembly	7	63.63636363636363	0.0016979745514046488	3304, 8192, 3303, 9361, 5610, 3329, 351	11	2618	16792	4.081672338356831	0.8242168862692725	0.06987629108450799	2.6568794986725375
GOTERM_MF_ALL	GO:0019899~enzyme binding	6	54.54545454545454	0.002119333839460188	3304, 3303, 3313, 9361, 3329, 351	11	1789	16881	5.146907871334925	0.2181587822747797	0.010201920634772654	2.3914187892290384
GOTERM_BP_ALL	GO:0010608~posttranscriptional regulation of gene expression	4	36.36363636363637	0.0022851468740934006	3304, 3303, 5610, 351	11	472	16792	12.936825885978429	0.9037089909201722	0.08936690550498361	3.5601540803724463
GOTERM_BP_ALL	GO:0044093~positive regulation of molecular function	6	54.54545454545454	0.0024644593962964596	3304, 3303, 5610, 3336, 3329, 351	11	1840	16792	4.9778656126482215	0.9198819175516106	0.09252265817868421	3.8344298060527082
GOTERM_BP_ALL	GO:0010033~response to organic substance	7	63.63636363636363	0.0025402606386897013	3304, 3303, 9361, 5610, 3336, 3329, 351	11	2822	16792	3.7866116873912765	0.925874294532656	0.09187215112966385	3.9501551734685503
GOTERM_CC_ALL	GO:0070013~intracellular organelle lumen	8	72.72727272727273	0.0025434379468296	3304, 8192, 3303, 3313, 9361, 3336, 3329, 351	11	4328	18224	3.062342463451521	0.36447806986270037	0.08667339592297796	3.0825038450469022
GOTERM_CC_ALL	GO:0043233~organelle lumen	8	72.72727272727273	0.0028182319734163775	3304, 8192, 3303, 3313, 9361, 3336, 3329, 351	11	4400	18224	3.0122314049586776	0.3948951308749098	0.08031640180419675	3.4102598721911126
GOTERM_BP_ALL	GO:0044085~cellular component biogenesis	7	63.63636363636363	0.0030137774151394914	3304, 8192, 3303, 9361, 5610, 3329, 351	11	2914	16792	3.667061833156548	0.954395529557547	0.10441376948945491	4.670122737489768
GOTERM_CC_ALL	GO:0031974~membrane-enclosed lumen	8	72.72727272727273	0.0030524883434175135	3304, 8192, 3303, 3313, 9361, 3336, 3329, 351	11	4457	18224	2.9737083647785916	0.41967900596466745	0.07479424393833045	3.6888609342139334
GOTERM_BP_ALL	GO:0001817~regulation of cytokine production	4	36.36363636363637	0.004042612987079775	3304, 3303, 5610, 3329	11	577	16792	10.582637466519616	0.9841403159540772	0.13315551450730212	6.217044215327405
GOTERM_CC_ALL	GO:0048471~perinuclear region of cytoplasm	4	36.36363636363637	0.00428125381768158	3304, 3303, 5610, 351	11	639	18224	10.370749751031441	0.5340603424528743	0.0910474559520511	5.13817796763425
GOTERM_MF_ALL	GO:1901363~heterocyclic compound binding	9	81.81818181818183	0.005184275584588515	3304, 3303, 3313, 9361, 5610, 81570, 3336, 3329, 351	11	5971	16881	2.3131346964875688	0.45279962419247843	0.023829103511264105	5.757633827091169
GOTERM_BP_ALL	GO:0001816~cytokine production	4	36.36363636363637	0.0051995577388985635	3304, 3303, 5610, 3329	11	631	16792	9.676991787926813	0.9951705577643545	0.16286294516226008	7.928481297643685
GOTERM_MF_ALL	GO:0003824~catalytic activity	9	81.81818181818183	0.0054806213245149425	3304, 8192, 3303, 644, 9361, 5610, 81570, 3329, 351	11	6018	16881	2.2950693374422193	0.47138802533209334	0.024221099641856147	6.077427655958568
GOTERM_BP_ALL	GO:0051336~regulation of hydrolase activity	5	45.45454545454545	0.005685614603817014	3304, 3303, 3336, 3329, 351	11	1337	16792	5.708846127694295	0.9970706699683348	0.17151843618229312	8.638725992611596
GOTERM_MF_ALL	GO:0097159~organic cyclic compound binding	9	81.81818181818183	0.005703675034701291	3304, 3303, 3313, 9361, 5610, 81570, 3336, 3329, 351	11	6052	16881	2.2821756894790606	0.48496496949278345	0.024275325492108535	6.317476906355468
GOTERM_BP_ALL	GO:0007005~mitochondrion organization	4	36.36363636363637	0.005723338864401891	3304, 3303, 9361, 3329	11	653	16792	9.350967562299875	0.9971821888082408	0.16764278857153658	8.693634901616743
GOTERM_BP_ALL	GO:0031347~regulation of defense response	4	36.36363636363637	0.006304345641089686	3304, 3303, 5610, 3329	11	676	16792	9.032813340505648	0.9984504037895148	0.17803162700722497	9.535414136570408
GOTERM_BP_ALL	GO:0002682~regulation of immune system process	5	45.45454545454545	0.006337965629648565	3304, 3303, 3313, 5610, 3329	11	1378	16792	5.538989312574218	0.9985031208841219	0.17411941498273864	9.5839005055403
GOTERM_BP_ALL	GO:0032270~positive regulation of cellular protein metabolic process	5	45.45454545454545	0.007057752568469238	3303, 5610, 3336, 3329, 351	11	1420	16792	5.3751600512163895	0.9992867511425845	0.18699614961385924	10.616146890265865
GOTERM_BP_ALL	GO:0030162~regulation of proteolysis	4	36.36363636363637	0.007170713327403751	3303, 3336, 3329, 351	11	708	16792	8.624550590652287	0.999365115223305	0.1849467756577644	10.777138017856892
GOTERM_BP_ALL	GO:0032268~regulation of cellular protein metabolic process	6	54.54545454545454	0.00724183412417511	3304, 3303, 5610, 3336, 3329, 351	11	2346	16792	3.9042083236456637	0.9994099785785525	0.1820511310545787	10.878359625141021
GOTERM_BP_ALL	GO:0050790~regulation of catalytic activity	6	54.54545454545454	0.0073908876256619915	3304, 3303, 5610, 3336, 3329, 351	11	2357	16792	3.885987580514521	0.9994939915960647	0.1810312909210534	11.090148871377636
GOTERM_BP_ALL	GO:0051247~positive regulation of protein metabolic process	5	45.45454545454545	0.0087434433119334	3303, 5610, 3336, 3329, 351	11	1508	16792	5.061490233904027	0.9998745840812068	0.20574901770011145	12.990551004966932
GOTERM_CC_ALL	GO:0044421~extracellular region part	7	63.63636363636363	0.008751005640457398	3304, 3303, 3313, 644, 3336, 3329, 351	11	3878	18224	2.99048244174598	0.7908146667699576	0.144828688518018	10.242871277317134
GOTERM_BP_ALL	GO:0006952~defense response	5	45.45454545454545	0.008950792997966929	3304, 3303, 5610, 3329, 351	11	1518	16792	5.028147083483051	0.9998987468877114	0.20542442741103284	13.278499948815748
GOTERM_BP_ALL	GO:0044267~cellular protein metabolic process	8	72.72727272727273	0.008959932505775176	3304, 8192, 3303, 9361, 5610, 3336, 3329, 351	11	4900	16792	2.4923191094619668	0.9998996976383084	0.20113939687436033	13.291171523812862
GOTERM_BP_ALL	GO:0002376~immune system process	6	54.54545454545454	0.008976007276050189	3304, 3303, 3313, 5610, 3329, 351	11	2465	16792	3.7157293011248385	0.9999013482528626	0.19717379022928783	13.31345436415936
GOTERM_BP_ALL	GO:0006955~immune response	5	45.45454545454545	0.00965868931661041	3304, 3303, 5610, 3329, 351	11	1551	16792	4.921165230642987	0.9999512529879653	0.2061842326266392	14.254851078755415
GOTERM_BP_ALL	GO:0051246~regulation of protein metabolic process	6	54.54545454545454	0.00973778877491279	3304, 3303, 5610, 3336, 3329, 351	11	2512	16792	3.646207295888824	0.9999550777731051	0.2034880392105164	14.363305352489242
GOTERM_MF_ALL	GO:0003723~RNA binding	5	45.45454545454545	0.011938278453710729	3313, 9361, 5610, 3336, 3329	11	1656	16881	4.633563899868247	0.7517137563751637	0.04690476444035474	12.804835261512991
GOTERM_BP_ALL	GO:0051239~regulation of multicellular organismal process	6	54.54545454545454	0.012423319161735584	3304, 3303, 3313, 5610, 3329, 351	11	2659	16792	3.444630585661048	0.9999972077415682	0.2473782040335455	17.970128479773052
GOTERM_BP_ALL	GO:0033554~cellular response to stress	5	45.45454545454545	0.015423482706805578	3304, 3303, 9361, 5610, 81570	11	1773	16792	4.304978721222375	0.9999998757743496	0.2922593212255833	21.831004940896072
GOTERM_BP_ALL	GO:0031325~positive regulation of cellular metabolic process	6	54.54545454545454	0.016390789866788227	3304, 3303, 5610, 3336, 3329, 351	11	2839	16792	3.226232027922764	0.9999999545529035	0.3021264693851964	23.039072193511977
GOTERM_BP_ALL	GO:0016032~viral process	4	36.36363636363637	0.01679132392897755	3304, 3303, 5610, 3329	11	966	16792	6.321099190664408	0.9999999700392027	0.3029538569762479	23.534158484244884
GOTERM_BP_ALL	GO:0010604~positive regulation of macromolecule metabolic process	6	54.54545454545454	0.01680691302419343	3304, 3303, 5610, 3336, 3329, 351	11	2856	16792	3.2070282658517955	0.9999999705212507	0.2980332987005597	23.55336716434635
GOTERM_BP_ALL	GO:0019538~protein metabolic process	8	72.72727272727273	0.01693748688772531	3304, 8192, 3303, 9361, 5610, 3336, 3329, 351	11	5457	16792	2.2379262665134023	0.9999999742663324	0.2949660445124165	23.71408115513556
GOTERM_BP_ALL	GO:0065009~regulation of molecular function	6	54.54545454545454	0.01698041693888336	3304, 3303, 5610, 3336, 3329, 351	11	2863	16792	3.1991871209475122	0.9999999753906839	0.29073933740140845	23.766851488394448
GOTERM_BP_ALL	GO:0044764~multi-organism cellular process	4	36.36363636363637	0.017120928366520037	3304, 3303, 5610, 3329	11	973	16792	6.275623656918621	0.9999999787387014	0.28804318793511197	23.939331416896405
GOTERM_BP_ALL	GO:0042221~response to chemical	7	63.63636363636363	0.01788505915099657	3304, 3303, 9361, 5610, 3336, 3329, 351	11	4117	16792	2.595535142535385	0.9999999904048603	0.2941410121499327	24.870930944052116
GOTERM_BP_ALL	GO:0032269~negative regulation of cellular protein metabolic process	4	36.36363636363637	0.01803447997158905	3304, 3303, 5610, 351	11	992	16792	6.155425219941349	0.999999991787941	0.2916178147219143	25.051845027366248
GOTERM_BP_ALL	GO:0044419~interspecies interaction between organisms	4	36.36363636363637	0.018328729072507335	3304, 3303, 5610, 3329	11	998	16792	6.118418655492803	0.9999999939563233	0.2911258932041063	25.406920022289125
GOTERM_BP_ALL	GO:0044403~symbiosis, encompassing mutualism through parasitism	4	36.36363636363637	0.018328729072507335	3304, 3303, 5610, 3329	11	998	16792	6.118418655492803	0.9999999939563233	0.2911258932041063	25.406920022289125
GOTERM_BP_ALL	GO:0051248~negative regulation of protein metabolic process	4	36.36363636363637	0.02094217214810449	3304, 3303, 5610, 351	11	1049	16792	5.8209550220989685	0.9999999996046917	0.3206585049315557	28.49216762127982
GOTERM_CC_ALL	GO:0005576~extracellular region	7	63.63636363636363	0.021167453877198487	3304, 3303, 3313, 644, 3336, 3329, 351	11	4623	18224	2.5085638998682476	0.9778131620712256	0.2719275168693599	23.12865723905886
GOTERM_BP_ALL	GO:0009893~positive regulation of metabolic process	6	54.54545454545454	0.022159390215338262	3304, 3303, 5610, 3336, 3329, 351	11	3052	16792	3.0010723221732394	0.9999999998892777	0.33113655814857856	29.88794545092608
GOTERM_CC_ALL	GO:0005829~cytosol	6	54.54545454545454	0.024652383173190077	3304, 3303, 644, 5610, 3329, 351	11	3399	18224	2.9244965096686193	0.9882407930805924	0.2894943416006607	26.426636511098167
GOTERM_MF_ALL	GO:0044822~poly(A) RNA binding	4	36.36363636363637	0.029207594877996533	3313, 5610, 3336, 3329	11	1196	16881	5.132563089084828	0.9678886235017085	0.10829343493410537	28.693853922219347
GOTERM_CC_ALL	GO:0030054~cell junction	4	36.36363636363637	0.03467628345348622	3304, 3303, 3313, 351	11	1379	18224	4.805590348737557	0.9981302231516775	0.36154860344035356	35.2019473328371
GOTERM_BP_ALL	GO:0080134~regulation of response to stress	4	36.36363636363637	0.035696452149868975	3304, 3303, 5610, 3329	11	1285	16792	4.751892465511143	0.9999999999999999	0.47329981735158133	43.78409550641826
GOTERM_CC_ALL	GO:0005615~extracellular space	4	36.36363636363637	0.039055420600595046	3304, 3303, 3329, 351	11	1444	18224	4.589272223621254	0.9991676523602842	0.35802362370241514	38.724789632435986
GOTERM_BP_ALL	GO:0051704~multi-organism process	5	45.45454545454545	0.03936975824865028	3304, 3303, 5610, 3329, 351	11	2341	16792	3.2604559046250627	1.0	0.5016399802659997	47.083010658090416
GOTERM_BP_ALL	GO:0031324~negative regulation of cellular metabolic process	5	45.45454545454545	0.03959027784104568	3304, 3303, 5610, 3329, 351	11	2345	16792	3.2548943593719715	1.0	0.49779140751758	47.27516586128772
GOTERM_BP_ALL	GO:0065008~regulation of biological quality	6	54.54545454545454	0.040796015769578274	3304, 3303, 3313, 5610, 3329, 351	11	3548	16792	2.5815312083632262	1.0	0.5026774657937061	48.31430819201981
GOTERM_CC_ALL	GO:0044428~nuclear part	6	54.54545454545454	0.04653267694686962	3304, 3303, 3313, 9361, 3329, 351	11	3981	18224	2.4969514283756933	0.9997927784940636	0.3928168713720631	44.33587458216296
GOTERM_BP_ALL	GO:0051240~positive regulation of multicellular organismal process	4	36.36363636363637	0.047035746655979274	3304, 3303, 5610, 3329	11	1431	16792	4.267073248205324	1.0	0.5483894623945762	53.39221974776264
GOTERM_BP_ALL	GO:0006461~protein complex assembly	4	36.36363636363637	0.048211567216528646	8192, 9361, 5610, 3329	11	1445	16792	4.2257313620635415	1.0	0.5517324143637284	54.29515316413358
GOTERM_BP_ALL	GO:0070271~protein complex biogenesis	4	36.36363636363637	0.04829614363930723	8192, 9361, 5610, 3329	11	1446	16792	4.2228090028919905	1.0	0.5467214430621894	54.35946496491335
GOTERM_CC_ALL	GO:0043232~intracellular non-membrane-bounded organelle	6	54.54545454545454	0.048628273357646926	3304, 3303, 3313, 9361, 5610, 351	11	4026	18224	2.469042135212031	0.9998599307373836	0.38918747247355956	45.82148446660996
GOTERM_CC_ALL	GO:0043228~non-membrane-bounded organelle	6	54.54545454545454	0.048628273357646926	3304, 3303, 3313, 9361, 5610, 351	11	4026	18224	2.469042135212031	0.9998599307373836	0.38918747247355956	45.82148446660996
GOTERM_CC_ALL	GO:0043231~intracellular membrane-bounded organelle	10	90.9090909090909	0.04975167502226479	3304, 8192, 3303, 3313, 9361, 5610, 81570, 3336, 3329, 351	11	11035	18224	1.5013387156567943	0.999886497332834	0.38003276137481434	46.602804063600125
GOTERM_BP_ALL	GO:0009892~negative regulation of metabolic process	5	45.45454545454545	0.05012118939302692	3304, 3303, 5610, 3329, 351	11	2522	16792	3.02645807800447	1.0	0.5548239199633941	55.726744965222274
GOTERM_BP_ALL	GO:0009719~response to endogenous stimulus	4	36.36363636363637	0.057333218045365925	3303, 9361, 3329, 351	11	1548	16792	3.9445618980502704	1.0	0.5995464439738114	60.763260912801776
GOTERM_BP_ALL	GO:0070887~cellular response to chemical stimulus	5	45.45454545454545	0.058552557875006774	3304, 3303, 9361, 5610, 351	11	2648	16792	2.88244987640758	1.0	0.6019832601608179	61.559787902975096
GOTERM_BP_ALL	GO:0031399~regulation of protein modification process	4	36.36363636363637	0.06858462879176405	3304, 3303, 5610, 351	11	1664	16792	3.6695804195804196	1.0	0.6512474612414632	67.5614263764315
GOTERM_BP_ALL	GO:0044710~single-organism metabolic process	6	54.54545454545454	0.06902888815612357	3304, 3303, 644, 5610, 3329, 351	11	4063	16792	2.254312755912559	1.0	0.648419463808432	67.80572665477189
GOTERM_BP_ALL	GO:0071822~protein complex subunit organization	4	36.36363636363637	0.0696022730067897	8192, 9361, 5610, 3329	11	1674	16792	3.6476593895948737	1.0	0.6463581496041924	68.11848596529867
GOTERM_MF_ALL	GO:0003676~nucleic acid binding	6	54.54545454545454	0.06983012759339291	3313, 9361, 5610, 3336, 3329, 351	11	4097	16881	2.247453791022256	0.9997744601999105	0.23728543754017606	56.21429768980697
GOTERM_BP_ALL	GO:0065003~macromolecular complex assembly	4	36.36363636363637	0.07332756967844406	8192, 9361, 5610, 3329	11	1710	16792	3.5708665603402445	1.0	0.6610957403521933	70.08219242339263
GOTERM_BP_ALL	GO:0048523~negative regulation of cellular process	6	54.54545454545454	0.08536096778110099	3304, 3303, 3313, 5610, 3329, 351	11	4300	16792	2.1300634249471457	1.0	0.7136050157134319	75.67893430416454
GOTERM_BP_ALL	GO:0009889~regulation of biosynthetic process	6	54.54545454545454	0.08825722645816336	3304, 3303, 9361, 5610, 3329, 351	11	4339	16792	2.1109178905906263	1.0	0.7212197054488634	76.87099285652367
GOTERM_BP_ALL	GO:0080090~regulation of primary metabolic process	7	63.63636363636363	0.08940485971046933	3304, 3303, 9361, 5610, 3336, 3329, 351	11	5798	16792	1.8430179685785066	1.0	0.7212611673918767	77.32801859832605
GOTERM_BP_ALL	GO:0060255~regulation of macromolecule metabolic process	7	63.63636363636363	0.0905598001231274	3304, 3303, 9361, 5610, 3336, 3329, 351	11	5815	16792	1.8376299538810288	1.0	0.7213376304949365	77.77940211249243
GOTERM_BP_ALL	GO:0031323~regulation of cellular metabolic process	7	63.63636363636363	0.0925525637386179	3304, 3303, 9361, 5610, 3336, 3329, 351	11	5844	16792	1.8285109825150891	1.0	0.7248128136875256	78.53849283266933
GOTERM_BP_ALL	GO:0046483~heterocycle metabolic process	7	63.63636363636363	0.09783889853543441	3304, 3303, 644, 9361, 5610, 3329, 351	11	5919	16792	1.8053418114239197	1.0	0.736392740625647	80.43615754646991
GOTERM_BP_ALL	GO:0044707~single-multicellular organism process	7	63.63636363636363	0.09957112827572334	3304, 3303, 3313, 5610, 3336, 3329, 351	11	5943	16792	1.7980511832101937	1.0	0.7384697943473895	81.02297437190322
GOTERM_CC_ALL	GO:0032991~macromolecular complex	6	54.54545454545454	0.0996720758782198	3304, 8192, 3303, 5610, 3329, 351	11	4868	18224	2.041981026368865	0.9999999923558677	0.5264856685807429	72.49701725608075
GOTERM_CC_ALL	GO:0043229~intracellular organelle	10	90.9090909090909	0.10079272359686144	3304, 8192, 3303, 3313, 9361, 5610, 81570, 3336, 3329, 351	11	12099	18224	1.3693092592175162	0.9999999938758385	0.5168108448421396	72.91495204564316
GOTERM_BP_ALL	GO:0006725~cellular aromatic compound metabolic process	7	63.63636363636363	0.1011763740832695	3304, 3303, 644, 9361, 5610, 3329, 351	11	5965	16792	1.79141964489827	1.0	0.7400284439921442	81.55201437248569
GOTERM_CC_ALL	GO:0044446~intracellular organelle part	8	72.72727272727273	0.10399726452162042	3304, 8192, 3303, 3313, 9361, 3336, 3329, 351	11	8233	18224	1.609840663405585	0.9999999967561428	0.5151639784508555	74.07807354240221
GOTERM_BP_ALL	GO:0048584~positive regulation of response to stimulus	4	36.36363636363637	0.11051853636708099	3304, 3303, 5610, 3329	11	2030	16792	3.007971339005822	1.0	0.7638994508270087	84.36676822888539
GOTERM_BP_ALL	GO:0048519~negative regulation of biological process	6	54.54545454545454	0.11114403541784204	3304, 3303, 3313, 5610, 3329, 351	11	4623	16792	1.9812400448351126	1.0	0.7618561112871848	84.54006041597306
GOTERM_BP_ALL	GO:0016043~cellular component organization	7	63.63636363636363	0.11209609484065025	3304, 8192, 3303, 9361, 5610, 3329, 351	11	6109	16792	1.7491926963198858	1.0	0.760905703951186	84.80037402708871
GOTERM_BP_ALL	GO:1901360~organic cyclic compound metabolic process	7	63.63636363636363	0.11525709844598842	3304, 3303, 644, 9361, 5610, 3329, 351	11	6149	16792	1.737813983057112	1.0	0.7669920727687691	85.63551251066166
GOTERM_CC_ALL	GO:0044422~organelle part	8	72.72727272727273	0.11620912512211788	3304, 8192, 3303, 3313, 9361, 3336, 3329, 351	11	8415	18224	1.5750229568411387	0.9999999997180232	0.5440300828011004	78.10251405202095
GOTERM_BP_ALL	GO:0019222~regulation of metabolic process	7	63.63636363636363	0.11701943286730083	3304, 3303, 9361, 5610, 3336, 3329, 351	11	6171	16792	1.7316185677877463	1.0	0.7685484878119927	86.0822554045221
GOTERM_BP_ALL	GO:0048522~positive regulation of cellular process	6	54.54545454545454	0.12185511744047255	3304, 3303, 5610, 3336, 3329, 351	11	4744	16792	1.9307067300321936	1.0	0.7792214981484689	87.2421407453269
GOTERM_BP_ALL	GO:0071840~cellular component organization or biogenesis	7	63.63636363636363	0.12474000921529584	3304, 8192, 3303, 9361, 5610, 3329, 351	11	6265	16792	1.705637379380396	1.0	0.7837772156193272	87.89030977431315
GOTERM_BP_ALL	GO:0071310~cellular response to organic substance	4	36.36363636363637	0.1311232917131278	3304, 3303, 5610, 351	11	2186	16792	2.7933128171005572	1.0	0.7976246096367309	89.216458011585
GOTERM_BP_ALL	GO:1901564~organonitrogen compound metabolic process	4	36.36363636363637	0.13595033694318212	3304, 3303, 644, 5610	11	2221	16792	2.749293929843232	1.0	0.8065434378101627	90.12757064164377
GOTERM_CC_ALL	GO:0005634~nucleus	7	63.63636363636363	0.1448678911419523	3304, 3303, 3313, 9361, 5610, 3329, 351	11	7048	18224	1.645444226602002	0.9999999999992022	0.5928643813995618	85.39900143255936
GOTERM_BP_ALL	GO:0034641~cellular nitrogen compound metabolic process	7	63.63636363636363	0.14585755436797201	3304, 3303, 644, 9361, 5610, 3329, 351	11	6505	16792	1.6427084061211654	1.0	0.8267605677328663	91.77637278198092
GOTERM_BP_ALL	GO:0051128~regulation of cellular component organization	4	36.36363636363637	0.1504200781615791	3304, 3303, 9361, 5610	11	2323	16792	2.6285759010683676	1.0	0.8335642406721568	92.44549927382232
GOTERM_BP_ALL	GO:0010605~negative regulation of macromolecule metabolic process	4	36.36363636363637	0.15085445606462644	3304, 3303, 5610, 351	11	2326	16792	2.6251856484014695	1.0	0.8313003874681666	92.50647089727572
GOTERM_BP_ALL	GO:0048583~regulation of response to stimulus	5	45.45454545454545	0.15169856397787676	3304, 3303, 5610, 3329, 351	11	3636	16792	2.099209920992099	1.0	0.8299414416803735	92.62363822860897
GOTERM_BP_ALL	GO:0090304~nucleic acid metabolic process	6	54.54545454545454	0.16277257058048167	3304, 3303, 9361, 5610, 3329, 351	11	5158	16792	1.7757411258768374	1.0	0.849408487087918	94.01015148864799
GOTERM_BP_ALL	GO:0050896~response to stimulus	8	72.72727272727273	0.16533400722546548	3304, 3303, 9361, 5610, 81570, 3336, 3329, 351	11	8329	16792	1.4662460843274867	1.0	0.8513234794380835	94.29402624936967
GOTERM_CC_ALL	GO:0043234~protein complex	5	45.45454545454545	0.1708455857644814	3304, 8192, 3303, 3329, 351	11	4118	18224	2.011567839639719	0.9999999999999967	0.6472967122509641	90.00774774859232
GOTERM_BP_ALL	GO:0043933~macromolecular complex subunit organization	4	36.36363636363637	0.17089343406238777	8192, 9361, 5610, 3329	11	2461	16792	2.4811791215692067	1.0	0.8586187681315524	94.8673653854271
GOTERM_BP_ALL	GO:0044260~cellular macromolecule metabolic process	8	72.72727272727273	0.1709237908039724	3304, 8192, 3303, 9361, 5610, 3336, 3329, 351	11	8387	16792	1.456106311716184	1.0	0.8558517588346756	94.87034234595826
GOTERM_BP_ALL	GO:0048518~positive regulation of biological process	6	54.54545454545454	0.17661141582053078	3304, 3303, 5610, 3336, 3329, 351	11	5285	16792	1.733069579427195	1.0	0.863026192519535	95.40043785236811
GOTERM_BP_ALL	GO:0044237~cellular metabolic process	9	81.81818181818183	0.17969610985311482	3304, 8192, 3303, 644, 9361, 5610, 3336, 3329, 351	11	10202	16792	1.3466878152233965	1.0	0.8655145944367814	95.66601692147952
GOTERM_BP_ALL	GO:0051716~cellular response to stimulus	7	63.63636363636363	0.18786057449283247	3304, 3303, 9361, 5610, 81570, 3329, 351	11	6927	16792	1.5426329120569051	1.0	0.875935361158225	96.30127919238994
GOTERM_BP_ALL	GO:0006807~nitrogen compound metabolic process	7	63.63636363636363	0.1901103921730972	3304, 3303, 644, 9361, 5610, 3329, 351	11	6948	16792	1.5379703773486155	1.0	0.8768365769451028	96.4603411681947
GOTERM_BP_ALL	GO:2000112~regulation of cellular macromolecule biosynthetic process	5	45.45454545454545	0.19601236831976276	3304, 3303, 9361, 5610, 351	11	3991	16792	1.9124849092275802	1.0	0.883054972195684	96.84769065452699
GOTERM_BP_ALL	GO:0032501~multicellular organismal process	7	63.63636363636363	0.19870668629723579	3304, 3303, 3313, 5610, 3336, 3329, 351	11	7027	16792	1.520679974643259	1.0	0.8844807097048941	97.0109823166333
GOTERM_BP_ALL	GO:0019219~regulation of nucleobase-containing compound metabolic process	5	45.45454545454545	0.21114325952778498	3304, 3303, 9361, 5610, 351	11	4104	16792	1.859826333510544	1.0	0.898624061730862	97.6671650663129
GOTERM_BP_ALL	GO:0010556~regulation of macromolecule biosynthetic process	5	45.45454545454545	0.21155120020578705	3304, 3303, 9361, 5610, 351	11	4107	16792	1.8584678044137501	1.0	0.8969430116175386	97.68620750518903
GOTERM_BP_ALL	GO:0009966~regulation of signal transduction	4	36.36363636363637	0.21307580616087046	3304, 3303, 5610, 351	11	2728	16792	2.2383364436150357	1.0	0.8966636108368059	97.75609377797659
GOTERM_BP_ALL	GO:0071704~organic substance metabolic process	9	81.81818181818183	0.23561904433892533	3304, 8192, 3303, 644, 9361, 5610, 3336, 3329, 351	11	10707	16792	1.2831707379199673	1.0	0.9196796578507733	98.58425080030548
GOTERM_BP_ALL	GO:0031326~regulation of cellular biosynthetic process	5	45.45454545454545	0.2361588699026642	3304, 3303, 9361, 5610, 351	11	4284	16792	1.781682369917664	1.0	0.9183552486506841	98.60001096283706
GOTERM_BP_ALL	GO:0006139~nucleobase-containing compound metabolic process	6	54.54545454545454	0.23767906496720076	3304, 3303, 9361, 5610, 3329, 351	11	5794	16792	1.5808202843066494	1.0	0.9180107505441963	98.6435143142642
GOTERM_BP_ALL	GO:0043170~macromolecule metabolic process	8	72.72727272727273	0.2528245412192466	3304, 8192, 3303, 9361, 5610, 3336, 3329, 351	11	9130	16792	1.3376082843771782	1.0	0.9302007012039684	99.0129986308834
GOTERM_BP_ALL	GO:0051171~regulation of nitrogen compound metabolic process	5	45.45454545454545	0.25340727665249607	3304, 3303, 9361, 5610, 351	11	4404	16792	1.733135166377673	1.0	0.9290397953842198	99.02512581922501
GOTERM_BP_ALL	GO:0010646~regulation of cell communication	4	36.36363636363637	0.2623248181779124	3304, 3303, 5610, 351	11	3020	16792	2.0219145093317277	1.0	0.9347975696500511	99.19414379984157
GOTERM_BP_ALL	GO:0023051~regulation of signaling	4	36.36363636363637	0.27101387308942426	3304, 3303, 5610, 351	11	3070	16792	1.9889843055966834	1.0	0.9399105377058289	99.33208983896294
GOTERM_BP_ALL	GO:0006796~phosphate-containing compound metabolic process	4	36.36363636363637	0.27328333038463	3304, 3303, 5610, 351	11	3083	16792	1.980597411022322	1.0	0.9401059344196658	99.36428712757231
GOTERM_BP_ALL	GO:0006793~phosphorus metabolic process	4	36.36363636363637	0.2743321538205814	3304, 3303, 5610, 351	11	3089	16792	1.976750345801819	1.0	0.9394172256182334	99.37867040311934
GOTERM_BP_ALL	GO:0008152~metabolic process	9	81.81818181818183	0.28265521993761283	3304, 8192, 3303, 644, 9361, 5610, 3336, 3329, 351	11	11075	16792	1.2405335522265546	1.0	0.9438648846624839	99.48246816433567
GOTERM_BP_ALL	GO:0006810~transport	5	45.45454545454545	0.291989302510383	3304, 3303, 3313, 3329, 351	11	4663	16792	1.6368705281422415	1.0	0.9486137984104186	99.57946134760597
GOTERM_BP_ALL	GO:0009058~biosynthetic process	6	54.54545454545454	0.30894528300666924	3304, 3303, 9361, 5610, 3329, 351	11	6320	16792	1.4492520138089757	1.0	0.9571605866875607	99.71358599209363
GOTERM_BP_ALL	GO:0051234~establishment of localization	5	45.45454545454545	0.3114880373580785	3304, 3303, 3313, 3329, 351	11	4790	16792	1.5934712469159231	1.0	0.9573798152822518	99.72983662410458
GOTERM_CC_ALL	GO:0031981~nuclear lumen	4	36.36363636363637	0.313448887682938	3304, 3303, 3313, 9361	11	3592	18224	1.8449078760882769	1.0	0.8684704340496642	99.01830818412405
GOTERM_BP_ALL	GO:0034645~cellular macromolecule biosynthetic process	5	45.45454545454545	0.34630100987212153	3304, 3303, 9361, 5610, 351	11	5012	16792	1.522890517303925	1.0	0.9716927570791146	99.88126764007453
GOTERM_BP_ALL	GO:0006355~regulation of transcription, DNA-templated	4	36.36363636363637	0.3664930252667635	3304, 3303, 5610, 351	11	3603	16792	1.6947493250574017	1.0	0.9775533314550269	99.92778095128352
GOTERM_BP_ALL	GO:0006351~transcription, DNA-templated	4	36.36363636363637	0.36685714685756743	3304, 3303, 5610, 351	11	3605	16792	1.6938091035178413	1.0	0.9769649532001448	99.9284358902743
GOTERM_BP_ALL	GO:1903506~regulation of nucleic acid-templated transcription	4	36.36363636363637	0.3704992764387214	3304, 3303, 5610, 351	11	3625	16792	1.6844639498432603	1.0	0.9773543299117092	99.93468773233852
GOTERM_BP_ALL	GO:0009059~macromolecule biosynthetic process	5	45.45454545454545	0.37232121239438987	3304, 3303, 9361, 5610, 351	11	5175	16792	1.4749231444883617	1.0	0.9772059896771778	99.93761951644557
GOTERM_BP_ALL	GO:2001141~regulation of RNA biosynthetic process	4	36.36363636363637	0.37396066065060063	3304, 3303, 5610, 351	11	3644	16792	1.6756810697535176	1.0	0.9770066599784346	99.9401518152167
GOTERM_BP_ALL	GO:0030154~cell differentiation	4	36.36363636363637	0.37541842322365193	3313, 5610, 3336, 351	11	3652	16792	1.6720103554714727	1.0	0.9767560293958135	99.94232227381052
GOTERM_BP_ALL	GO:0010467~gene expression	5	45.45454545454545	0.39343382491929435	3304, 3303, 5610, 3329, 351	11	5306	16792	1.4385087208306206	1.0	0.98102536019237	99.96372593119479
GOTERM_BP_ALL	GO:0006996~organelle organization	4	36.36363636363637	0.3938317844838557	3304, 3303, 9361, 3329	11	3753	16792	1.6270135406826054	1.0	0.9805385404435429	99.96410120585807
GOTERM_BP_ALL	GO:0051252~regulation of RNA metabolic process	4	36.36363636363637	0.39547273509043634	3304, 3303, 5610, 351	11	3762	16792	1.6231211637910203	1.0	0.98036451345699	99.96561053116768
GOTERM_BP_ALL	GO:0097659~nucleic acid-templated transcription	4	36.36363636363637	0.39711360310480126	3304, 3303, 5610, 351	11	3771	16792	1.6192473662640727	1.0	0.9801927123942139	99.96706017307957
GOTERM_BP_ALL	GO:0006464~cellular protein modification process	4	36.36363636363637	0.40568029468990807	3304, 3303, 5610, 351	11	3818	16792	1.5993142530596696	1.0	0.9817264044920498	99.97374355612753
GOTERM_BP_ALL	GO:0036211~protein modification process	4	36.36363636363637	0.40568029468990807	3304, 3303, 5610, 351	11	3818	16792	1.5993142530596696	1.0	0.9817264044920498	99.97374355612753
GOTERM_BP_ALL	GO:0044238~primary metabolic process	8	72.72727272727273	0.40760655527415646	3304, 8192, 3303, 9361, 5610, 3336, 3329, 351	11	10243	16792	1.1922643401702273	1.0	0.9816332659252919	99.97506005117587
GOTERM_BP_ALL	GO:0044767~single-organism developmental process	5	45.45454545454545	0.4208394522867107	3313, 9361, 5610, 3329, 351	11	5475	16792	1.3941054379410545	1.0	0.9840579815590018	99.98256463618009
GOTERM_BP_ALL	GO:0032774~RNA biosynthetic process	4	36.36363636363637	0.421518604438784	3304, 3303, 5610, 351	11	3905	16792	1.5636829239902224	1.0	0.9837097835237489	99.98288580166856
GOTERM_BP_ALL	GO:0048869~cellular developmental process	4	36.36363636363637	0.43731426422552344	3313, 5610, 3336, 351	11	3992	16792	1.5296046638732008	1.0	0.9863479698622911	99.98896332282217
GOTERM_BP_ALL	GO:0050794~regulation of cellular process	8	72.72727272727273	0.4457709262643642	3304, 3303, 3313, 9361, 5610, 3336, 3329, 351	11	10489	16792	1.1643019960304737	1.0	0.9874119729208968	99.99131781975544
GOTERM_BP_ALL	GO:0032502~developmental process	5	45.45454545454545	0.4463756897813163	3313, 9361, 5610, 3329, 351	11	5632	16792	1.3552427685950414	1.0	0.9871134276901946	99.99146672737282
GOTERM_BP_ALL	GO:0043412~macromolecule modification	4	36.36363636363637	0.4505203821365053	3304, 3303, 5610, 351	11	4065	16792	1.5021357486302136	1.0	0.9874168579189612	99.99242464819675
GOTERM_BP_ALL	GO:0007165~signal transduction	5	45.45454545454545	0.46961998162137086	3304, 3303, 5610, 3329, 351	11	5775	16792	1.3216843762298307	1.0	0.9896279693197784	99.99567540272021
GOTERM_BP_ALL	GO:0051179~localization	5	45.45454545454545	0.485343677378191	3304, 3303, 3313, 3329, 351	11	5872	16792	1.299851374783255	1.0	0.9913654594052743	99.99731559837302
GOTERM_BP_ALL	GO:0048731~system development	4	36.36363636363637	0.49100262190214	3313, 5610, 3329, 351	11	4291	16792	1.4230206987140104	1.0	0.9917499163375461	99.9977470005341
GOTERM_BP_ALL	GO:0010468~regulation of gene expression	4	36.36363636363637	0.5005608999171844	3304, 3303, 5610, 351	11	4345	16792	1.4053352861177946	1.0	0.9925399398424964	99.9983315815179
GOTERM_BP_ALL	GO:0034654~nucleobase-containing compound biosynthetic process	4	36.36363636363637	0.5026779606462201	3304, 3303, 5610, 351	11	4357	16792	1.4014647276065684	1.0	0.9925116503032497	99.99844018647316
GOTERM_BP_ALL	GO:0018130~heterocycle biosynthetic process	4	36.36363636363637	0.5121714645049574	3304, 3303, 5610, 351	11	4411	16792	1.3843078254776282	1.0	0.9932299138845849	99.99885068826578
GOTERM_BP_ALL	GO:0019438~aromatic compound biosynthetic process	4	36.36363636363637	0.5144485289465994	3304, 3303, 5610, 351	11	4424	16792	1.3802400131514057	1.0	0.9932203490523672	99.99893281196238
GOTERM_BP_ALL	GO:0050789~regulation of biological process	8	72.72727272727273	0.5149799989279172	3304, 3303, 3313, 9361, 5610, 3336, 3329, 351	11	10922	16792	1.1181435301559821	1.0	0.9930417912977597	99.99895117165238
GOTERM_BP_ALL	GO:0044249~cellular biosynthetic process	5	45.45454545454545	0.524911820949152	3304, 3303, 9361, 5610, 351	11	6118	16792	1.2475853665785017	1.0	0.9937540254273663	99.99924434095642
GOTERM_BP_ALL	GO:1901362~organic cyclic compound biosynthetic process	4	36.36363636363637	0.5337486748672424	3304, 3303, 5610, 351	11	4535	16792	1.3464568507567407	1.0	0.9943120482942248	99.9994387977939
GOTERM_BP_ALL	GO:0044700~single organism signaling	5	45.45454545454545	0.5390725653254789	3304, 3303, 5610, 3329, 351	11	6207	16792	1.2296966767725588	1.0	0.9945529846391116	99.9995321683411
GOTERM_BP_ALL	GO:1901576~organic substance biosynthetic process	5	45.45454545454545	0.5422408141767883	3304, 3303, 9361, 5610, 351	11	6227	16792	1.2257471130122486	1.0	0.9946182158125222	99.99958060372887
GOTERM_BP_ALL	GO:0023052~signaling	5	45.45454545454545	0.5474564218054729	3304, 3303, 5610, 3329, 351	11	6260	16792	1.219285506825443	1.0	0.9948405753850651	99.99965024263192
GOTERM_BP_ALL	GO:0007154~cell communication	5	45.45454545454545	0.5498220524653017	3304, 3303, 5610, 3329, 351	11	6275	16792	1.2163708801158999	1.0	0.9948437278583547	99.9996781159118
GOTERM_BP_ALL	GO:0016070~RNA metabolic process	4	36.36363636363637	0.5531121574442361	3304, 3303, 5610, 351	11	4648	16792	1.313722422156157	1.0	0.994917122344678	99.99971343650472
GOTERM_BP_ALL	GO:0007275~multicellular organism development	4	36.36363636363637	0.591351372966303	3313, 5610, 3329, 351	11	4877	16792	1.2520364605662946	1.0	0.9970651453785666	99.99993055403554
GOTERM_BP_ALL	GO:0044271~cellular nitrogen compound biosynthetic process	4	36.36363636363637	0.6027457522081988	3304, 3303, 5610, 351	11	4947	16792	1.2343201573037836	1.0	0.9974643124590097	99.99995563498923
GOTERM_BP_ALL	GO:0065007~biological regulation	8	72.72727272727273	0.6165766446433842	3304, 3303, 3313, 9361, 5610, 3336, 3329, 351	11	11548	16792	1.057530623169695	1.0	0.9979039405938922	99.9999746966188
GOTERM_BP_ALL	GO:0044699~single-organism process	9	81.81818181818183	0.6676155199720046	3304, 3303, 3313, 644, 9361, 5610, 3336, 3329, 351	11	13377	16792	1.0270545780749865	1.0	0.9991260421992484	99.99999736877392
GOTERM_BP_ALL	GO:0048856~anatomical structure development	4	36.36363636363637	0.683305015828654	3313, 5610, 3329, 351	11	5473	16792	1.1156919090410777	1.0	0.9993284853680213	99.99999877704703
GOTERM_BP_ALL	GO:0044763~single-organism cellular process	8	72.72727272727273	0.7271444131096421	3304, 3303, 3313, 644, 5610, 3336, 3329, 351	11	12256	16792	0.9964395917398529	1.0	0.9997258296990117	99.99999988463506
GOTERM_CC_ALL	GO:0016020~membrane	5	45.45454545454545	0.8578886602337574	9361, 5610, 3336, 3329, 351	11	9462	18224	0.8754635767952191	1.0	0.999935401884221	99.99999999618059

Annotation Cluster 2	Enrichment Score: 1.5117944989041536
Category	Term	Count	%	PValue	Genes	List Total	Pop Hits	Pop Total	Fold Enrichment	Bonferroni	Benjamini	FDR
GOTERM_MF_ALL	GO:0097367~carbohydrate derivative binding	9	81.81818181818183	3.3437836996023394E-6	3304, 3303, 3313, 9361, 5610, 81570, 3336, 3329, 351	11	2241	16881	6.163198247535597	3.878043420955102E-4	1.9392097371973005E-4	0.003814799060675167
GOTERM_CC_ALL	GO:0044444~cytoplasmic part	11	100.0	2.9628116959010744E-4	3304, 8192, 3303, 3313, 644, 9361, 5610, 81570, 3336, 3329, 351	11	8090	18224	2.2526576019777504	0.0513789378459355	0.017428293439465614	0.3636539363222835
GOTERM_MF_ALL	GO:1901363~heterocyclic compound binding	9	81.81818181818183	0.005184275584588515	3304, 3303, 3313, 9361, 5610, 81570, 3336, 3329, 351	11	5971	16881	2.3131346964875688	0.45279962419247843	0.023829103511264105	5.757633827091169
GOTERM_CC_ALL	GO:0005737~cytoplasm	11	100.0	0.0052118751793115954	3304, 8192, 3303, 3313, 644, 9361, 5610, 81570, 3336, 3329, 351	11	10775	18224	1.691322505800464	0.6055014361505866	0.09818769156632601	6.222473415295893
GOTERM_MF_ALL	GO:0003824~catalytic activity	9	81.81818181818183	0.0054806213245149425	3304, 8192, 3303, 644, 9361, 5610, 81570, 3329, 351	11	6018	16881	2.2950693374422193	0.47138802533209334	0.024221099641856147	6.077427655958568
GOTERM_MF_ALL	GO:0097159~organic cyclic compound binding	9	81.81818181818183	0.005703675034701291	3304, 3303, 3313, 9361, 5610, 81570, 3336, 3329, 351	11	6052	16881	2.2821756894790606	0.48496496949278345	0.024275325492108535	6.317476906355468
GOTERM_MF_ALL	GO:0005515~protein binding	11	100.0	0.011534978030962394	3304, 8192, 3303, 3313, 644, 9361, 5610, 81570, 3336, 3329, 351	11	10806	16881	1.562187673514714	0.739677634025997	0.04692865975444527	12.397922952224471
GOTERM_CC_ALL	GO:0043227~membrane-bounded organelle	11	100.0	0.018190109227507283	3304, 8192, 3303, 3313, 644, 9361, 5610, 81570, 3336, 3329, 351	11	12209	18224	1.4926693422884756	0.9619041461330777	0.25699988167747034	20.20403531723466
GOTERM_CC_ALL	GO:0043226~organelle	11	100.0	0.038346682747805325	3304, 8192, 3303, 3313, 644, 9361, 5610, 81570, 3336, 3329, 351	11	13154	18224	1.3854340884901932	0.9990509282168043	0.3712375404748177	38.16684314910322
GOTERM_CC_ALL	GO:0043231~intracellular membrane-bounded organelle	10	90.9090909090909	0.04975167502226479	3304, 8192, 3303, 3313, 9361, 5610, 81570, 3336, 3329, 351	11	11035	18224	1.5013387156567943	0.999886497332834	0.38003276137481434	46.602804063600125
GOTERM_CC_ALL	GO:0044424~intracellular part	11	100.0	0.06469302268549312	3304, 8192, 3303, 3313, 644, 9361, 5610, 81570, 3336, 3329, 351	11	13860	18224	1.3148629148629147	0.9999932416138785	0.4040489830131986	56.05634418644445
GOTERM_CC_ALL	GO:0005622~intracellular	11	100.0	0.08337476353958849	3304, 8192, 3303, 3313, 644, 9361, 5610, 81570, 3336, 3329, 351	11	14216	18224	1.2819358469330333	0.9999998137303121	0.4756886516888482	65.7100125654069
GOTERM_CC_ALL	GO:0043229~intracellular organelle	10	90.9090909090909	0.10079272359686144	3304, 8192, 3303, 3313, 9361, 5610, 81570, 3336, 3329, 351	11	12099	18224	1.3693092592175162	0.9999999938758385	0.5168108448421396	72.91495204564316
GOTERM_BP_ALL	GO:0044237~cellular metabolic process	9	81.81818181818183	0.17969610985311482	3304, 8192, 3303, 644, 9361, 5610, 3336, 3329, 351	11	10202	16792	1.3466878152233965	1.0	0.8655145944367814	95.66601692147952
GOTERM_MF_ALL	GO:0005488~binding	11	100.0	0.20123699598046615	3304, 8192, 3303, 3313, 644, 9361, 5610, 81570, 3336, 3329, 351	11	14381	16881	1.1738404839719074	0.9999999999952084	0.5571414452751866	92.29623476171112
GOTERM_BP_ALL	GO:0071704~organic substance metabolic process	9	81.81818181818183	0.23561904433892533	3304, 8192, 3303, 644, 9361, 5610, 3336, 3329, 351	11	10707	16792	1.2831707379199673	1.0	0.9196796578507733	98.58425080030548
GOTERM_BP_ALL	GO:0008152~metabolic process	9	81.81818181818183	0.28265521993761283	3304, 8192, 3303, 644, 9361, 5610, 3336, 3329, 351	11	11075	16792	1.2405335522265546	1.0	0.9438648846624839	99.48246816433567
GOTERM_CC_ALL	GO:0044464~cell part	11	100.0	0.35879152439283435	3304, 8192, 3303, 3313, 644, 9361, 5610, 81570, 3336, 3329, 351	11	16449	18224	1.1079092953978964	1.0	0.9023697657495617	99.57620782688447
GOTERM_CC_ALL	GO:0005623~cell	11	100.0	0.3651692893128161	3304, 8192, 3303, 3313, 644, 9361, 5610, 81570, 3336, 3329, 351	11	16478	18224	1.105959461099648	1.0	0.900831303275807	99.62521818497068
GOTERM_BP_ALL	GO:0009987~cellular process	11	100.0	0.46603771911607716	3304, 8192, 3303, 3313, 644, 9361, 5610, 81570, 3336, 3329, 351	11	15558	16792	1.0793161074688264	1.0	0.9894560754437144	99.99518862939534
GOTERM_BP_ALL	GO:0044699~single-organism process	9	81.81818181818183	0.6676155199720046	3304, 3303, 3313, 644, 9361, 5610, 3336, 3329, 351	11	13377	16792	1.0270545780749865	1.0	0.9991260421992484	99.99999736877392

Annotation Cluster 3	Enrichment Score: 1.1790609871004099
Category	Term	Count	%	PValue	Genes	List Total	Pop Hits	Pop Total	Fold Enrichment	Bonferroni	Benjamini	FDR
GOTERM_CC_ALL	GO:0044421~extracellular region part	7	63.63636363636363	0.008751005640457398	3304, 3303, 3313, 644, 3336, 3329, 351	11	3878	18224	2.99048244174598	0.7908146667699576	0.144828688518018	10.242871277317134
GOTERM_CC_ALL	GO:0005576~extracellular region	7	63.63636363636363	0.021167453877198487	3304, 3303, 3313, 644, 3336, 3329, 351	11	4623	18224	2.5085638998682476	0.9778131620712256	0.2719275168693599	23.12865723905886
GOTERM_CC_ALL	GO:0070062~extracellular exosome	5	45.45454545454545	0.05458615273475324	3313, 644, 3336, 3329, 351	11	2811	18224	2.9468645904078135	0.9999542165298433	0.3932141630152448	49.848462588165255
GOTERM_CC_ALL	GO:1903561~extracellular vesicle	5	45.45454545454545	0.05545672355765791	3313, 644, 3336, 3329, 351	11	2825	18224	2.932260659694288	0.9999611410336335	0.38343939299683716	50.41329552545268
GOTERM_CC_ALL	GO:0043230~extracellular organelle	5	45.45454545454545	0.05551922234656314	3313, 644, 3336, 3329, 351	11	2826	18224	2.931223058611594	0.9999615960428905	0.3700735895191132	50.45361951307332
GOTERM_MF_ALL	GO:0003676~nucleic acid binding	6	54.54545454545454	0.06983012759339291	3313, 9361, 5610, 3336, 3329, 351	11	4097	16881	2.247453791022256	0.9997744601999105	0.23728543754017606	56.21429768980697
GOTERM_CC_ALL	GO:0031988~membrane-bounded vesicle	5	45.45454545454545	0.11757140410060561	3313, 644, 3336, 3329, 351	11	3611	18224	2.294000654565595	0.9999999997857286	0.5359284255956948	78.51389550607149
GOTERM_CC_ALL	GO:0031982~vesicle	5	45.45454545454545	0.13160707906315164	3313, 644, 3336, 3329, 351	11	3754	18224	2.206615973264881	0.9999999999876549	0.5671043433011087	82.35801588036736
GOTERM_BP_ALL	GO:0044763~single-organism cellular process	8	72.72727272727273	0.7271444131096421	3304, 3303, 3313, 644, 5610, 3336, 3329, 351	11	12256	16792	0.9964395917398529	1.0	0.9997258296990117	99.99999988463506

