Annotation Cluster 1	Enrichment Score: 3.699538325928458
Category	Term	Count	%	PValue	Genes	List Total	Pop Hits	Pop Total	Fold Enrichment	Bonferroni	Benjamini	FDR
GOTERM_BP_ALL	GO:0050770~regulation of axonogenesis	6	50.0	4.156131768871752E-8	1808, 4974, 57142, 387, 4099, 5361	12	168	16792	49.976190476190474	5.228277198743303E-5	1.7427894392185728E-5	6.758545691987194E-5
GOTERM_BP_ALL	GO:0031175~neuron projection development	8	66.66666666666666	1.7491626674595536E-7	1808, 135, 4974, 57142, 387, 4099, 5361, 57591	12	817	16792	13.702162382700939	2.2002047468905328E-4	5.500965759941412E-5	2.8444198658661435E-4
GOTERM_BP_ALL	GO:0048812~neuron projection morphogenesis	7	58.333333333333336	4.4757664717731523E-7	1808, 135, 4974, 57142, 387, 4099, 5361	12	543	16792	18.03928790669122	5.628930643913899E-4	1.1260396933066019E-4	7.278301109470142E-4
GOTERM_BP_ALL	GO:0048666~neuron development	8	66.66666666666666	5.453436223872231E-7	1808, 135, 4974, 57142, 387, 4099, 5361, 57591	12	965	16792	11.600690846286701	6.858071906818974E-4	1.1433387405224149E-4	8.868139469542236E-4
GOTERM_BP_ALL	GO:0010769~regulation of cell morphogenesis involved in differentiation	6	50.0	1.361444394099751E-6	1808, 4974, 57142, 387, 4099, 5361	12	339	16792	24.766961651917402	0.0017112323830381637	2.446412438298351E-4	0.0022139075409266518
GOTERM_BP_ALL	GO:0030182~neuron differentiation	8	66.66666666666666	2.763434424813831E-6	1808, 135, 4974, 57142, 387, 4099, 5361, 57591	12	1226	16792	9.131049483414898	0.003470369609134938	2.8965848336770517E-4	0.004493700137042644
GOTERM_BP_ALL	GO:0007409~axonogenesis	6	50.0	3.5920264445002063E-6	1808, 4974, 57142, 387, 4099, 5361	12	413	16792	20.329297820823243	0.004508583069522065	3.2271772849801206E-4	0.005841060501321493
GOTERM_BP_ALL	GO:0010975~regulation of neuron projection development	6	50.0	3.5920264445002063E-6	1808, 4974, 57142, 387, 4099, 5361	12	413	16792	20.329297820823243	0.004508583069522065	3.2271772849801206E-4	0.005841060501321493
GOTERM_BP_ALL	GO:0030030~cell projection organization	8	66.66666666666666	4.122350781168044E-6	1808, 135, 4974, 57142, 387, 4099, 5361, 57591	12	1301	16792	8.604663079682295	0.005172504262192623	3.4566877423369835E-4	0.006703403566410415
GOTERM_BP_ALL	GO:0048858~cell projection morphogenesis	7	58.333333333333336	4.22276509898597E-6	1808, 135, 4974, 57142, 387, 4099, 5361	12	797	16792	12.29025512337934	0.005298164664425675	3.319604958420541E-4	0.0068666832197972205
GOTERM_BP_ALL	GO:0032990~cell part morphogenesis	7	58.333333333333336	4.876144321119154E-6	1808, 135, 4974, 57142, 387, 4099, 5361	12	817	16792	11.989392084863322	0.0061154286902842525	3.4073107750953735E-4	0.007929110586024635
GOTERM_BP_ALL	GO:0061564~axon development	6	50.0	5.175297680646709E-6	1808, 4974, 57142, 387, 4099, 5361	12	445	16792	18.86741573033708	0.006489393674153687	3.254740882751017E-4	0.008415545408180236
GOTERM_BP_ALL	GO:0048699~generation of neurons	8	66.66666666666666	5.471756978648199E-6	1808, 135, 4974, 57142, 387, 4099, 5361, 57591	12	1357	16792	8.249570130189142	0.006859852166324787	3.2773148008846675E-4	0.008897597392154566
GOTERM_BP_ALL	GO:0060284~regulation of cell development	7	58.333333333333336	6.176181070067404E-6	1808, 4974, 57142, 387, 4099, 5361, 9475	12	851	16792	11.510379945162555	0.007739553994001724	3.531039977187067E-4	0.010043003994741895
GOTERM_BP_ALL	GO:0022008~neurogenesis	8	66.66666666666666	8.41419434066839E-6	1808, 135, 4974, 57142, 387, 4099, 5361, 57591	12	1447	16792	7.736466252015664	0.01052927597635156	4.6011589738370606E-4	0.01368197326248044
GOTERM_BP_ALL	GO:0048667~cell morphogenesis involved in neuron differentiation	6	50.0	8.786647422484513E-6	1808, 4974, 57142, 387, 4099, 5361	12	496	16792	16.927419354838708	0.010992783893743363	4.604627469646516E-4	0.014287563201242914
GOTERM_BP_ALL	GO:0050771~negative regulation of axonogenesis	4	33.33333333333333	8.934219635437444E-6	4974, 57142, 387, 4099	12	65	16792	86.1128205128205	0.01117637355788803	4.494708980231632E-4	0.014527507229600278
GOTERM_BP_ALL	GO:0051128~regulation of cellular component organization	9	75.0	1.480609248601735E-5	1808, 4974, 57142, 387, 4099, 5361, 5170, 8840, 9475	12	2323	16792	5.421437795953508	0.018453806551819607	6.896214439167103E-4	0.02407440011701345
GOTERM_BP_ALL	GO:0045664~regulation of neuron differentiation	6	50.0	1.5845082705575436E-5	1808, 4974, 57142, 387, 4099, 5361	12	560	16792	14.992857142857144	0.01973591778076844	7.116492277089437E-4	0.025763572464998497
GOTERM_BP_ALL	GO:0022604~regulation of cell morphogenesis	6	50.0	1.6972502201793175E-5	1808, 4974, 57142, 387, 4099, 5361	12	568	16792	14.781690140845072	0.021125257497211836	7.359907143285049E-4	0.027596481301794817
GOTERM_BP_ALL	GO:0031344~regulation of cell projection organization	6	50.0	1.755933067865128E-5	1808, 4974, 57142, 387, 4099, 5361	12	572	16792	14.67832167832168	0.021847638215588105	7.360567084465641E-4	0.028550508648506057
GOTERM_BP_ALL	GO:0022603~regulation of anatomical structure morphogenesis	7	58.333333333333336	2.0846006975307796E-5	1808, 4974, 57142, 387, 4099, 5361, 9475	12	1051	16792	9.32001268633048	0.025883672884614906	8.455955119420766E-4	0.033893614017854734
GOTERM_BP_ALL	GO:2000026~regulation of multicellular organismal development	8	66.66666666666666	2.6686662756630377E-5	1808, 4974, 57142, 6198, 387, 4099, 5361, 9475	12	1721	16792	6.504745303118342	0.03301497502678319	0.0010485832805513517	0.043388028110458166
GOTERM_BP_ALL	GO:0050767~regulation of neurogenesis	6	50.0	4.102662753037222E-5	1808, 4974, 57142, 387, 4099, 5361	12	682	16792	12.310850439882698	0.050303250296876545	0.0015168647543416514	0.06669510246267718
GOTERM_BP_ALL	GO:0000902~cell morphogenesis	7	58.333333333333336	5.354935812044103E-5	1808, 135, 4974, 57142, 387, 4099, 5361	12	1240	16792	7.899462365591399	0.0651478553466982	0.001869552878637104	0.08704441243269079
GOTERM_BP_ALL	GO:0010771~negative regulation of cell morphogenesis involved in differentiation	4	33.33333333333333	5.493350845045954E-5	4974, 57142, 387, 4099	12	119	16792	47.03641456582633	0.06677434877208643	0.0018660473545871747	0.08929340396233165
GOTERM_BP_ALL	GO:0000904~cell morphogenesis involved in differentiation	6	50.0	6.595566292626477E-5	1808, 4974, 57142, 387, 4099, 5361	12	753	16792	11.150066401062416	0.07962580719821855	0.002125301427153392	0.10720069680876243
GOTERM_BP_ALL	GO:0010977~negative regulation of neuron projection development	4	33.33333333333333	7.149128015018881E-5	4974, 57142, 387, 4099	12	130	16792	43.05641025641025	0.08601328752127047	0.002245955194901117	0.11619307611994145
GOTERM_BP_ALL	GO:0051960~regulation of nervous system development	6	50.0	7.292750761347682E-5	1808, 4974, 57142, 387, 4099, 5361	12	769	16792	10.918075422626787	0.08766328319727368	0.0022352091675279517	0.11852604360607089
GOTERM_BP_ALL	GO:0032989~cellular component morphogenesis	7	58.333333333333336	7.663323984952351E-5	1808, 135, 4974, 57142, 387, 4099, 5361	12	1321	16792	7.415089578602069	0.09190684299090968	0.002292803449591485	0.12454529459654529
GOTERM_BP_ALL	GO:0050793~regulation of developmental process	8	66.66666666666666	1.079602123992768E-4	1808, 4974, 57142, 6198, 387, 4099, 5361, 9475	12	2129	16792	5.258180679505244	0.12700135824262315	0.0029482817554021823	0.17541634895850144
GOTERM_BP_ALL	GO:0031345~negative regulation of cell projection organization	4	33.33333333333333	1.1599518881554511E-4	4974, 57142, 387, 4099	12	153	16792	36.5838779956427	0.13578215911730607	0.003100087143753094	0.1884602187714357
GOTERM_BP_ALL	GO:0007399~nervous system development	8	66.66666666666666	1.222311753269762E-4	1808, 135, 4974, 57142, 387, 4099, 5361, 57591	12	2170	16792	5.158832565284178	0.14253611451088966	0.0031985449061643356	0.1985825307027067
GOTERM_BP_ALL	GO:0007417~central nervous system development	6	50.0	1.5734394038560213E-4	1808, 135, 57142, 387, 4099, 57591	12	904	16792	9.287610619469026	0.1795926147920024	0.0038739327860447537	0.2555599187296975
GOTERM_BP_ALL	GO:0045595~regulation of cell differentiation	7	58.333333333333336	1.8412725968722005E-4	1808, 4974, 57142, 387, 4099, 5361, 9475	12	1544	16792	6.34412780656304	0.20677900995224519	0.00444496523527127	0.29900061182036586
GOTERM_BP_ALL	GO:0045665~negative regulation of neuron differentiation	4	33.33333333333333	2.3045478290420753E-4	4974, 57142, 387, 4099	12	193	16792	29.00172711571675	0.25169567178125973	0.00535497236982263	0.3740987375588922
GOTERM_BP_ALL	GO:0007155~cell adhesion	7	58.333333333333336	3.1347507072708875E-4	135, 4974, 57142, 4099, 5170, 8840, 9475	12	1699	16792	5.765352167941927	0.3259247056332292	0.006777162839968542	0.5085440005986541
GOTERM_BP_ALL	GO:0022610~biological adhesion	7	58.333333333333336	3.1965431367989705E-4	135, 4974, 57142, 4099, 5170, 8840, 9475	12	1705	16792	5.745063538611926	0.3311459545046712	0.006793588204746515	0.5185440194403923
GOTERM_BP_ALL	GO:0009653~anatomical structure morphogenesis	8	66.66666666666666	4.228832023238131E-4	1808, 135, 4974, 57142, 387, 4099, 5361, 9475	12	2631	16792	4.254909413404282	0.4126295597061016	0.008685009511475439	0.6854623895641287
GOTERM_BP_ALL	GO:0050768~negative regulation of neurogenesis	4	33.33333333333333	4.64240397273954E-4	4974, 57142, 387, 4099	12	245	16792	22.84625850340136	0.4424204098763611	0.009377528718257144	0.7522620979903749
GOTERM_BP_ALL	GO:0051129~negative regulation of cellular component organization	5	41.66666666666667	5.058067172170233E-4	4974, 57142, 387, 4099, 9475	12	624	16792	11.212606837606838	0.47084073700799356	0.010051772022638628	0.81935709378822
GOTERM_BP_ALL	GO:0051961~negative regulation of nervous system development	4	33.33333333333333	5.773974971250496E-4	4974, 57142, 387, 4099	12	264	16792	21.2020202020202	0.5164380447020892	0.011288548131314413	0.9348168040539728
GOTERM_BP_ALL	GO:0007420~brain development	5	41.66666666666667	7.160481246289355E-4	1808, 57142, 387, 4099, 57591	12	684	16792	10.229044834307992	0.5938818690580785	0.013560417784764689	1.1580702166425705
GOTERM_BP_ALL	GO:0060322~head development	5	41.66666666666667	8.687449182612194E-4	1808, 57142, 387, 4099, 57591	12	720	16792	9.717592592592593	0.6649099910270877	0.01595019283444543	1.4033941808405448
GOTERM_BP_ALL	GO:0010721~negative regulation of cell development	4	33.33333333333333	8.870456763960809E-4	4974, 57142, 387, 4099	12	306	16792	18.29193899782135	0.672543049844551	0.016049502929018855	1.4327579555757697
GOTERM_BP_ALL	GO:0051093~negative regulation of developmental process	5	41.66666666666667	9.580955872414526E-4	4974, 57142, 387, 4099, 9475	12	739	16792	9.467749210645016	0.7005662256476609	0.017079070577185496	1.5466805800643413
GOTERM_BP_ALL	GO:0051241~negative regulation of multicellular organismal process	5	41.66666666666667	0.0031299599530849233	4974, 57142, 387, 4099, 9475	12	1017	16792	6.879711569977057	0.9806229247872514	0.049302927171367195	4.970049243930652
GOTERM_BP_ALL	GO:0090066~regulation of anatomical structure size	4	33.33333333333333	0.0033037546686507193	1808, 135, 57142, 5361	12	484	16792	11.564738292011018	0.9844392558652608	0.05133187558904473	5.239106641750602
GOTERM_BP_ALL	GO:0045596~negative regulation of cell differentiation	4	33.33333333333333	0.007230076448417452	4974, 57142, 387, 4099	12	640	16792	8.745833333333332	0.9998914691258292	0.09853375514510154	11.13038766133535
GOTERM_CC_ALL	GO:0005886~plasma membrane	8	66.66666666666666	0.015230622076126481	135, 4974, 57142, 387, 4099, 5361, 5170, 9475	12	5141	18224	2.363223756726966	0.9044602888729448	0.3747743528236558	16.79859094843785
GOTERM_CC_ALL	GO:0071944~cell periphery	8	66.66666666666666	0.01727861244594755	135, 4974, 57142, 387, 4099, 5361, 5170, 9475	12	5256	18224	2.3115169964485034	0.9305211824309738	0.3588267381842055	18.848431018538303
GOTERM_CC_ALL	GO:0031988~membrane-bounded vesicle	5	41.66666666666667	0.15699452556557222	1808, 57142, 387, 5361, 5170	12	3611	18224	2.102833933351796	0.999999999995512	0.8453207088877666	87.0801232516915
GOTERM_CC_ALL	GO:0031982~vesicle	5	41.66666666666667	0.17459470800419655	1808, 57142, 387, 5361, 5170	12	3754	18224	2.022731308826141	0.9999999999998221	0.8587443136717339	89.96631555129733
GOTERM_CC_ALL	GO:0044421~extracellular region part	5	41.66666666666667	0.19051621921643186	1808, 57142, 387, 5361, 8840	12	3878	18224	1.9580539797146297	0.999999999999991	0.8507640814768469	92.0549102443252
GOTERM_CC_ALL	GO:0070062~extracellular exosome	4	33.33333333333333	0.23414286724917288	1808, 57142, 387, 5361	12	2811	18224	2.16103403296573	1.0	0.8700637360625281	95.9093362862636
GOTERM_CC_ALL	GO:1903561~extracellular vesicle	4	33.33333333333333	0.23651507722289192	1808, 57142, 387, 5361	12	2825	18224	2.1503244837758113	1.0	0.8600033401356346	96.05860718619603
GOTERM_CC_ALL	GO:0043230~extracellular organelle	4	33.33333333333333	0.23668476211970085	1808, 57142, 387, 5361	12	2826	18224	2.1495635763151686	1.0	0.8471522096388359	96.06909082474743
GOTERM_CC_ALL	GO:0005576~extracellular region	5	41.66666666666667	0.296830248419391	1808, 57142, 387, 5361, 8840	12	4623	18224	1.6425120772946862	1.0	0.8940725178208717	98.52975514359564
GOTERM_CC_ALL	GO:0044425~membrane part	6	50.0	0.4320413702644129	135, 4974, 57142, 387, 4099, 5361	12	7057	18224	1.2912002267252374	1.0	0.949439796768296	99.88621486579487
GOTERM_CC_ALL	GO:0031224~intrinsic component of membrane	5	41.66666666666667	0.5127049507681248	135, 4974, 57142, 4099, 5361	12	5981	18224	1.2695758791729366	1.0	0.9678444830658247	99.98184695955113
GOTERM_CC_ALL	GO:0016021~integral component of membrane	4	33.33333333333333	0.7413050461414314	135, 57142, 4099, 5361	12	5872	18224	1.0345140781108082	1.0	0.9968058977192289	99.9999908019161

Annotation Cluster 2	Enrichment Score: 2.441324524572405
Category	Term	Count	%	PValue	Genes	List Total	Pop Hits	Pop Total	Fold Enrichment	Bonferroni	Benjamini	FDR
GOTERM_BP_ALL	GO:0048468~cell development	11	91.66666666666666	4.711317202121174E-9	1808, 135, 4974, 57142, 6198, 387, 4099, 5361, 5170, 57591, 9475	12	1968	16792	7.821476964769647	5.926819519608273E-6	5.926819519608273E-6	7.661369616496216E-6
GOTERM_BP_ALL	GO:0040011~locomotion	10	83.33333333333334	1.9655630674977536E-8	1808, 135, 57142, 6198, 387, 4099, 5361, 5170, 57591, 9475	12	1530	16792	9.145969498910675	2.4726477932279778E-5	1.2363315391894503E-5	3.196325514265297E-5
GOTERM_BP_ALL	GO:0006928~movement of cell or subcellular component	9	75.0	2.0594703000920354E-6	1808, 57142, 6198, 387, 4099, 5361, 5170, 57591, 9475	12	1795	16792	7.016155988857939	0.0025874630373119434	3.2379960375794603E-4	0.003348981832418385
GOTERM_BP_ALL	GO:0030154~cell differentiation	11	91.66666666666666	2.0703472855329085E-6	1808, 135, 4974, 57142, 6198, 387, 4099, 5361, 5170, 57591, 9475	12	3652	16792	4.214859437751004	0.0026011108148853435	2.893469734509546E-4	0.0033666690265832244
GOTERM_BP_ALL	GO:0051239~regulation of multicellular organismal process	10	83.33333333333334	2.505720641250845E-6	1808, 135, 4974, 57142, 6198, 387, 4099, 5361, 5170, 9475	12	2659	16792	5.262630061426602	0.0031472375479774106	2.8652262781292404E-4	0.004074632359962749
GOTERM_BP_ALL	GO:0048869~cellular developmental process	11	91.66666666666666	4.931925363096626E-6	1808, 135, 4974, 57142, 6198, 387, 4099, 5361, 5170, 57591, 9475	12	3992	16792	3.8558784235136936	0.006185170000921558	3.2649286889208096E-4	0.008019812865556197
GOTERM_BP_ALL	GO:0048731~system development	11	91.66666666666666	9.95348403111694E-6	1808, 135, 4974, 57142, 6198, 387, 4099, 5361, 5170, 57591, 9475	12	4291	16792	3.5871980113415676	0.012443476865515057	4.814819437231055E-4	0.01618475843208067
GOTERM_BP_ALL	GO:0007275~multicellular organism development	11	91.66666666666666	3.436651707678506E-5	1808, 135, 4974, 57142, 6198, 387, 4099, 5361, 5170, 57591, 9475	12	4877	16792	3.1561752443442006	0.04231256391704863	0.0013092579724929276	0.0558709062526197
GOTERM_BP_ALL	GO:0048856~anatomical structure development	11	91.66666666666666	1.0419034050461764E-4	1808, 135, 4974, 57142, 6198, 387, 4099, 5361, 5170, 57591, 9475	12	5473	16792	2.81247335404105	0.12285088891349194	0.002974618778864291	0.16929583958597005
GOTERM_BP_ALL	GO:0044767~single-organism developmental process	11	91.66666666666666	1.0455593326926003E-4	1808, 135, 4974, 57142, 6198, 387, 4099, 5361, 5170, 57591, 9475	12	5475	16792	2.8114459665144595	0.12325425289573178	0.002918804000676567	0.16988940672554298
GOTERM_BP_ALL	GO:0032502~developmental process	11	91.66666666666666	1.3707387749906474E-4	1808, 135, 4974, 57142, 6198, 387, 4099, 5361, 5170, 57591, 9475	12	5632	16792	2.733072916666667	0.15840026965883225	0.003513217371930555	0.22267146900680768
GOTERM_BP_ALL	GO:0048523~negative regulation of cellular process	10	83.33333333333334	1.5353045456603805E-4	135, 4974, 57142, 6198, 387, 4099, 5170, 57591, 8840, 9475	12	4300	16792	3.254263565891473	0.17564675034284494	0.0038556705385128787	0.24937326377609814
GOTERM_BP_ALL	GO:0044707~single-multicellular organism process	11	91.66666666666666	2.2904309376469624E-4	1808, 135, 4974, 57142, 6198, 387, 4099, 5361, 5170, 57591, 9475	12	5943	16792	2.5900499186718267	0.2503652677853728	0.005422400422083973	0.3718111369870436
GOTERM_BP_ALL	GO:0048519~negative regulation of biological process	10	83.33333333333334	2.8175047101792745E-4	135, 4974, 57142, 6198, 387, 4099, 5170, 57591, 8840, 9475	12	4623	16792	3.0268945129425338	0.2984702940695554	0.006424583254477478	0.4571884541279436
GOTERM_BP_ALL	GO:0016043~cellular component organization	11	91.66666666666666	2.977537386172975E-4	1808, 135, 4974, 57142, 387, 4099, 5361, 5170, 57591, 8840, 9475	12	6109	16792	2.519670431603645	0.3124563631592501	0.006550904437410798	0.48309753367570263
GOTERM_BP_ALL	GO:0071840~cellular component organization or biogenesis	11	91.66666666666666	3.7838222977413914E-4	1808, 135, 4974, 57142, 387, 4099, 5361, 5170, 57591, 8840, 9475	12	6265	16792	2.456930034583666	0.37879548756139725	0.007903517055892095	0.6135377571307443
GOTERM_BP_ALL	GO:0032501~multicellular organismal process	11	91.66666666666666	0.0011188212178631514	1808, 135, 4974, 57142, 6198, 387, 4099, 5361, 5170, 57591, 9475	12	7027	16792	2.190503296807552	0.7554327697353543	0.019639304927760892	1.803934974263044
GOTERM_BP_ALL	GO:0051179~localization	10	83.33333333333334	0.0020175589674607556	1808, 135, 57142, 6198, 387, 4099, 5361, 5170, 57591, 9475	12	5872	16792	2.383060853769301	0.9211850833449797	0.032877049002668524	3.23084986613017
GOTERM_BP_ALL	GO:0050794~regulation of cellular process	12	100.0	0.0056375837638471035	1808, 135, 4974, 57142, 6198, 387, 4099, 5361, 5170, 57591, 8840, 9475	12	10489	16792	1.600915244541901	0.9991848569404657	0.07937213787033104	8.783619539939092
GOTERM_BP_ALL	GO:0051716~cellular response to stimulus	10	83.33333333333334	0.0075310672039813195	1808, 135, 6198, 387, 4099, 5361, 5170, 57591, 8840, 9475	12	6927	16792	2.020114527693566	0.999925888337572	0.09922953471907003	11.5675245397043
GOTERM_BP_ALL	GO:0050789~regulation of biological process	12	100.0	0.00879897944117597	1808, 135, 4974, 57142, 6198, 387, 4099, 5361, 5170, 57591, 8840, 9475	12	10922	16792	1.5374473539644755	0.9999851587807324	0.1115506885404578	13.38688792052235
GOTERM_BP_ALL	GO:0007165~signal transduction	9	75.0	0.01086528429535477	1808, 135, 6198, 387, 5361, 5170, 57591, 8840, 9475	12	5775	16792	2.180779220779221	0.9999989251464746	0.13084866640809167	16.27680489030968
GOTERM_BP_ALL	GO:0048522~positive regulation of cellular process	8	66.66666666666666	0.01535690829639841	1808, 135, 6198, 387, 4099, 5170, 57591, 9475	12	4744	16792	2.359752670039348	0.9999999964942698	0.16924286337115924	22.24954271996339
GOTERM_BP_ALL	GO:0065007~biological regulation	12	100.0	0.01624806182830612	1808, 135, 4974, 57142, 6198, 387, 4099, 5361, 5170, 57591, 8840, 9475	12	11548	16792	1.4541046068583305	0.9999999988777591	0.17518615058338993	23.385975932716953
GOTERM_BP_ALL	GO:0044700~single organism signaling	9	75.0	0.017536650466288675	1808, 135, 6198, 387, 5361, 5170, 57591, 8840, 9475	12	6207	16792	2.0289995166747223	0.9999999997842363	0.1862335115562822	25.001693536040882
GOTERM_BP_ALL	GO:0023052~signaling	9	75.0	0.01854174958642632	1808, 135, 6198, 387, 5361, 5170, 57591, 8840, 9475	12	6260	16792	2.011821086261981	0.9999999999404664	0.19268449374866048	26.23969443034214
GOTERM_BP_ALL	GO:0007154~cell communication	9	75.0	0.018834396569688057	1808, 135, 6198, 387, 5361, 5170, 57591, 8840, 9475	12	6275	16792	2.007011952191235	0.9999999999590897	0.1923029433776574	26.596532456296384
GOTERM_BP_ALL	GO:0048518~positive regulation of biological process	8	66.66666666666666	0.028188941007936567	1808, 135, 6198, 387, 4099, 5170, 57591, 9475	12	5285	16792	2.1181961526332382	0.9999999999999998	0.25535304684605153	37.18542537266579
GOTERM_BP_ALL	GO:0050896~response to stimulus	10	83.33333333333334	0.030790037007657603	1808, 135, 6198, 387, 4099, 5361, 5170, 57591, 8840, 9475	12	8329	16792	1.680073638291912	1.0	0.2718730619998996	39.86429312979376
GOTERM_BP_ALL	GO:0044763~single-organism cellular process	12	100.0	0.031273959497457864	1808, 135, 4974, 57142, 6198, 387, 4099, 5361, 5170, 57591, 8840, 9475	12	12256	16792	1.3701044386422976	1.0	0.27001558625056965	40.35070093894048
GOTERM_BP_ALL	GO:0042221~response to chemical	7	58.333333333333336	0.03128170162223008	1808, 135, 6198, 387, 5361, 5170, 9475	12	4117	16792	2.3792405473241036	1.0	0.2682759368186124	40.35845273135544
GOTERM_CC_ALL	GO:0016020~membrane	10	83.33333333333334	0.0430823251124661	1808, 135, 4974, 57142, 6198, 387, 4099, 5361, 5170, 9475	12	9462	18224	1.6050165574579018	0.9988147494038472	0.5269927493165948	41.00319498393992
GOTERM_MF_ALL	GO:0005515~protein binding	10	83.33333333333334	0.0764372578658299	1808, 135, 57142, 6198, 387, 4099, 5170, 57591, 8840, 9475	11	10806	16881	1.4201706122861035	0.9999620073331488	0.9663824086909456	60.285425660232505
GOTERM_BP_ALL	GO:0044699~single-organism process	12	100.0	0.08193246168598568	1808, 135, 4974, 57142, 6198, 387, 4099, 5361, 5170, 57591, 8840, 9475	12	13377	16792	1.2552889287583167	1.0	0.5212469525165158	75.09531896995814
GOTERM_CC_ALL	GO:0005737~cytoplasm	10	83.33333333333334	0.10762951208450681	1808, 57142, 6198, 387, 4099, 5361, 5170, 57591, 8840, 9475	12	10775	18224	1.4094354215003866	0.999999972872145	0.7658731144920111	74.44917331036496
GOTERM_CC_ALL	GO:0044424~intracellular part	11	91.66666666666666	0.2196948624880755	1808, 135, 57142, 6198, 387, 4099, 5361, 5170, 57591, 8840, 9475	12	13860	18224	1.2052910052910053	1.0	0.8643419908652102	94.88256107063309
GOTERM_CC_ALL	GO:0005622~intracellular	11	91.66666666666666	0.2668413564299937	1808, 135, 57142, 6198, 387, 4099, 5361, 5170, 57591, 8840, 9475	12	14216	18224	1.1751078596886138	1.0	0.8731549921202013	97.57491668933741
GOTERM_CC_ALL	GO:0044464~cell part	12	100.0	0.3238263901263254	1808, 135, 4974, 57142, 6198, 387, 4099, 5361, 5170, 57591, 8840, 9475	12	16449	18224	1.1079092953978964	1.0	0.9088080952383325	99.08026514044312
GOTERM_CC_ALL	GO:0005623~cell	12	100.0	0.3301640417689269	1808, 135, 4974, 57142, 6198, 387, 4099, 5361, 5170, 57591, 8840, 9475	12	16478	18224	1.105959461099648	1.0	0.9053999624673775	99.17840673756491
GOTERM_BP_ALL	GO:0009987~cellular process	12	100.0	0.4317694230121795	1808, 135, 4974, 57142, 6198, 387, 4099, 5361, 5170, 57591, 8840, 9475	12	15558	16792	1.0793161074688264	1.0	0.9807513753884904	99.98981010300699
GOTERM_CC_ALL	GO:0043229~intracellular organelle	9	75.0	0.4646423978305097	1808, 135, 57142, 6198, 387, 5361, 5170, 57591, 9475	12	12099	18224	1.1296801388544508	1.0	0.954214631814941	99.94396484799584
GOTERM_MF_ALL	GO:0005488~binding	10	83.33333333333334	0.5512874342793512	1808, 135, 57142, 6198, 387, 4099, 5170, 57591, 8840, 9475	11	14381	16881	1.067127712701734	1.0	0.9976037865089852	99.99091778570771
GOTERM_CC_ALL	GO:0043226~organelle	9	75.0	0.6333060000587774	1808, 135, 57142, 6198, 387, 5361, 5170, 57591, 9475	12	13154	18224	1.039075566367645	1.0	0.9890511850088876	99.99939848722468
GOTERM_BP_ALL	GO:0044237~cellular metabolic process	7	58.333333333333336	0.7699674181806986	1808, 135, 6198, 387, 5170, 57591, 9475	12	10202	16792	0.960138534927792	1.0	0.9999032490950732	99.99999999581539
GOTERM_BP_ALL	GO:0044238~primary metabolic process	7	58.333333333333336	0.7751549399677935	1808, 135, 6198, 387, 5170, 57591, 9475	12	10243	16792	0.956295356178203	1.0	0.9999121729829069	99.9999999971122
GOTERM_BP_ALL	GO:0071704~organic substance metabolic process	7	58.333333333333336	0.8296394279035086	1808, 135, 6198, 387, 5170, 57591, 9475	12	10707	16792	0.9148532112947916	1.0	0.9999817984074917	99.99999999996831
GOTERM_BP_ALL	GO:0008152~metabolic process	7	58.333333333333336	0.8669987958730946	1808, 135, 6198, 387, 5170, 57591, 9475	12	11075	16792	0.8844544770504139	1.0	0.9999952639952548	99.99999999999943

Annotation Cluster 3	Enrichment Score: 1.9644635410746443
Category	Term	Count	%	PValue	Genes	List Total	Pop Hits	Pop Total	Fold Enrichment	Bonferroni	Benjamini	FDR
GOTERM_BP_ALL	GO:0040008~regulation of growth	5	41.66666666666667	5.974030714026669E-4	1808, 57142, 6198, 5361, 8840	12	652	16792	10.731083844580777	0.528462967143809	0.011498878784945599	0.9670587057939661
GOTERM_BP_ALL	GO:0001558~regulation of cell growth	4	33.33333333333333	0.001961307901196695	1808, 57142, 5361, 8840	12	403	16792	13.889164598842017	0.9153938314240383	0.03282417452184072	3.1421147191116106
GOTERM_BP_ALL	GO:0040007~growth	5	41.66666666666667	0.002272107920890261	1808, 57142, 6198, 5361, 8840	12	932	16792	7.507153075822604	0.9428207316616241	0.03648109232943997	3.631443775817844
GOTERM_CC_ALL	GO:0044421~extracellular region part	5	41.66666666666667	0.19051621921643186	1808, 57142, 387, 5361, 8840	12	3878	18224	1.9580539797146297	0.999999999999991	0.8507640814768469	92.0549102443252
GOTERM_CC_ALL	GO:0005576~extracellular region	5	41.66666666666667	0.296830248419391	1808, 57142, 387, 5361, 8840	12	4623	18224	1.6425120772946862	1.0	0.8940725178208717	98.52975514359564

Annotation Cluster 4	Enrichment Score: 1.3670144479275377
Category	Term	Count	%	PValue	Genes	List Total	Pop Hits	Pop Total	Fold Enrichment	Bonferroni	Benjamini	FDR
GOTERM_BP_ALL	GO:0040011~locomotion	10	83.33333333333334	1.9655630674977536E-8	1808, 135, 57142, 6198, 387, 4099, 5361, 5170, 57591, 9475	12	1530	16792	9.145969498910675	2.4726477932279778E-5	1.2363315391894503E-5	3.196325514265297E-5
GOTERM_BP_ALL	GO:0006928~movement of cell or subcellular component	9	75.0	2.0594703000920354E-6	1808, 57142, 6198, 387, 4099, 5361, 5170, 57591, 9475	12	1795	16792	7.016155988857939	0.0025874630373119434	3.2379960375794603E-4	0.003348981832418385
GOTERM_BP_ALL	GO:0016477~cell migration	8	66.66666666666666	2.1840181299793986E-6	57142, 6198, 387, 4099, 5361, 5170, 57591, 9475	12	1184	16792	9.454954954954955	0.002743726890068743	2.7471204052054166E-4	0.0035515103506855716
GOTERM_BP_ALL	GO:0040012~regulation of locomotion	7	58.333333333333336	3.404401546358416E-6	135, 57142, 6198, 387, 5361, 5170, 9475	12	768	16792	12.754340277777779	0.004273586563709353	3.293876196277523E-4	0.005535968117276191
GOTERM_BP_ALL	GO:0048870~cell motility	8	66.66666666666666	4.780911365196889E-6	57142, 6198, 387, 4099, 5361, 5170, 57591, 9475	12	1330	16792	8.41704260651629	0.00599635057108916	3.5372571104774764E-4	0.007774257685710939
GOTERM_BP_ALL	GO:0051674~localization of cell	8	66.66666666666666	4.780911365196889E-6	57142, 6198, 387, 4099, 5361, 5170, 57591, 9475	12	1330	16792	8.41704260651629	0.00599635057108916	3.5372571104774764E-4	0.007774257685710939
GOTERM_BP_ALL	GO:0030334~regulation of cell migration	6	50.0	4.1901085236847634E-5	57142, 6198, 387, 5361, 5170, 9475	12	685	16792	12.256934306569343	0.05134744995202223	0.001504942710411017	0.0681162136652591
GOTERM_BP_ALL	GO:2000145~regulation of cell motility	6	50.0	5.912927442442945E-5	57142, 6198, 387, 5361, 5170, 9475	12	736	16792	11.407608695652174	0.0716874714773611	0.001955633317318517	0.09611046720326977
GOTERM_BP_ALL	GO:0051270~regulation of cellular component movement	6	50.0	8.911493243382E-5	57142, 6198, 387, 5361, 5170, 9475	12	802	16792	10.468827930174564	0.10605549482519083	0.002603850143730657	0.14481690496874755
GOTERM_BP_ALL	GO:0032879~regulation of localization	8	66.66666666666666	2.844971971123889E-4	1808, 135, 57142, 6198, 387, 5361, 5170, 9475	12	2473	16792	4.526755627443052	0.30089084772509467	0.006371550643692325	0.4616358174955315
GOTERM_CC_ALL	GO:0042995~cell projection	7	58.333333333333336	3.1562925674959283E-4	1808, 135, 57142, 6198, 387, 4099, 5170	12	1846	18224	5.758757674250632	0.04715106104433642	0.04715106104433642	0.3775497828753638
GOTERM_CC_ALL	GO:0097458~neuron part	6	50.0	6.607409747032888E-4	1808, 135, 57142, 6198, 4099, 5170	12	1333	18224	6.835708927231808	0.09618156239072073	0.04930633871405288	0.7888703738292535
GOTERM_CC_ALL	GO:0045202~synapse	5	41.66666666666667	7.636794880062309E-4	1808, 135, 57142, 6198, 5170	12	755	18224	10.05739514348786	0.11031481155573375	0.03821325648246965	0.9112556734112598
GOTERM_BP_ALL	GO:0048638~regulation of developmental growth	4	33.33333333333333	8.620573926546165E-4	1808, 57142, 6198, 5361	12	303	16792	18.47304730473047	0.6620765558280761	0.016062670232887766	1.3926619218851743
GOTERM_BP_ALL	GO:0048513~animal organ development	8	66.66666666666666	0.0012625651092251667	1808, 57142, 6198, 387, 4099, 5361, 5170, 57591	12	3129	16792	3.577713859593054	0.7959337172774952	0.02183191324720768	2.0334741915348786
GOTERM_BP_ALL	GO:0010941~regulation of cell death	6	50.0	0.0016942214865367103	135, 57142, 6198, 5170, 57591, 8840	12	1509	16792	5.5639496355202125	0.8815350502642099	0.02879826330081192	2.7197471364955317
GOTERM_BP_ALL	GO:0060548~negative regulation of cell death	5	41.66666666666667	0.001972706812464216	135, 6198, 5170, 57591, 8840	12	897	16792	7.800074321813453	0.9166007692213087	0.03257903683972174	3.1601024843421643
GOTERM_BP_ALL	GO:0051179~localization	10	83.33333333333334	0.0020175589674607556	1808, 135, 57142, 6198, 387, 4099, 5361, 5170, 57591, 9475	12	5872	16792	2.383060853769301	0.9211850833449797	0.032877049002668524	3.23084986613017
GOTERM_MF_ALL	GO:0019899~enzyme binding	6	50.0	0.002119333839460188	1808, 135, 6198, 4099, 5170, 9475	11	1789	16881	5.146907871334925	0.23781243028659682	0.23781243028659682	2.4337590357513816
GOTERM_BP_ALL	GO:0009888~tissue development	6	50.0	0.0033441014218199205	57142, 6198, 387, 5361, 5170, 9475	12	1756	16792	4.781321184510251	0.9852118549001773	0.05131087701194481	5.301466461451387
GOTERM_BP_ALL	GO:0007166~cell surface receptor signaling pathway	7	58.333333333333336	0.003588812040009276	135, 6198, 387, 5361, 5170, 8840, 9475	12	2669	16792	3.6700387161233925	0.9891419249539104	0.05430730346245338	5.6788660307724115
GOTERM_BP_ALL	GO:0007010~cytoskeleton organization	5	41.66666666666667	0.0047987950780462646	1808, 387, 5170, 57591, 9475	12	1144	16792	6.115967365967367	0.9976454734232804	0.07114046445453848	7.5242809393564976
GOTERM_BP_ALL	GO:0030036~actin cytoskeleton organization	4	33.33333333333333	0.004810009054813941	387, 5170, 57591, 9475	12	553	16792	10.12176009644364	0.997678614068191	0.0704729850467003	7.541224442868877
GOTERM_CC_ALL	GO:0044456~synapse part	4	33.33333333333333	0.004966966411293749	1808, 135, 57142, 5170	12	607	18224	10.00768808347062	0.5331930296876077	0.17342106541472935	5.792017312000142
GOTERM_BP_ALL	GO:0008219~cell death	6	50.0	0.005403472336821942	135, 57142, 6198, 5170, 57591, 8840	12	1958	16792	4.288049029622063	0.998903903297588	0.07793803958922929	8.433758767277311
GOTERM_BP_ALL	GO:0048589~developmental growth	4	33.33333333333333	0.005576740277711577	1808, 57142, 6198, 5361	12	583	16792	9.600914808461978	0.9991196352281839	0.07943416095888345	8.692814678789384
GOTERM_BP_ALL	GO:0097190~apoptotic signaling pathway	4	33.33333333333333	0.005576740277711577	135, 6198, 5170, 57591	12	583	16792	9.600914808461978	0.9991196352281839	0.07943416095888345	8.692814678789384
GOTERM_BP_ALL	GO:0007169~transmembrane receptor protein tyrosine kinase signaling pathway	4	33.33333333333333	0.007483300154535822	6198, 387, 5170, 9475	12	648	16792	8.637860082304526	0.9999212625907944	0.10073089018858805	11.498286164161298
GOTERM_BP_ALL	GO:0009611~response to wounding	4	33.33333333333333	0.007515326040206557	135, 6198, 387, 5170	12	649	16792	8.624550590652285	0.9999243947747283	0.10007538434883212	11.5447133285144
GOTERM_BP_ALL	GO:0030029~actin filament-based process	4	33.33333333333333	0.008274973500953867	387, 5170, 57591, 9475	12	672	16792	8.329365079365079	0.9999711449820562	0.10740473254818172	12.639278014068712
GOTERM_BP_ALL	GO:0051336~regulation of hydrolase activity	5	41.66666666666667	0.008376809605805606	135, 387, 5170, 57591, 9475	12	1337	16792	5.233108950386438	0.9999746418923743	0.1075540941875276	12.785042100277987
GOTERM_BP_ALL	GO:0042981~regulation of apoptotic process	5	41.66666666666667	0.009853218382875653	135, 57142, 6198, 5170, 57591	12	1400	16792	4.9976190476190485	0.9999961089047725	0.12289136216692154	14.872836491992514
GOTERM_BP_ALL	GO:0043067~regulation of programmed cell death	5	41.66666666666667	0.0101782574943414	135, 57142, 6198, 5170, 57591	12	1413	16792	4.951639537626798	0.999997425501905	0.12546328337513324	15.326131271578769
GOTERM_BP_ALL	GO:0051240~positive regulation of multicellular organismal process	5	41.66666666666667	0.010640104247277637	135, 6198, 387, 4099, 9475	12	1431	16792	4.8893547635686	0.9999985687617299	0.12953841913802744	15.966321086779223
GOTERM_BP_ALL	GO:0007165~signal transduction	9	75.0	0.01086528429535477	1808, 135, 6198, 387, 5361, 5170, 57591, 8840, 9475	12	5775	16792	2.180779220779221	0.9999989251464746	0.13084866640809167	16.27680489030968
GOTERM_BP_ALL	GO:0032268~regulation of cellular protein metabolic process	6	50.0	0.011763908308270997	135, 6198, 387, 5170, 57591, 9475	12	2346	16792	3.5788576300085255	0.9999996574103382	0.13961131679506533	17.505160886829884
GOTERM_BP_ALL	GO:0010243~response to organonitrogen compound	4	33.33333333333333	0.012844477275387015	1808, 135, 6198, 5170	12	789	16792	7.094212082805239	0.9999999134914395	0.15009459558686422	18.959824950181993
GOTERM_BP_ALL	GO:0009719~response to endogenous stimulus	5	41.66666666666667	0.013987941443912622	1808, 135, 6198, 387, 5170	12	1548	16792	4.519810508182601	0.9999999798701472	0.16092573346028682	20.472922200090693
GOTERM_BP_ALL	GO:0043066~negative regulation of apoptotic process	4	33.33333333333333	0.014165147025671856	135, 6198, 5170, 57591	12	818	16792	6.842705786471067	0.9999999839437771	0.1613422992920428	20.705024148235307
GOTERM_BP_ALL	GO:0043069~negative regulation of programmed cell death	4	33.33333333333333	0.014686113487888262	135, 6198, 5170, 57591	12	829	16792	6.751909931644551	0.9999999917424488	0.165314579109061	21.38370394394237
GOTERM_BP_ALL	GO:0043086~negative regulation of catalytic activity	4	33.33333333333333	0.015169338098589663	135, 5170, 57591, 9475	12	839	16792	6.671434247119587	0.9999999955450338	0.1688097751744606	22.008339304677772
GOTERM_BP_ALL	GO:0048522~positive regulation of cellular process	8	66.66666666666666	0.01535690829639841	1808, 135, 6198, 387, 4099, 5170, 57591, 9475	12	4744	16792	2.359752670039348	0.9999999964942698	0.16924286337115924	22.24954271996339
GOTERM_BP_ALL	GO:0051246~regulation of protein metabolic process	6	50.0	0.015677928242873507	135, 6198, 387, 5170, 57591, 9475	12	2512	16792	3.3423566878980893	0.9999999976739063	0.17100275580111401	22.66073039299501
GOTERM_BP_ALL	GO:0044700~single organism signaling	9	75.0	0.017536650466288675	1808, 135, 6198, 387, 5361, 5170, 57591, 8840, 9475	12	6207	16792	2.0289995166747223	0.9999999997842363	0.1862335115562822	25.001693536040882
GOTERM_CC_ALL	GO:0043005~neuron projection	4	33.33333333333333	0.017785603013718582	1808, 135, 6198, 4099	12	966	18224	6.28847481021394	0.9357958315264012	0.32445872470718884	19.348679723195474
GOTERM_BP_ALL	GO:1901698~response to nitrogen compound	4	33.33333333333333	0.018046205324750063	1808, 135, 6198, 5170	12	895	16792	6.254003724394785	0.9999999998876574	0.18956051733942736	25.631739375648287
GOTERM_BP_ALL	GO:0023052~signaling	9	75.0	0.01854174958642632	1808, 135, 6198, 387, 5361, 5170, 57591, 8840, 9475	12	6260	16792	2.011821086261981	0.9999999999404664	0.19268449374866048	26.23969443034214
GOTERM_BP_ALL	GO:0014070~response to organic cyclic compound	4	33.33333333333333	0.018645639685931414	1808, 135, 6198, 9475	12	906	16792	6.178072111846946	0.9999999999478892	0.19209609655425697	26.36655841825746
GOTERM_BP_ALL	GO:0007154~cell communication	9	75.0	0.018834396569688057	1808, 135, 6198, 387, 5361, 5170, 57591, 8840, 9475	12	6275	16792	2.007011952191235	0.9999999999590897	0.1923029433776574	26.596532456296384
GOTERM_BP_ALL	GO:0051050~positive regulation of transport	4	33.33333333333333	0.01942498544506337	1808, 135, 387, 5170	12	920	16792	6.084057971014492	0.9999999999808188	0.1961811445073618	27.311736464911675
GOTERM_BP_ALL	GO:0006915~apoptotic process	5	41.66666666666667	0.021159349634380056	135, 57142, 6198, 5170, 57591	12	1747	16792	4.004960885327228	0.9999999999979313	0.21022011003448482	29.37443624171131
GOTERM_BP_ALL	GO:0007167~enzyme linked receptor protein signaling pathway	4	33.33333333333333	0.021394650427765526	6198, 387, 5170, 9475	12	954	16792	5.86722571628232	0.9999999999984712	0.2106762821380188	29.65001195296978
GOTERM_BP_ALL	GO:0051049~regulation of transport	5	41.66666666666667	0.023229923068599077	1808, 135, 6198, 387, 5170	12	1796	16792	3.895694135115071	0.9999999999998559	0.22500346745046496	31.765044121322504
GOTERM_BP_ALL	GO:0032269~negative regulation of cellular protein metabolic process	4	33.33333333333333	0.023725840046930752	135, 5170, 57591, 9475	12	992	16792	5.642473118279569	0.999999999999924	0.22754265176856803	32.32622887818777
GOTERM_BP_ALL	GO:0010033~response to organic substance	6	50.0	0.02530325825395168	1808, 135, 6198, 387, 5170, 9475	12	2822	16792	2.975194897236003	0.99999999999999	0.23908227075558797	34.08258674746555
GOTERM_BP_ALL	GO:0006468~protein phosphorylation	5	41.66666666666667	0.025750626355589796	135, 6198, 387, 5170, 9475	12	1852	16792	3.777897768178546	0.9999999999999944	0.2410255710138427	34.57286126416379
GOTERM_BP_ALL	GO:0012501~programmed cell death	5	41.66666666666667	0.025750626355589796	135, 57142, 6198, 5170, 57591	12	1852	16792	3.777897768178546	0.9999999999999944	0.2410255710138427	34.57286126416379
GOTERM_BP_ALL	GO:0031325~positive regulation of cellular metabolic process	6	50.0	0.025926442344852297	135, 6198, 387, 5170, 57591, 9475	12	2839	16792	2.9573793589292006	0.9999999999999956	0.24071721158668513	34.764601072081646
GOTERM_BP_ALL	GO:0010562~positive regulation of phosphorus metabolic process	4	33.33333333333333	0.027481294671104706	135, 387, 5170, 9475	12	1049	16792	5.335875436924054	0.9999999999999994	0.25152237065647376	36.43747331746059
GOTERM_BP_ALL	GO:0045937~positive regulation of phosphate metabolic process	4	33.33333333333333	0.027481294671104706	135, 387, 5170, 9475	12	1049	16792	5.335875436924054	0.9999999999999994	0.25152237065647376	36.43747331746059
GOTERM_BP_ALL	GO:0051248~negative regulation of protein metabolic process	4	33.33333333333333	0.027481294671104706	135, 5170, 57591, 9475	12	1049	16792	5.335875436924054	0.9999999999999994	0.25152237065647376	36.43747331746059
GOTERM_BP_ALL	GO:0048518~positive regulation of biological process	8	66.66666666666666	0.028188941007936567	1808, 135, 6198, 387, 4099, 5170, 57591, 9475	12	5285	16792	2.1181961526332382	0.9999999999999998	0.25535304684605153	37.18542537266579
GOTERM_BP_ALL	GO:0060429~epithelium development	4	33.33333333333333	0.02824191142509511	387, 5361, 5170, 9475	12	1060	16792	5.280503144654087	0.9999999999999998	0.2539819171674573	37.24107925108636
GOTERM_BP_ALL	GO:0044092~negative regulation of molecular function	4	33.33333333333333	0.031105910177967936	135, 5170, 57591, 9475	12	1100	16792	5.088484848484849	1.0	0.27241330097322747	40.182208582625535
GOTERM_BP_ALL	GO:1902580~single-organism cellular localization	4	33.33333333333333	0.03125315353143726	1808, 387, 5170, 9475	12	1102	16792	5.07924984875983	1.0	0.27168056051044276	40.32986430713866
GOTERM_BP_ALL	GO:0042221~response to chemical	7	58.333333333333336	0.03128170162223008	1808, 135, 6198, 387, 5361, 5170, 9475	12	4117	16792	2.3792405473241036	1.0	0.2682759368186124	40.35845273135544
GOTERM_MF_ALL	GO:0097367~carbohydrate derivative binding	5	41.66666666666667	0.03351223404485547	6198, 387, 5170, 8840, 9475	11	2241	16881	3.4239990264086644	0.9872610331691996	0.8871329683618799	32.68986918288825
GOTERM_BP_ALL	GO:0009893~positive regulation of metabolic process	6	50.0	0.034646460623760256	135, 6198, 387, 5170, 57591, 9475	12	3052	16792	2.750982961992136	1.0	0.29097319136359556	43.639376621247635
GOTERM_CC_ALL	GO:0005829~cytosol	6	50.0	0.03837559463427276	1808, 6198, 387, 5170, 57591, 9475	12	3399	18224	2.6807884671962343	0.9974890505785085	0.5268708071158141	37.43057941775033
GOTERM_CC_ALL	GO:0030054~cell junction	4	33.33333333333333	0.04505721292252906	57142, 6198, 387, 5170	12	1379	18224	4.40512448634276	0.9991359577713984	0.5060835429927812	42.44574210745963
GOTERM_BP_ALL	GO:0016310~phosphorylation	5	41.66666666666667	0.04723933804218343	135, 6198, 387, 5170, 9475	12	2229	16792	3.138926274861672	1.0	0.37392261236303426	54.47576991942129
GOTERM_BP_ALL	GO:0001932~regulation of protein phosphorylation	4	33.33333333333333	0.04773343934090191	135, 387, 5170, 9475	12	1300	16792	4.305641025641025	1.0	0.3748027369798672	54.85817271447726
GOTERM_BP_ALL	GO:0048585~negative regulation of response to stimulus	4	33.33333333333333	0.05435460568112878	135, 6198, 5170, 57591	12	1369	16792	4.08862916971025	1.0	0.41293869519075843	59.70021045050695
GOTERM_BP_ALL	GO:0050790~regulation of catalytic activity	5	41.66666666666667	0.05640354781840597	135, 387, 5170, 57591, 9475	12	2357	16792	2.9684627351152595	1.0	0.4225524868437607	61.09690793099496
GOTERM_BP_ALL	GO:0042325~regulation of phosphorylation	4	33.33333333333333	0.056762364544913235	135, 387, 5170, 9475	12	1393	16792	4.018186168939938	1.0	0.42224785315373103	61.336777319808355
GOTERM_BP_ALL	GO:0032270~positive regulation of cellular protein metabolic process	4	33.33333333333333	0.05953512999538414	6198, 387, 5170, 9475	12	1420	16792	3.9417840375586857	1.0	0.43559309821997305	63.14411429999986
GOTERM_BP_ALL	GO:0065008~regulation of biological quality	6	50.0	0.06206917328865413	1808, 135, 57142, 387, 5361, 5170	12	3548	16792	2.3664036076662907	1.0	0.4471847794776145	64.72622019465074
GOTERM_BP_ALL	GO:1901700~response to oxygen-containing compound	4	33.33333333333333	0.06441395520204769	1808, 6198, 5170, 9475	12	1466	16792	3.8180991359708956	1.0	0.4574035767655712	66.1331820720597
GOTERM_BP_ALL	GO:1902578~single-organism localization	6	50.0	0.06652089914917586	1808, 135, 6198, 387, 5170, 9475	12	3614	16792	2.3231876037631434	1.0	0.46608114310144155	67.35234106825419
GOTERM_BP_ALL	GO:0048583~regulation of response to stimulus	6	50.0	0.06804822580419559	135, 6198, 387, 5361, 5170, 57591	12	3636	16792	2.309130913091309	1.0	0.4715552136384392	68.2102269367788
GOTERM_BP_ALL	GO:0051247~positive regulation of protein metabolic process	4	33.33333333333333	0.0690371081167284	6198, 387, 5170, 9475	12	1508	16792	3.711759504862953	1.0	0.4741823538667016	68.75434071166255
GOTERM_BP_ALL	GO:0051641~cellular localization	5	41.66666666666667	0.07128343171414908	1808, 135, 387, 5170, 9475	12	2541	16792	2.7535091171454806	1.0	0.483043134644926	69.95803298056171
GOTERM_CC_ALL	GO:0043232~intracellular non-membrane-bounded organelle	6	50.0	0.0733252245789142	1808, 135, 57142, 387, 5170, 9475	12	4026	18224	2.2632886239443617	0.9999912927053148	0.6532716238033165	59.84820777408804
GOTERM_CC_ALL	GO:0043228~non-membrane-bounded organelle	6	50.0	0.0733252245789142	1808, 135, 57142, 387, 5170, 9475	12	4026	18224	2.2632886239443617	0.9999912927053148	0.6532716238033165	59.84820777408804
GOTERM_BP_ALL	GO:0006996~organelle organization	6	50.0	0.07653856042016348	1808, 57142, 387, 5170, 57591, 9475	12	3753	16792	2.2371436184385827	1.0	0.5060994763162235	72.60617036049433
GOTERM_BP_ALL	GO:0019220~regulation of phosphate metabolic process	4	33.33333333333333	0.08092087333393033	135, 387, 5170, 9475	12	1610	16792	3.4766045548654243	1.0	0.5239987920595802	74.64530122701436
GOTERM_BP_ALL	GO:0051174~regulation of phosphorus metabolic process	4	33.33333333333333	0.08104190112451992	135, 387, 5170, 9475	12	1611	16792	3.4744465135526585	1.0	0.5220887644153345	74.69954106606157
GOTERM_BP_ALL	GO:1902589~single-organism organelle organization	4	33.33333333333333	0.08116301549258313	387, 5170, 57591, 9475	12	1612	16792	3.4722911497105042	1.0	0.5201980401156633	74.75371067769872
GOTERM_MF_ALL	GO:0035639~purine ribonucleoside triphosphate binding	4	33.33333333333333	0.08657886986094983	6198, 387, 5170, 9475	11	1841	16881	3.334353859068688	0.9999907552557751	0.9448591159095985	65.0650668674945
GOTERM_BP_ALL	GO:0031399~regulation of protein modification process	4	33.33333333333333	0.08757936928011466	135, 387, 5170, 9475	12	1664	16792	3.363782051282051	1.0	0.5435883971381619	77.47279165149968
GOTERM_MF_ALL	GO:0032550~purine ribonucleoside binding	4	33.33333333333333	0.08759885894434916	6198, 387, 5170, 9475	11	1850	16881	3.318132678132678	0.999991987188497	0.9043341388413392	65.51543665950479
GOTERM_MF_ALL	GO:0032549~ribonucleoside binding	4	33.33333333333333	0.08794011609252948	6198, 387, 5170, 9475	11	1853	16881	3.3127606338615516	0.9999923618298847	0.8596653590667115	65.664927875731
GOTERM_MF_ALL	GO:0001883~purine nucleoside binding	4	33.33333333333333	0.08794011609252948	6198, 387, 5170, 9475	11	1853	16881	3.3127606338615516	0.9999923618298847	0.8596653590667115	65.664927875731
GOTERM_BP_ALL	GO:0009966~regulation of signal transduction	5	41.66666666666667	0.08846986113054271	135, 6198, 387, 5170, 57591	12	2728	16792	2.5647605083088956	1.0	0.5449555954376128	77.8276662422521
GOTERM_MF_ALL	GO:0001882~nucleoside binding	4	33.33333333333333	0.0887388283374228	6198, 387, 5170, 9475	11	1860	16881	3.300293255131965	0.9999931721055453	0.8171727312867665	66.01249965333204
GOTERM_MF_ALL	GO:0032555~purine ribonucleotide binding	4	33.33333333333333	0.09150314818073929	6198, 387, 5170, 9475	11	1884	16881	3.2582513028372904	0.9999953719438665	0.7846351478682798	67.19076202169852
GOTERM_MF_ALL	GO:0017076~purine nucleotide binding	4	33.33333333333333	0.09301712083126011	6198, 387, 5170, 9475	11	1897	16881	3.2359227488378783	0.999996261620346	0.7505607323813575	67.82013846851146
GOTERM_MF_ALL	GO:0032553~ribonucleotide binding	4	33.33333333333333	0.09336815000385255	6198, 387, 5170, 9475	11	1900	16881	3.230813397129187	0.9999964423404503	0.7148217244173283	67.96448067214865
GOTERM_BP_ALL	GO:0010604~positive regulation of macromolecule metabolic process	5	41.66666666666667	0.10141883407364959	6198, 387, 5170, 57591, 9475	12	2856	16792	2.4498132586367882	1.0	0.5945973679734469	82.4302261463351
GOTERM_BP_ALL	GO:0065009~regulation of molecular function	5	41.66666666666667	0.1021543534661256	135, 387, 5170, 57591, 9475	12	2863	16792	2.4438234951682385	1.0	0.5949411740709614	82.66263705968788
GOTERM_CC_ALL	GO:0005856~cytoskeleton	4	33.33333333333333	0.11842879477600603	1808, 135, 387, 9475	12	2054	18224	2.9574813372281725	0.9999999957890349	0.7731589415885692	77.91773835544132
GOTERM_BP_ALL	GO:0010646~regulation of cell communication	5	41.66666666666667	0.11938289835914619	135, 6198, 387, 5170, 57591	12	3020	16792	2.316777041942605	1.0	0.6532515649521113	87.34831180370341
GOTERM_BP_ALL	GO:0023051~regulation of signaling	5	41.66666666666667	0.12515900540204458	135, 6198, 387, 5170, 57591	12	3070	16792	2.2790445168295332	1.0	0.6693358547825701	88.63229197900236
GOTERM_BP_ALL	GO:0006796~phosphate-containing compound metabolic process	5	41.66666666666667	0.12668324720450092	135, 6198, 387, 5170, 9475	12	3083	16792	2.269434533463077	1.0	0.6716769337474697	88.95012363724966
GOTERM_BP_ALL	GO:0006793~phosphorus metabolic process	5	41.66666666666667	0.12738984797270397	135, 6198, 387, 5170, 9475	12	3089	16792	2.2650264378979177	1.0	0.6714732737647913	89.09461586234423
GOTERM_BP_ALL	GO:0051649~establishment of localization in cell	4	33.33333333333333	0.13490451832400857	1808, 135, 387, 5170	12	2004	16792	2.7930805056553556	1.0	0.691536587942262	90.52544662626813
GOTERM_BP_ALL	GO:0003008~system process	4	33.33333333333333	0.13642712751347671	135, 6198, 4099, 9475	12	2014	16792	2.7792121813968884	1.0	0.6935860504941476	90.79300839164637
GOTERM_BP_ALL	GO:0045184~establishment of protein localization	4	33.33333333333333	0.13749706155785107	135, 387, 5170, 9475	12	2021	16792	2.7695860135246577	1.0	0.6943204888332084	90.97676318670943
GOTERM_CC_ALL	GO:0031988~membrane-bounded vesicle	5	41.66666666666667	0.15699452556557222	1808, 57142, 387, 5361, 5170	12	3611	18224	2.102833933351796	0.999999999995512	0.8453207088877666	87.0801232516915
GOTERM_MF_ALL	GO:0000166~nucleotide binding	4	33.33333333333333	0.1582255161420516	6198, 387, 5170, 9475	11	2389	16881	2.569504166825222	0.9999999997338926	0.8652432189198696	86.47075569161362
GOTERM_MF_ALL	GO:1901265~nucleoside phosphate binding	4	33.33333333333333	0.15837233716066396	6198, 387, 5170, 9475	11	2390	16881	2.5684290604792697	0.9999999997397683	0.8410428686744825	86.49813490064508
GOTERM_BP_ALL	GO:0071310~cellular response to organic substance	4	33.33333333333333	0.1636530258042057	6198, 387, 5170, 9475	12	2186	16792	2.5605367490088438	1.0	0.7589876659372776	94.531379396597
GOTERM_BP_ALL	GO:0044765~single-organism transport	5	41.66666666666667	0.16861670280810703	1808, 135, 6198, 387, 5170	12	3415	16792	2.048804294777941	1.0	0.7680086019414748	95.03592527241773
GOTERM_CC_ALL	GO:0031982~vesicle	5	41.66666666666667	0.17459470800419655	1808, 57142, 387, 5361, 5170	12	3754	18224	2.022731308826141	0.9999999999998221	0.8587443136717339	89.96631555129733
GOTERM_CC_ALL	GO:0044446~intracellular organelle part	8	66.66666666666666	0.17684620222284336	1808, 135, 57142, 6198, 387, 5170, 57591, 9475	12	8233	18224	1.4756872747884529	0.9999999999998829	0.8444797553399185	90.28940199232159
GOTERM_BP_ALL	GO:0051234~establishment of localization	6	50.0	0.17895363148294052	1808, 135, 6198, 387, 5170, 9475	12	4790	16792	1.7528183716075154	1.0	0.7878143938085725	95.94977691731252
GOTERM_MF_ALL	GO:0036094~small molecule binding	4	33.33333333333333	0.18576520596975934	6198, 387, 5170, 9475	11	2571	16881	2.3876100562214915	0.9999999999962333	0.8678012374498818	90.80596423456115
GOTERM_BP_ALL	GO:0010605~negative regulation of macromolecule metabolic process	4	33.33333333333333	0.1871392221055687	135, 5170, 57591, 9475	12	2326	16792	2.4064201777013468	1.0	0.8018945051874171	96.5587501989716
GOTERM_BP_ALL	GO:0031324~negative regulation of cellular metabolic process	4	33.33333333333333	0.1904094977880719	135, 5170, 57591, 9475	12	2345	16792	2.386922530206112	1.0	0.806071683211246	96.77710673286666
GOTERM_BP_ALL	GO:0044267~cellular protein metabolic process	6	50.0	0.1925566004230677	135, 6198, 387, 5170, 57591, 9475	12	4900	16792	1.7134693877551022	1.0	0.8080843123656346	96.91332341116588
GOTERM_CC_ALL	GO:0044422~organelle part	8	66.66666666666666	0.19509104833183405	1808, 135, 57142, 6198, 387, 5170, 57591, 9475	12	8415	18224	1.4437710437710438	0.9999999999999962	0.8419307336755741	92.57656330571214
GOTERM_BP_ALL	GO:0008104~protein localization	4	33.33333333333333	0.20845296212773234	135, 387, 5170, 9475	12	2448	16792	2.286492374727669	1.0	0.8335659357563453	97.76608788113161
GOTERM_BP_ALL	GO:0009892~negative regulation of metabolic process	4	33.33333333333333	0.22172150520531433	135, 5170, 57591, 9475	12	2522	16792	2.2194025905366113	1.0	0.8520935615643361	98.30301458403838
GOTERM_BP_ALL	GO:0006464~cellular protein modification process	5	41.66666666666667	0.22649701717479898	135, 6198, 387, 5170, 9475	12	3818	16792	1.8325475816308714	1.0	0.8571993968643561	98.46464021089137
GOTERM_BP_ALL	GO:0036211~protein modification process	5	41.66666666666667	0.22649701717479898	135, 6198, 387, 5170, 9475	12	3818	16792	1.8325475816308714	1.0	0.8571993968643561	98.46464021089137
GOTERM_BP_ALL	GO:0022607~cellular component assembly	4	33.33333333333333	0.2392748298925617	57142, 387, 5170, 9475	12	2618	16792	2.1380188439011967	1.0	0.8725626490461235	98.8289642171601
GOTERM_BP_ALL	GO:0070887~cellular response to chemical stimulus	4	33.33333333333333	0.2448321896564263	6198, 387, 5170, 9475	12	2648	16792	2.1137965760322253	1.0	0.8778825056066776	98.96058737248528
GOTERM_BP_ALL	GO:0035556~intracellular signal transduction	4	33.33333333333333	0.24650565214287495	6198, 387, 5170, 9475	12	2657	16792	2.1066365575210133	1.0	0.8783786846458552	98.99741688576191
GOTERM_BP_ALL	GO:0071702~organic substance transport	4	33.33333333333333	0.24650565214287495	1808, 135, 6198, 387	12	2657	16792	2.1066365575210133	1.0	0.8783786846458552	98.99741688576191
GOTERM_MF_ALL	GO:1901363~heterocyclic compound binding	6	50.0	0.2566485794307427	57142, 6198, 387, 5170, 57591, 9475	11	5971	16881	1.542089797658379	1.0	0.933572677223854	96.80746785071686
GOTERM_BP_ALL	GO:0043412~macromolecule modification	5	41.66666666666667	0.2650856401054557	135, 6198, 387, 5170, 9475	12	4065	16792	1.7211972119721197	1.0	0.8976349207452309	99.33197731533487
GOTERM_MF_ALL	GO:0097159~organic cyclic compound binding	6	50.0	0.2674112556086749	57142, 6198, 387, 5170, 57591, 9475	11	6052	16881	1.5214504596527068	1.0	0.9297239413214918	97.3048855905171
GOTERM_BP_ALL	GO:0019538~protein metabolic process	6	50.0	0.2682911580807391	135, 6198, 387, 5170, 57591, 9475	12	5457	16792	1.5385743082279641	1.0	0.8995443928939144	99.3778148544412
GOTERM_BP_ALL	GO:0033036~macromolecule localization	4	33.33333333333333	0.2766899333192693	135, 387, 5170, 9475	12	2817	16792	1.9869837889007216	1.0	0.9064365978793069	99.48431181635901
GOTERM_BP_ALL	GO:0044085~cellular component biogenesis	4	33.33333333333333	0.29533064576746415	57142, 387, 5170, 9475	12	2914	16792	1.9208419126058107	1.0	0.9215489204773143	99.66271694371855
GOTERM_BP_ALL	GO:0010468~regulation of gene expression	5	41.66666666666667	0.3110269030750761	135, 6198, 5170, 57591, 9475	12	4345	16792	1.6102800153433063	1.0	0.932357295195519	99.76616741451095
GOTERM_BP_ALL	GO:0080090~regulation of primary metabolic process	6	50.0	0.3193814503283192	135, 6198, 387, 5170, 57591, 9475	12	5798	16792	1.4480855467402551	1.0	0.9370759168874798	99.80824660319203
GOTERM_BP_ALL	GO:0060255~regulation of macromolecule metabolic process	6	50.0	0.32200338996231237	135, 6198, 387, 5170, 57591, 9475	12	5815	16792	1.4438521066208083	1.0	0.9378186195852994	99.81991217016093
GOTERM_BP_ALL	GO:0031323~regulation of cellular metabolic process	6	50.0	0.32649060955354536	135, 6198, 387, 5170, 57591, 9475	12	5844	16792	1.4366872005475702	1.0	0.9397469272547649	99.83834543121264
GOTERM_CC_ALL	GO:0044444~cytoplasmic part	7	58.333333333333336	0.3512861445150355	1808, 57142, 6198, 387, 5170, 57591, 9475	12	8090	18224	1.3140502678203545	1.0	0.9139069715154997	99.44035043946067
GOTERM_BP_ALL	GO:0006810~transport	5	41.66666666666667	0.3652047879569553	1808, 135, 6198, 387, 5170	12	4663	16792	1.500464650797055	1.0	0.9597162492845777	99.93826929181469
GOTERM_BP_ALL	GO:0019222~regulation of metabolic process	6	50.0	0.37818416088237966	135, 6198, 387, 5170, 57591, 9475	12	6171	16792	1.3605574461189436	1.0	0.9645293762940138	99.95588318457942
GOTERM_CC_ALL	GO:0005634~nucleus	6	50.0	0.4306832657612206	57142, 6198, 5361, 5170, 57591, 9475	12	7048	18224	1.2928490351872872	1.0	0.9539548299772861	99.88291145869339
GOTERM_BP_ALL	GO:0034641~cellular nitrogen compound metabolic process	6	50.0	0.4324537910891955	1808, 135, 6198, 5170, 57591, 9475	12	6505	16792	1.2906994619523444	1.0	0.9804907500737784	99.99000785104494
GOTERM_CC_ALL	GO:0044428~nuclear part	4	33.33333333333333	0.4436884409157923	57142, 6198, 5170, 57591	12	3981	18224	1.525914761785146	1.0	0.9497516011585709	99.91123146570658
GOTERM_BP_ALL	GO:0006950~response to stress	4	33.33333333333333	0.4454165954715001	135, 6198, 387, 5170	12	3677	16792	1.5222554618801558	1.0	0.9830067481606086	99.99313747582417
GOTERM_CC_ALL	GO:0043229~intracellular organelle	9	75.0	0.4646423978305097	1808, 135, 57142, 6198, 387, 5361, 5170, 57591, 9475	12	12099	18224	1.1296801388544508	1.0	0.954214631814941	99.94396484799584
GOTERM_BP_ALL	GO:0010467~gene expression	5	41.66666666666667	0.4772721551530832	135, 6198, 5170, 57591, 9475	12	5306	16792	1.3186329940947357	1.0	0.9884298916935347	99.99737757831458
GOTERM_MF_ALL	GO:0003824~catalytic activity	5	41.66666666666667	0.5037902481266499	1808, 6198, 387, 5170, 9475	11	6018	16881	1.2750385208012327	1.0	0.9963244497824311	99.970781344865
GOTERM_BP_ALL	GO:0006807~nitrogen compound metabolic process	6	50.0	0.5051752599621433	1808, 135, 6198, 5170, 57591, 9475	12	6948	16792	1.208405296488198	1.0	0.9918533784466081	99.99892531370114
GOTERM_BP_ALL	GO:2000112~regulation of cellular macromolecule biosynthetic process	4	33.33333333333333	0.5060662042094987	135, 6198, 5170, 57591	12	3991	16792	1.4024889334335588	1.0	0.9917406199956869	99.99895635129495
GOTERM_BP_ALL	GO:0010556~regulation of macromolecule biosynthetic process	4	33.33333333333333	0.5279380567450895	135, 6198, 5170, 57591	12	4107	16792	1.3628763899034169	1.0	0.9937610508293194	99.99950031985234
GOTERM_CC_ALL	GO:0043231~intracellular membrane-bounded organelle	8	66.66666666666666	0.5480056291797644	1808, 57142, 6198, 387, 5361, 5170, 57591, 9475	12	11035	18224	1.1009817248149825	1.0	0.9748190968398992	99.99262755872527
GOTERM_BP_ALL	GO:0031326~regulation of cellular biosynthetic process	4	33.33333333333333	0.5606007318441992	135, 6198, 5170, 57591	12	4284	16792	1.3065670712729536	1.0	0.9960425329662336	99.99984429217191
GOTERM_BP_ALL	GO:0006139~nucleobase-containing compound metabolic process	5	41.66666666666667	0.5606681730802145	1808, 135, 5170, 57591, 9475	12	5794	16792	1.207571050512024	1.0	0.9959285329232505	99.999844680351
GOTERM_BP_ALL	GO:0009889~regulation of biosynthetic process	4	33.33333333333333	0.5705560328552737	135, 6198, 5170, 57591	12	4339	16792	1.2900053775831604	1.0	0.996397577652722	99.99989273418993
GOTERM_BP_ALL	GO:0046483~heterocycle metabolic process	5	41.66666666666667	0.5813801405538945	1808, 135, 5170, 57591, 9475	12	5919	16792	1.1820690431942333	1.0	0.9968663594823224	99.99992917707672
GOTERM_BP_ALL	GO:0051171~regulation of nitrogen compound metabolic process	4	33.33333333333333	0.582193569655521	135, 6198, 5170, 57591	12	4404	16792	1.27096578867696	1.0	0.9968114348749517	99.99993138208406
GOTERM_BP_ALL	GO:0006725~cellular aromatic compound metabolic process	5	41.66666666666667	0.588915766918614	1808, 135, 5170, 57591, 9475	12	5965	16792	1.1729533389214863	1.0	0.9970457818638647	99.99994729088506
GOTERM_BP_ALL	GO:1901360~organic cyclic compound metabolic process	5	41.66666666666667	0.6185428250556866	1808, 135, 5170, 57591, 9475	12	6149	16792	1.1378543936683472	1.0	0.9981301478794741	99.99998438197387
GOTERM_BP_ALL	GO:0016070~RNA metabolic process	4	33.33333333333333	0.6245484859131449	135, 5170, 57591, 9475	12	4648	16792	1.2042455536431438	1.0	0.998257474451459	99.9999879343101
GOTERM_CC_ALL	GO:0043226~organelle	9	75.0	0.6333060000587774	1808, 135, 57142, 6198, 387, 5361, 5170, 57591, 9475	12	13154	18224	1.039075566367645	1.0	0.9890511850088876	99.99939848722468
GOTERM_BP_ALL	GO:0044271~cellular nitrogen compound biosynthetic process	4	33.33333333333333	0.6733002348349968	135, 6198, 5170, 57591	12	4947	16792	1.131460144195135	1.0	0.9992660997802956	99.99999874319539
GOTERM_BP_ALL	GO:0034645~cellular macromolecule biosynthetic process	4	33.33333333333333	0.6834058959225178	135, 6198, 5170, 57591	12	5012	16792	1.1167863793562118	1.0	0.9993776371976719	99.99999924601698
GOTERM_BP_ALL	GO:0090304~nucleic acid metabolic process	4	33.33333333333333	0.7054363221053152	135, 5170, 57591, 9475	12	5158	16792	1.0851751324802894	1.0	0.9995923461941622	99.99999976666048
GOTERM_BP_ALL	GO:0009059~macromolecule biosynthetic process	4	33.33333333333333	0.7079405401241772	135, 6198, 5170, 57591	12	5175	16792	1.081610305958132	1.0	0.9995983452887568	99.9999997969086
GOTERM_CC_ALL	GO:0043227~membrane-bounded organelle	8	66.66666666666666	0.7192066989853283	1808, 57142, 6198, 387, 5361, 5170, 57591, 9475	12	12209	18224	0.9951128948589837	1.0	0.9961215156298355	99.99997543810389
GOTERM_BP_ALL	GO:0044260~cellular macromolecule metabolic process	6	50.0	0.7244425525975756	135, 6198, 387, 5170, 57591, 9475	12	8387	16792	1.0010730893048765	1.0	0.9997107717925512	99.99999992112544
GOTERM_BP_ALL	GO:0044237~cellular metabolic process	7	58.333333333333336	0.7699674181806986	1808, 135, 6198, 387, 5170, 57591, 9475	12	10202	16792	0.960138534927792	1.0	0.9999032490950732	99.99999999581539
GOTERM_BP_ALL	GO:0044238~primary metabolic process	7	58.333333333333336	0.7751549399677935	1808, 135, 6198, 387, 5170, 57591, 9475	12	10243	16792	0.956295356178203	1.0	0.9999121729829069	99.9999999971122
GOTERM_BP_ALL	GO:0043170~macromolecule metabolic process	6	50.0	0.8150294754571233	135, 6198, 387, 5170, 57591, 9475	12	9130	16792	0.91960569550931	1.0	0.9999727279537478	99.99999999987925
GOTERM_BP_ALL	GO:0044249~cellular biosynthetic process	4	33.33333333333333	0.8263640534994374	135, 6198, 5170, 57591	12	6118	16792	0.9148959354909012	1.0	0.9999805905543909	99.99999999995683
GOTERM_BP_ALL	GO:0071704~organic substance metabolic process	7	58.333333333333336	0.8296394279035086	1808, 135, 6198, 387, 5170, 57591, 9475	12	10707	16792	0.9148532112947916	1.0	0.9999817984074917	99.99999999996831
GOTERM_BP_ALL	GO:1901576~organic substance biosynthetic process	4	33.33333333333333	0.8374723105035018	135, 6198, 5170, 57591	12	6227	16792	0.8988812162089823	1.0	0.9999856190229356	99.99999999998526
GOTERM_BP_ALL	GO:0009058~biosynthetic process	4	33.33333333333333	0.8465418615081575	135, 6198, 5170, 57591	12	6320	16792	0.8856540084388185	1.0	0.9999893092926885	99.9999999999942
GOTERM_BP_ALL	GO:0008152~metabolic process	7	58.333333333333336	0.8669987958730946	1808, 135, 6198, 387, 5170, 57591, 9475	12	11075	16792	0.8844544770504139	1.0	0.9999952639952548	99.99999999999943

