Annotation Cluster 1	Enrichment Score: 3.698939493276631
Category	Term	Count	%	PValue	Genes	List Total	Pop Hits	Pop Total	Fold Enrichment	Bonferroni	Benjamini	FDR
GOTERM_CC_ALL	GO:0031966~mitochondrial membrane	16	69.56521739130434	5.437095479897251E-17	9512, 23203, 9804, 4705, 5577, 54543, 7417, 7419, 192111, 10730, 9868, 4976, 65018, 10131, 10452, 55486	23	691	18224	18.346693512867297	9.460546135021216E-15	9.460546135021216E-15	6.659203063584682E-14
GOTERM_CC_ALL	GO:0005740~mitochondrial envelope	16	69.56521739130434	1.280829282324474E-16	9512, 23203, 9804, 4705, 5577, 54543, 7417, 7419, 192111, 10730, 9868, 4976, 65018, 10131, 10452, 55486	23	732	18224	17.319078165835116	1.9317880628477724E-14	9.658940314238862E-15	1.3322676295501878E-13
GOTERM_CC_ALL	GO:0044429~mitochondrial part	16	69.56521739130434	1.1440026791592942E-14	9512, 23203, 9804, 4705, 5577, 54543, 7417, 7419, 192111, 10730, 9868, 4976, 65018, 10131, 10452, 55486	23	990	18224	12.805621431708387	1.9897417047332056E-12	6.632472349110685E-13	1.4011014570769476E-11
GOTERM_CC_ALL	GO:0005739~mitochondrion	18	78.26086956521739	4.7565112861668654E-14	9512, 23203, 9804, 4705, 5577, 54543, 7417, 7419, 192111, 10730, 9868, 4976, 65018, 2011, 9529, 10131, 10452, 55486	23	1700	18224	8.389565217391304	8.268052908988466E-12	2.0670132272471164E-12	5.8197890950850706E-11
GOTERM_CC_ALL	GO:0031967~organelle envelope	16	69.56521739130434	1.0154126927495635E-13	9512, 23203, 9804, 4705, 5577, 54543, 7417, 7419, 192111, 10730, 9868, 4976, 65018, 10131, 10452, 55486	23	1149	18224	11.033564157868845	1.7675860775057117E-11	3.5351721550114235E-12	1.244226943697413E-10
GOTERM_CC_ALL	GO:0031975~envelope	16	69.56521739130434	1.0822910898508025E-13	9512, 23203, 9804, 4705, 5577, 54543, 7417, 7419, 192111, 10730, 9868, 4976, 65018, 10131, 10452, 55486	23	1154	18224	10.985758420616381	1.883493361276578E-11	3.13915560212763E-12	1.325828336007362E-10
GOTERM_CC_ALL	GO:0005741~mitochondrial outer membrane	9	39.130434782608695	9.906776287417662E-12	9868, 9804, 4976, 65018, 54543, 7417, 7419, 10452, 192111	23	163	18224	43.749266471058945	1.7237731242403243E-9	2.4625335104389023E-10	1.2133505311595627E-8
GOTERM_CC_ALL	GO:0031968~organelle outer membrane	9	39.130434782608695	2.86525619969012E-11	9868, 9804, 4976, 65018, 54543, 7417, 7419, 10452, 192111	23	186	18224	38.33941093969145	4.9855393147169025E-9	6.231923865840372E-10	3.509281754077165E-8
GOTERM_CC_ALL	GO:0019867~outer membrane	9	39.130434782608695	3.696360842071519E-11	9868, 9804, 4976, 65018, 54543, 7417, 7419, 10452, 192111	23	192	18224	37.14130434782609	6.431675858564745E-9	7.146306879590725E-10	4.5272052773270843E-8
GOTERM_CC_ALL	GO:0005742~mitochondrial outer membrane translocase complex	5	21.73913043478261	3.3277649571758834E-10	9868, 9804, 65018, 54543, 10452	23	10	18224	396.17391304347825	5.790310464437454E-8	5.790310564357526E-9	4.0757535124669175E-7
GOTERM_CC_ALL	GO:0098799~outer mitochondrial membrane protein complex	5	21.73913043478261	7.831623506073359E-10	9868, 9804, 65018, 54543, 10452	23	12	18224	330.1449275362319	1.3627023320861298E-7	1.2388203796120933E-8	9.591953786802776E-7
GOTERM_CC_ALL	GO:0044455~mitochondrial membrane part	8	34.78260869565217	2.7440371919186364E-9	9512, 9868, 9804, 4976, 4705, 65018, 54543, 10452	23	202	18224	31.3801119242359	4.774623628689412E-7	3.978853890806988E-8	3.3608202887336347E-6
GOTERM_BP_ALL	GO:0007005~mitochondrion organization	11	47.82608695652174	3.128675824210753E-9	10730, 23203, 9868, 9804, 4976, 4705, 65018, 2011, 54543, 10452, 55486	23	653	16792	12.29855516345962	3.0441969964822846E-6	3.0441969964822846E-6	4.925970731317619E-6
GOTERM_CC_ALL	GO:0031090~organelle membrane	16	69.56521739130434	1.6017556662202367E-8	9512, 23203, 9804, 4705, 5577, 54543, 7417, 7419, 192111, 10730, 9868, 4976, 65018, 10131, 10452, 55486	23	2646	18224	4.7912189030201455	2.7870509894389883E-6	1.8580364091747015E-7	1.9617855318010413E-5
GOTERM_CC_ALL	GO:0098798~mitochondrial protein complex	7	30.434782608695656	3.7054295496039805E-8	9512, 9868, 9804, 4705, 65018, 54543, 10452	23	168	18224	33.01449275362319	6.447426755373797E-6	4.029653900561314E-7	4.53830593438731E-5
GOTERM_BP_ALL	GO:0072655~establishment of protein localization to mitochondrion	7	30.434782608695656	1.1687791431611349E-7	23203, 9868, 9804, 65018, 54543, 10452, 55486	23	188	16792	27.1840888066605	1.137157511790221E-4	5.6859492090444164E-5	1.8401928675304546E-4
GOTERM_BP_ALL	GO:0070585~protein localization to mitochondrion	7	30.434782608695656	1.283715772537246E-7	23203, 9868, 9804, 65018, 54543, 10452, 55486	23	191	16792	26.75711358980196	1.2489775231450118E-4	3.122590063353581E-5	2.0211555122884306E-4
GOTERM_BP_ALL	GO:0006626~protein targeting to mitochondrion	6	26.08695652173913	9.784941858973588E-7	23203, 9868, 9804, 65018, 54543, 10452	23	143	16792	30.633019154758287	9.51622228783533E-4	1.9039693393874124E-4	0.0015405875388951884
GOTERM_CC_ALL	GO:0031307~integral component of mitochondrial outer membrane	4	17.391304347826086	2.0023887512263717E-6	9804, 65018, 54543, 10452	23	21	18224	150.92339544513456	3.4835530174759377E-4	2.0494848304242197E-5	0.0024524423375305027
GOTERM_CC_ALL	GO:0031306~intrinsic component of mitochondrial outer membrane	4	17.391304347826086	2.316742410819851E-6	9804, 65018, 54543, 10452	23	22	18224	144.06324110671937	4.030324070455338E-4	2.239495180900164E-5	0.002837444589787186
GOTERM_MF_ALL	GO:0008320~protein transmembrane transporter activity	4	17.391304347826086	2.516540385577703E-6	9868, 9804, 54543, 10452	23	21	16881	139.80124223602482	4.000503832857216E-4	4.000503832857216E-4	0.003035395451478351
GOTERM_MF_ALL	GO:0022884~macromolecule transmembrane transporter activity	4	17.391304347826086	3.81999223891338E-6	9868, 9804, 54543, 10452	23	24	16881	122.32608695652172	6.07195508225078E-4	3.0364385390757587E-4	0.004607557080937852
GOTERM_CC_ALL	GO:0044444~cytoplasmic part	21	91.30434782608695	6.731266015246391E-6	9512, 23203, 9804, 9532, 4705, 5577, 4738, 54543, 7417, 7419, 192111, 10730, 9868, 4976, 9698, 65018, 2011, 9529, 10131, 10452, 55486	23	8090	18224	2.0567743322405545	0.0011705585898237336	6.164253310703138E-5	0.008243954993703007
GOTERM_BP_ALL	GO:0006914~autophagy	7	30.434782608695656	1.2209534964559904E-5	9868, 9804, 65018, 2011, 54543, 10452, 55486	23	418	16792	12.226336592469316	0.011809662053126613	0.0014838916979877936	0.019221677908409784
GOTERM_CC_ALL	GO:0098805~whole membrane	10	43.47826086956522	1.450531311588555E-5	9868, 9804, 4976, 5577, 65018, 54543, 7417, 7419, 10452, 192111	23	1363	18224	5.81326358097547	0.002520760321914395	1.2018052952700309E-4	0.017764254198315843
GOTERM_CC_ALL	GO:0098796~membrane protein complex	9	39.130434782608695	2.156150030686035E-5	9512, 9868, 9804, 4705, 65018, 54543, 7417, 7419, 10452	23	1074	18224	6.639786252125335	0.0037447125110482427	1.7051916450550042E-4	0.02640472290227347
GOTERM_BP_ALL	GO:0006839~mitochondrial transport	6	26.08695652173913	2.4649582594585443E-5	23203, 9868, 9804, 65018, 54543, 10452	23	277	16792	15.81415790299796	0.023699000968543493	0.0026613788428282437	0.038802697108042405
GOTERM_CC_ALL	GO:0032592~integral component of mitochondrial membrane	4	17.391304347826086	4.2829475698744975E-5	9804, 65018, 54543, 10452	23	57	18224	55.60335621662853	0.0074247874307373785	3.2396874408568976E-4	0.05244371543005055
GOTERM_CC_ALL	GO:0098573~intrinsic component of mitochondrial membrane	4	17.391304347826086	4.513032311551558E-5	9804, 65018, 54543, 10452	23	58	18224	54.64467766116941	0.007822100323397696	3.27148701203539E-4	0.055260335560247675
GOTERM_BP_ALL	GO:0071806~protein transmembrane transport	4	17.391304347826086	6.687149415154578E-5	9868, 9804, 54543, 10452	23	61	16792	47.87455452601568	0.06299638569526156	0.0058978245481409175	0.10523451368743553
GOTERM_BP_ALL	GO:0016236~macroautophagy	5	21.73913043478261	1.278714932528135E-4	9868, 9804, 65018, 54543, 10452	23	203	16792	17.982437352752193	0.1169972097634997	0.009525642300968973	0.2011386985508179
GOTERM_BP_ALL	GO:0072594~establishment of protein localization to organelle	7	30.434782608695656	1.646924743697608E-4	23203, 9868, 9804, 65018, 54543, 10452, 55486	23	666	16792	7.673586630108369	0.1480768660979771	0.011381801197706265	0.25898689739559666
GOTERM_BP_ALL	GO:0006996~organelle organization	14	60.86956521739131	2.1355205975280044E-4	23203, 9804, 4705, 54543, 7419, 10730, 9868, 4976, 65018, 2011, 9529, 4133, 10452, 55486	23	3753	16792	2.7234791876643616	0.18763728392019308	0.013758366096327745	0.3357000609028882
GOTERM_BP_ALL	GO:0006605~protein targeting	7	30.434782608695656	2.1772835586242564E-4	23203, 9868, 9804, 65018, 54543, 10452, 55486	23	701	16792	7.290454630031633	0.19093236034003513	0.013154757094786973	0.3422545907954988
GOTERM_MF_ALL	GO:0008565~protein transporter activity	4	17.391304347826086	2.862191959029203E-4	9868, 9804, 54543, 10452	23	100	16881	29.358260869565218	0.044495079968074225	0.015057276976032319	0.34469007121267214
GOTERM_BP_ALL	GO:0007006~mitochondrial membrane organization	4	17.391304347826086	3.1709554126546077E-4	9804, 4976, 65018, 54543	23	103	16792	28.352891515407343	0.26551293149193345	0.0169973803199166	0.49808840098567453
GOTERM_CC_ALL	GO:0044446~intracellular organelle part	19	82.6086956521739	4.8253140415569076E-4	9512, 23203, 9804, 4705, 5577, 54543, 7417, 7419, 192111, 10730, 9868, 4976, 3185, 65018, 2011, 4133, 10131, 10452, 55486	23	8233	18224	1.8285690144117788	0.08055102410756942	0.0033535932073205377	0.5893898946903398
GOTERM_CC_ALL	GO:0098588~bounding membrane of organelle	9	39.130434782608695	6.434414715230465E-4	9868, 9804, 4976, 65018, 54543, 7417, 7419, 10452, 192111	23	1742	18224	4.093645484949834	0.10595113903253695	0.004298230321115315	0.7852237192968348
GOTERM_CC_ALL	GO:0044422~organelle part	19	82.6086956521739	6.698727787042121E-4	9512, 23203, 9804, 4705, 5577, 54543, 7417, 7419, 192111, 10730, 9868, 4976, 3185, 65018, 2011, 4133, 10131, 10452, 55486	23	8415	18224	1.7890206411945544	0.11005616092292603	0.004309093558568677	0.8173577522352704
GOTERM_BP_ALL	GO:0033365~protein localization to organelle	7	30.434782608695656	8.387682825547646E-4	23203, 9868, 9804, 65018, 54543, 10452, 55486	23	902	16792	5.665863298949196	0.5580082219906928	0.040001157205442506	1.3124711305316672
GOTERM_CC_ALL	GO:0031301~integral component of organelle membrane	4	17.391304347826086	9.37856016839465E-4	9804, 65018, 54543, 10452	23	162	18224	19.564143853998928	0.15063266443836354	0.005813873564210148	1.1426208280720163
GOTERM_CC_ALL	GO:0031300~intrinsic component of organelle membrane	4	17.391304347826086	0.0010597733945618957	9804, 65018, 54543, 10452	23	169	18224	18.753794700282995	0.16847868905003927	0.0063418173587873605	1.2902728746889913
GOTERM_CC_ALL	GO:0043229~intracellular organelle	22	95.65217391304348	0.0014735036844955613	9512, 23203, 9804, 4705, 5577, 4738, 54543, 7417, 7419, 192111, 10730, 9868, 4976, 9698, 3185, 65018, 2011, 9529, 4133, 10131, 10452, 55486	23	12099	18224	1.4407514814375606	0.22630591489847973	0.008516154435345147	1.789826076439871
GOTERM_BP_ALL	GO:0006886~intracellular protein transport	7	30.434782608695656	0.0015907493530128599	23203, 9868, 9804, 65018, 54543, 10452, 55486	23	1020	16792	5.010400682011936	0.7875463660976242	0.06798887072252235	2.4754098318567452
GOTERM_CC_ALL	GO:0043231~intracellular membrane-bounded organelle	21	91.30434782608695	0.0018163397385063192	9512, 23203, 9804, 4705, 5577, 4738, 54543, 7417, 7419, 192111, 10730, 9868, 4976, 3185, 65018, 2011, 9529, 4133, 10131, 10452, 55486	23	11035	18224	1.5078662752900847	0.2711814520396755	0.009836628355513244	2.202018746589607
GOTERM_MF_ALL	GO:0015267~channel activity	5	21.73913043478261	0.0030960288431576997	9804, 54543, 7417, 7419, 10452	23	478	16881	7.677369474258686	0.38922839898608896	0.06800997918758067	3.67112472055815
GOTERM_MF_ALL	GO:0022803~passive transmembrane transporter activity	5	21.73913043478261	0.0031194227724038967	9804, 54543, 7417, 7419, 10452	23	479	16881	7.66134156303894	0.391503082223286	0.06020680099558773	3.698387327835495
GOTERM_BP_ALL	GO:0010821~regulation of mitochondrion organization	4	17.391304347826086	0.0031830455474129993	4976, 65018, 54543, 55486	23	229	16792	12.752610594266185	0.9550427352586829	0.12617174830370925	4.89566810376203
GOTERM_BP_ALL	GO:0046907~intracellular transport	8	34.78260869565217	0.003250064923077325	23203, 9868, 9804, 4976, 65018, 54543, 10452, 55486	23	1594	16792	3.6641754405106104	0.9578897118206989	0.12363940363142634	4.996292033356308
GOTERM_CC_ALL	GO:0016020~membrane	19	82.6086956521739	0.0037097056847142716	9512, 23203, 9804, 4705, 5577, 54543, 7417, 7419, 192111, 10730, 9868, 4976, 3185, 65018, 2011, 9529, 10131, 10452, 55486	23	9462	18224	1.5910598917408765	0.47622288865070594	0.01884052217050325	4.449943763847452
GOTERM_CC_ALL	GO:0032991~macromolecular complex	13	56.52173913043478	0.005167283032245264	9512, 9804, 4705, 5577, 54543, 7417, 7419, 9868, 9698, 3185, 65018, 4133, 10452	23	4868	18224	2.1159658461648387	0.5940146695228468	0.024729052229373827	6.148038282219326
GOTERM_BP_ALL	GO:0043623~cellular protein complex assembly	5	21.73913043478261	0.0060894933648886155	9804, 4976, 4705, 65018, 7417	23	575	16792	6.348582230623818	0.9973763557081458	0.1853018642083245	9.169010673606126
GOTERM_MF_ALL	GO:0022891~substrate-specific transmembrane transporter activity	6	26.08695652173913	0.006710562213965189	9868, 9804, 54543, 7417, 7419, 10452	23	954	16881	4.616078753076292	0.6571888288385846	0.09273894327897914	7.800479145853756
GOTERM_CC_ALL	GO:0043226~organelle	22	95.65217391304348	0.007250960829722288	9512, 23203, 9804, 4705, 5577, 4738, 54543, 7417, 7419, 192111, 10730, 9868, 4976, 9698, 3185, 65018, 2011, 9529, 4133, 10131, 10452, 55486	23	13154	18224	1.3251978237732283	0.7181171067077825	0.03364434497983837	8.527452290103854
GOTERM_BP_ALL	GO:0016043~cellular component organization	15	65.21739130434783	0.008506697843274527	23203, 9804, 4705, 54543, 7417, 7419, 10730, 9868, 4976, 65018, 2011, 9529, 4133, 10452, 55486	23	6109	16792	1.7926508999551625	0.9997545513942341	0.2287658214866033	12.58535573753874
GOTERM_MF_ALL	GO:0022857~transmembrane transporter activity	6	26.08695652173913	0.009303536922725127	9868, 9804, 54543, 7417, 7419, 10452	23	1032	16881	4.267189079878666	0.773766253209255	0.10071581414833064	10.662070554173308
GOTERM_CC_ALL	GO:0043227~membrane-bounded organelle	21	91.30434782608695	0.010075581514442532	9512, 23203, 9804, 4705, 5577, 4738, 54543, 7417, 7419, 192111, 10730, 9868, 4976, 3185, 65018, 2011, 9529, 4133, 10131, 10452, 55486	23	12209	18224	1.3628720081764343	0.828306259774457	0.045310910103544155	11.664560097811439
GOTERM_BP_ALL	GO:0071840~cellular component organization or biogenesis	15	65.21739130434783	0.010930592879138454	23203, 9804, 4705, 54543, 7417, 7419, 10730, 9868, 4976, 65018, 2011, 9529, 4133, 10452, 55486	23	6265	16792	1.7480134633401576	0.9999773198376596	0.27679402622118265	15.890035529199043
GOTERM_BP_ALL	GO:0051649~establishment of localization in cell	8	34.78260869565217	0.01147187326086119	23203, 9868, 9804, 4976, 65018, 54543, 10452, 55486	23	2004	16792	2.9145187885099366	0.9999866854332877	0.2812169055982504	16.611845531043954
GOTERM_BP_ALL	GO:0051641~cellular localization	9	39.130434782608695	0.011938558593259504	23203, 9868, 9804, 4976, 65018, 2011, 54543, 10452, 55486	23	2541	16792	2.5859042143627122	0.9999915902165251	0.27719391441886465	17.229520266622355
GOTERM_MF_ALL	GO:0022892~substrate-specific transporter activity	6	26.08695652173913	0.013809684702740363	9868, 9804, 54543, 7417, 7419, 10452	23	1137	16881	3.8731214867500285	0.8904136162976771	0.129066918232138	15.442003447996589
GOTERM_BP_ALL	GO:0034613~cellular protein localization	7	30.434782608695656	0.014529797954151734	23203, 9868, 9804, 65018, 54543, 10452, 55486	23	1600	16792	3.194130434782609	0.9999993466851855	0.31255166260265677	20.581901178029582
GOTERM_CC_ALL	GO:0043234~protein complex	11	47.82608695652174	0.014759936066278411	9512, 9868, 9804, 4705, 5577, 65018, 54543, 7417, 4133, 7419, 10452	23	4118	18224	2.1165192051861395	0.9247824661936961	0.06419002747264746	16.650116749749145
GOTERM_BP_ALL	GO:0033043~regulation of organelle organization	6	26.08695652173913	0.014869005545217303	4976, 65018, 2011, 54543, 7419, 55486	23	1152	16792	3.802536231884058	0.9999995326463613	0.31184983041101644	21.011211258936502
GOTERM_BP_ALL	GO:0070727~cellular macromolecule localization	7	30.434782608695656	0.015084250047046718	23203, 9868, 9804, 65018, 54543, 10452, 55486	23	1613	16792	3.168387288067064	0.9999996221606755	0.30907218138099046	21.28250225411622
GOTERM_CC_ALL	GO:0044425~membrane part	15	65.21739130434783	0.015715470715452283	9512, 9804, 4705, 5577, 54543, 7417, 7419, 192111, 10730, 9868, 4976, 65018, 2011, 10452, 55486	23	7057	18224	1.6841742087720488	0.936467686173806	0.06658480423419322	17.63480167220397
GOTERM_BP_ALL	GO:0051128~regulation of cellular component organization	8	34.78260869565217	0.024641125018372376	4976, 65018, 2011, 54543, 9529, 7417, 7419, 55486	23	2323	16792	2.5142899923262645	0.9999999999713582	0.40340328905525413	32.48526190893768
GOTERM_MF_ALL	GO:0005215~transporter activity	6	26.08695652173913	0.02541327418589992	9868, 9804, 54543, 7417, 7419, 10452	23	1327	16881	3.3185675436584643	0.9833099282052878	0.2139707310462533	26.691663594496983
GOTERM_BP_ALL	GO:0055085~transmembrane transport	6	26.08695652173913	0.02556145840468327	9868, 9804, 54543, 7417, 7419, 10452	23	1322	16792	3.313556534894429	0.999999999988569	0.4083792559522539	33.48133687612862
GOTERM_BP_ALL	GO:0015031~protein transport	7	30.434782608695656	0.02869234700646634	23203, 9868, 9804, 65018, 54543, 10452, 55486	23	1860	16792	2.7476390836839646	0.999999999999501	0.4261640160687957	36.76781221373171
GOTERM_BP_ALL	GO:0008104~protein localization	8	34.78260869565217	0.03197015483199034	23203, 9868, 9804, 4738, 65018, 54543, 10452, 55486	23	2448	16792	2.38590508667235	0.9999999999999813	0.4431526853233303	40.04517263728743
GOTERM_BP_ALL	GO:0034622~cellular macromolecular complex assembly	5	21.73913043478261	0.03924466021278369	9804, 4976, 4705, 65018, 7417	23	1004	16792	3.6358912177377443	1.0	0.4891247691470457	46.75904568956718
GOTERM_BP_ALL	GO:0045184~establishment of protein localization	7	30.434782608695656	0.041087832104667515	23203, 9868, 9804, 65018, 54543, 10452, 55486	23	2021	16792	2.5287524471312093	1.0	0.4993835638887646	48.34466262712029
GOTERM_BP_ALL	GO:0071702~organic substance transport	8	34.78260869565217	0.04742512383652917	23203, 9868, 9804, 65018, 54543, 7419, 10452, 55486	23	2657	16792	2.198229451326275	1.0	0.5392941622375174	53.465461368219415
GOTERM_BP_ALL	GO:1902589~single-organism organelle organization	6	26.08695652173913	0.053597495153323155	9804, 4976, 65018, 2011, 54543, 4133	23	1612	16792	2.717445247599525	1.0	0.5729238939503971	57.99271281924021
GOTERM_BP_ALL	GO:1902582~single-organism intracellular transport	4	17.391304347826086	0.06058842235016062	9804, 4976, 54543, 10452	23	695	16792	4.201939318110728	1.0	0.6076498463044415	62.621015779698006
GOTERM_BP_ALL	GO:0033036~macromolecule localization	8	34.78260869565217	0.062207179533542496	23203, 9868, 9804, 4738, 65018, 54543, 10452, 55486	23	2817	16792	2.073374388418144	1.0	0.6120389386637722	63.622342869483205
GOTERM_CC_ALL	GO:0016021~integral component of membrane	12	52.17391304347826	0.06297454311383927	10730, 9512, 9868, 9804, 4976, 65018, 54543, 7417, 7419, 10452, 192111, 55486	23	5872	18224	1.6192394266082217	0.9999878453674172	0.22680402038007874	54.91636830796881
GOTERM_CC_ALL	GO:0031224~intrinsic component of membrane	12	52.17391304347826	0.07108122517997881	10730, 9512, 9868, 9804, 4976, 65018, 54543, 7417, 7419, 10452, 192111, 55486	23	5981	18224	1.58972979652959	0.9999973200488252	0.24806448550492133	59.467789480770605
GOTERM_BP_ALL	GO:0044802~single-organism membrane organization	4	17.391304347826086	0.10165898181714154	9804, 4976, 65018, 54543	23	866	16792	3.372226127121197	1.0	0.7465307844512447	81.50938270749809
GOTERM_BP_ALL	GO:0051179~localization	12	52.17391304347826	0.10625506716427931	23203, 9868, 9804, 4976, 4738, 65018, 2011, 54543, 7417, 7419, 10452, 55486	23	5872	16792	1.4920033171425187	1.0	0.7581660803979742	82.94396104882932
GOTERM_BP_ALL	GO:0006461~protein complex assembly	5	21.73913043478261	0.11523441259706381	9804, 4976, 4705, 65018, 7417	23	1445	16792	2.5262524447118997	1.0	0.7828718354360176	85.45102687501472
GOTERM_BP_ALL	GO:0070271~protein complex biogenesis	5	21.73913043478261	0.11545434093374304	9804, 4976, 4705, 65018, 7417	23	1446	16792	2.52450538216369	1.0	0.7793101356733108	85.50786253195328
GOTERM_BP_ALL	GO:0006810~transport	10	43.47826086956522	0.1287653718366441	23203, 9868, 9804, 4976, 65018, 54543, 7417, 7419, 10452, 55486	23	4663	16792	1.5657022443099702	1.0	0.8051716302089584	88.58561956566297
GOTERM_BP_ALL	GO:0044765~single-organism transport	8	34.78260869565217	0.14203903977711652	9868, 9804, 4976, 65018, 54543, 7417, 7419, 10452	23	3415	16792	1.7103061939015851	1.0	0.812661030071323	91.03658084406548
GOTERM_BP_ALL	GO:0051234~establishment of localization	10	43.47826086956522	0.14691613548521476	23203, 9868, 9804, 4976, 65018, 54543, 7417, 7419, 10452, 55486	23	4790	16792	1.5241898883543612	1.0	0.8171300615167553	91.80605065851616
GOTERM_BP_ALL	GO:0061024~membrane organization	4	17.391304347826086	0.14833427586972958	9804, 4976, 65018, 54543	23	1027	16792	2.8435713983319926	1.0	0.8135980057845347	92.01790505886369
GOTERM_BP_ALL	GO:0044085~cellular component biogenesis	7	30.434782608695656	0.16902981288958346	9804, 4976, 4705, 65018, 9529, 7417, 7419	23	2914	16792	1.753812181074871	1.0	0.8379447936289967	94.58116366930747
GOTERM_BP_ALL	GO:0071822~protein complex subunit organization	5	21.73913043478261	0.17045169493021825	9804, 4976, 4705, 65018, 7417	23	1674	16792	2.1806659394317176	1.0	0.837695878078994	94.72532384139805
GOTERM_BP_ALL	GO:1902580~single-organism cellular localization	4	17.391304347826086	0.17222931639082478	9804, 4976, 54543, 10452	23	1102	16792	2.650043399352955	1.0	0.8381275379084322	94.9005007721163
GOTERM_BP_ALL	GO:1902578~single-organism localization	8	34.78260869565217	0.17714334430727127	9868, 9804, 4976, 65018, 54543, 7417, 7419, 10452	23	3614	16792	1.6161305069656648	1.0	0.8443105624835835	95.35683292094703
GOTERM_BP_ALL	GO:0065003~macromolecular complex assembly	5	21.73913043478261	0.1799413656395208	9804, 4976, 4705, 65018, 7417	23	1710	16792	2.134757182812103	1.0	0.8464933767944359	95.5992808910089
GOTERM_BP_ALL	GO:0006950~response to stress	8	34.78260869565217	0.1890779939871502	9532, 4976, 9698, 5577, 65018, 54543, 9529, 10131	23	3677	16792	1.5884404819619018	1.0	0.8486546827331294	96.31096028537081
GOTERM_BP_ALL	GO:0051130~positive regulation of cellular component organization	4	17.391304347826086	0.1992777981606661	4976, 65018, 2011, 54543	23	1183	16792	2.468594950200301	1.0	0.8599596226089199	96.97753038400676
GOTERM_BP_ALL	GO:0051049~regulation of transport	5	21.73913043478261	0.20337727631025712	65018, 54543, 7417, 7419, 55486	23	1796	16792	2.032536070494819	1.0	0.8612820222907265	97.21218194366976
GOTERM_BP_ALL	GO:0022607~cellular component assembly	6	26.08695652173913	0.25138087402411446	9804, 4976, 4705, 65018, 7417, 7419	23	2618	16792	1.6732321387052844	1.0	0.9136747128739519	98.9521716817658
GOTERM_BP_ALL	GO:0043933~macromolecular complex subunit organization	5	21.73913043478261	0.4065656878328976	9804, 4976, 4705, 65018, 7417	23	2461	16792	1.4833136052859388	1.0	0.9786458761995904	99.9729699966852
GOTERM_BP_ALL	GO:0032879~regulation of localization	5	21.73913043478261	0.4103648033623956	65018, 54543, 7417, 7419, 55486	23	2473	16792	1.4761159654705602	1.0	0.9790281641423462	99.97556960717564
GOTERM_BP_ALL	GO:0048522~positive regulation of cellular process	6	26.08695652173913	0.7880136561570462	4976, 9698, 5577, 65018, 2011, 54543	23	4744	16792	0.9233814795806143	1.0	0.9999048272299543	99.9999999975283
GOTERM_BP_ALL	GO:0048518~positive regulation of biological process	6	26.08695652173913	0.8692795036533365	4976, 9698, 5577, 65018, 2011, 54543	23	5285	16792	0.828859364073876	1.0	0.9999923764510321	99.99999999999878
GOTERM_BP_ALL	GO:0065008~regulation of biological quality	4	17.391304347826086	0.8734815475777393	9698, 5577, 65018, 54543	23	3548	16792	0.823096907014362	1.0	0.999993227579988	99.99999999999926

Annotation Cluster 2	Enrichment Score: 2.5166708188169795
Category	Term	Count	%	PValue	Genes	List Total	Pop Hits	Pop Total	Fold Enrichment	Bonferroni	Benjamini	FDR
GOTERM_CC_ALL	GO:0005743~mitochondrial inner membrane	10	43.47826086956522	2.91730213489503E-9	10730, 9512, 23203, 4976, 4705, 5577, 65018, 7417, 10131, 55486	23	499	18224	15.878713949638408	5.076104507839574E-7	3.904696688206144E-8	3.5730303715730827E-6
GOTERM_CC_ALL	GO:0019866~organelle inner membrane	10	43.47826086956522	7.612309278525736E-9	10730, 9512, 23203, 4976, 4705, 5577, 65018, 7417, 10131, 55486	23	557	18224	14.22527515416439	1.3245409333784153E-6	9.46101248455733E-8	9.323343863609779E-6
GOTERM_CC_ALL	GO:0005759~mitochondrial matrix	5	21.73913043478261	0.001528554687571131	9512, 23203, 4705, 7417, 10131	23	425	18224	9.321739130434782	0.2336926861859041	0.00854943735747049	1.856121381098652
GOTERM_CC_ALL	GO:0031974~membrane-enclosed lumen	11	47.82608695652174	0.025415706402186197	10730, 9512, 23203, 4976, 4705, 3185, 65018, 7417, 4133, 10131, 10452	23	4457	18224	1.9555364790120084	0.9886609415515261	0.10349924759456275	27.043628809934972
GOTERM_CC_ALL	GO:0070013~intracellular organelle lumen	10	43.47826086956522	0.05599939086822292	10730, 9512, 23203, 4976, 4705, 3185, 7417, 4133, 10131, 10452	23	4328	18224	1.8307482118460177	0.9999558250802856	0.21238548935049462	50.62951525842288
GOTERM_CC_ALL	GO:0043233~organelle lumen	10	43.47826086956522	0.06144238919385838	10730, 9512, 23203, 4976, 4705, 3185, 7417, 4133, 10131, 10452	23	4400	18224	1.8007905138339921	0.9999838488733598	0.2263173526436425	54.00514927320508
GOTERM_CC_ALL	GO:0005634~nucleus	12	52.17391304347826	0.1905567663957236	10730, 4976, 3185, 4738, 65018, 9529, 7417, 4133, 10131, 7419, 10452, 55486	23	7048	18224	1.3490598628041257	0.9999999999999999	0.48768727059320294	92.4925478938056
GOTERM_CC_ALL	GO:0031981~nuclear lumen	6	26.08695652173913	0.443369357989182	10730, 4976, 3185, 4133, 10131, 10452	23	3592	18224	1.3235208676285464	1.0	0.8068270082473676	99.92347966693826
GOTERM_CC_ALL	GO:0005654~nucleoplasm	5	21.73913043478261	0.5001261001651658	10730, 4976, 3185, 10131, 10452	23	2996	18224	1.3223428339234922	1.0	0.8481982147080205	99.97950127594926
GOTERM_CC_ALL	GO:0044428~nuclear part	6	26.08695652173913	0.5431125567521105	10730, 4976, 3185, 4133, 10131, 10452	23	3981	18224	1.1941941613970708	1.0	0.8771612306429877	99.99318543505666

Annotation Cluster 3	Enrichment Score: 2.4341525572285403
Category	Term	Count	%	PValue	Genes	List Total	Pop Hits	Pop Total	Fold Enrichment	Bonferroni	Benjamini	FDR
GOTERM_CC_ALL	GO:0005743~mitochondrial inner membrane	10	43.47826086956522	2.91730213489503E-9	10730, 9512, 23203, 4976, 4705, 5577, 65018, 7417, 10131, 55486	23	499	18224	15.878713949638408	5.076104507839574E-7	3.904696688206144E-8	3.5730303715730827E-6
GOTERM_CC_ALL	GO:0019866~organelle inner membrane	10	43.47826086956522	7.612309278525736E-9	10730, 9512, 23203, 4976, 4705, 5577, 65018, 7417, 10131, 55486	23	557	18224	14.22527515416439	1.3245409333784153E-6	9.46101248455733E-8	9.323343863609779E-6
GOTERM_BP_ALL	GO:0045333~cellular respiration	4	17.391304347826086	0.001456830079240423	9512, 4705, 65018, 10131	23	174	16792	16.783608195902048	0.7579302076272204	0.06531808865140698	2.2692474621000103
GOTERM_BP_ALL	GO:0015980~energy derivation by oxidation of organic compounds	4	17.391304347826086	0.00510137568281129	9512, 4705, 65018, 10131	23	271	16792	10.77619124017327	0.9931007492154875	0.16832120784323612	7.736781177093299
GOTERM_BP_ALL	GO:0006091~generation of precursor metabolites and energy	4	17.391304347826086	0.012776265962048134	9512, 4705, 65018, 10131	23	379	16792	7.705403235057933	0.9999963155989027	0.2869088419981861	18.327521048374816
GOTERM_CC_ALL	GO:0031974~membrane-enclosed lumen	11	47.82608695652174	0.025415706402186197	10730, 9512, 23203, 4976, 4705, 3185, 65018, 7417, 4133, 10131, 10452	23	4457	18224	1.9555364790120084	0.9886609415515261	0.10349924759456275	27.043628809934972
GOTERM_BP_ALL	GO:0055114~oxidation-reduction process	4	17.391304347826086	0.1349078558010413	9512, 4705, 65018, 10131	23	983	16792	2.9708523154495996	1.0	0.8022523578110853	89.78888889342767
GOTERM_BP_ALL	GO:1901564~organonitrogen compound metabolic process	5	21.73913043478261	0.33067125159050925	9512, 9698, 4705, 65018, 10131	23	2221	16792	1.6435996319714974	1.0	0.9582449461613572	99.82020994663245
GOTERM_BP_ALL	GO:0044710~single-organism metabolic process	5	21.73913043478261	0.8160480510215338	9512, 4705, 5577, 65018, 10131	23	4063	16792	0.8984579824289185	1.0	0.9999538699324562	99.9999999997351
GOTERM_BP_ALL	GO:0034641~cellular nitrogen compound metabolic process	7	30.434782608695656	0.9100943086563835	9512, 9698, 4705, 3185, 4738, 65018, 10131	23	6505	16792	0.7856431507536009	1.0	0.9999989720542811	100.0
GOTERM_BP_ALL	GO:0006807~nitrogen compound metabolic process	7	30.434782608695656	0.9440302053386487	9512, 9698, 4705, 3185, 4738, 65018, 10131	23	6948	16792	0.7355510500362945	1.0	0.9999999003184616	100.0

Annotation Cluster 4	Enrichment Score: 1.9243996427268741
Category	Term	Count	%	PValue	Genes	List Total	Pop Hits	Pop Total	Fold Enrichment	Bonferroni	Benjamini	FDR
GOTERM_CC_ALL	GO:0005737~cytoplasm	23	100.0	9.445150111340267E-6	9512, 23203, 9804, 9532, 4705, 5577, 4738, 54543, 7417, 7419, 192111, 10730, 9868, 4976, 9698, 3185, 65018, 2011, 9529, 4133, 10131, 10452, 55486	23	10775	18224	1.691322505800464	0.0016421141335289935	8.216981791409061E-5	0.011567542249868445
GOTERM_CC_ALL	GO:0043229~intracellular organelle	22	95.65217391304348	0.0014735036844955613	9512, 23203, 9804, 4705, 5577, 4738, 54543, 7417, 7419, 192111, 10730, 9868, 4976, 9698, 3185, 65018, 2011, 9529, 4133, 10131, 10452, 55486	23	12099	18224	1.4407514814375606	0.22630591489847973	0.008516154435345147	1.789826076439871
GOTERM_CC_ALL	GO:0043231~intracellular membrane-bounded organelle	21	91.30434782608695	0.0018163397385063192	9512, 23203, 9804, 4705, 5577, 4738, 54543, 7417, 7419, 192111, 10730, 9868, 4976, 3185, 65018, 2011, 9529, 4133, 10131, 10452, 55486	23	11035	18224	1.5078662752900847	0.2711814520396755	0.009836628355513244	2.202018746589607
GOTERM_CC_ALL	GO:0044424~intracellular part	23	100.0	0.0024148748968770136	9512, 23203, 9804, 9532, 4705, 5577, 4738, 54543, 7417, 7419, 192111, 10730, 9868, 4976, 9698, 3185, 65018, 2011, 9529, 4133, 10131, 10452, 55486	23	13860	18224	1.3148629148629147	0.3434105891810372	0.012667459470953824	2.9178330960469734
GOTERM_CC_ALL	GO:0005622~intracellular	23	100.0	0.004220735559474201	9512, 23203, 9804, 9532, 4705, 5577, 4738, 54543, 7417, 7419, 192111, 10730, 9868, 4976, 9698, 3185, 65018, 2011, 9529, 4133, 10131, 10452, 55486	23	14216	18224	1.2819358469330333	0.5209557151917035	0.020807956118058635	5.048485213850729
GOTERM_CC_ALL	GO:0043226~organelle	22	95.65217391304348	0.007250960829722288	9512, 23203, 9804, 4705, 5577, 4738, 54543, 7417, 7419, 192111, 10730, 9868, 4976, 9698, 3185, 65018, 2011, 9529, 4133, 10131, 10452, 55486	23	13154	18224	1.3251978237732283	0.7181171067077825	0.03364434497983837	8.527452290103854
GOTERM_CC_ALL	GO:0043227~membrane-bounded organelle	21	91.30434782608695	0.010075581514442532	9512, 23203, 9804, 4705, 5577, 4738, 54543, 7417, 7419, 192111, 10730, 9868, 4976, 3185, 65018, 2011, 9529, 4133, 10131, 10452, 55486	23	12209	18224	1.3628720081764343	0.828306259774457	0.045310910103544155	11.664560097811439
GOTERM_CC_ALL	GO:0044464~cell part	23	100.0	0.10478833456086968	9512, 23203, 9804, 9532, 4705, 5577, 4738, 54543, 7417, 7419, 192111, 10730, 9868, 4976, 9698, 3185, 65018, 2011, 9529, 4133, 10131, 10452, 55486	23	16449	18224	1.1079092953978964	0.999999995684039	0.33622189067902897	74.22493499341452
GOTERM_CC_ALL	GO:0005623~cell	23	100.0	0.10893153796063104	9512, 23203, 9804, 9532, 4705, 5577, 4738, 54543, 7417, 7419, 192111, 10730, 9868, 4976, 9698, 3185, 65018, 2011, 9529, 4133, 10131, 10452, 55486	23	16478	18224	1.105959461099648	0.9999999980745747	0.3360533297910907	75.64855291083029
GOTERM_BP_ALL	GO:0044763~single-organism cellular process	20	86.95652173913044	0.11637180105351427	9512, 9804, 4705, 5577, 4738, 54543, 7417, 7419, 192111, 9868, 4976, 9698, 3185, 65018, 2011, 9529, 4133, 10131, 10452, 55486	23	12256	16792	1.1913951640367806	1.0	0.7779229868626427	85.74272458432684
GOTERM_MF_ALL	GO:0005488~binding	22	95.65217391304348	0.14174923874700007	9512, 23203, 9804, 9532, 5577, 4738, 54543, 7417, 7419, 192111, 10730, 9868, 4976, 9698, 3185, 65018, 2011, 9529, 4133, 10131, 10452, 55486	23	14381	16881	1.1228039411905202	0.9999999999721607	0.5434324129536673	84.17812461526698
GOTERM_BP_ALL	GO:0044699~single-organism process	21	91.30434782608695	0.14554882926682186	9512, 9804, 4705, 5577, 4738, 54543, 7417, 7419, 192111, 10730, 9868, 4976, 9698, 3185, 65018, 2011, 9529, 4133, 10131, 10452, 55486	23	13377	16792	1.1461333697358542	1.0	0.8174157716364323	91.59681406194052
GOTERM_BP_ALL	GO:0009987~cellular process	23	100.0	0.1863181777870044	9512, 23203, 9804, 9532, 4705, 5577, 4738, 54543, 7417, 7419, 192111, 10730, 9868, 4976, 9698, 3185, 65018, 2011, 9529, 4133, 10131, 10452, 55486	23	15558	16792	1.0793161074688264	1.0	0.8493250913072382	96.10825024392578

Annotation Cluster 5	Enrichment Score: 1.4870495886972155
Category	Term	Count	%	PValue	Genes	List Total	Pop Hits	Pop Total	Fold Enrichment	Bonferroni	Benjamini	FDR
GOTERM_CC_ALL	GO:0098805~whole membrane	10	43.47826086956522	1.450531311588555E-5	9868, 9804, 4976, 5577, 65018, 54543, 7417, 7419, 10452, 192111	23	1363	18224	5.81326358097547	0.002520760321914395	1.2018052952700309E-4	0.017764254198315843
GOTERM_MF_ALL	GO:0022891~substrate-specific transmembrane transporter activity	6	26.08695652173913	0.006710562213965189	9868, 9804, 54543, 7417, 7419, 10452	23	954	16881	4.616078753076292	0.6571888288385846	0.09273894327897914	7.800479145853756
GOTERM_MF_ALL	GO:0022857~transmembrane transporter activity	6	26.08695652173913	0.009303536922725127	9868, 9804, 54543, 7417, 7419, 10452	23	1032	16881	4.267189079878666	0.773766253209255	0.10071581414833064	10.662070554173308
GOTERM_MF_ALL	GO:0022892~substrate-specific transporter activity	6	26.08695652173913	0.013809684702740363	9868, 9804, 54543, 7417, 7419, 10452	23	1137	16881	3.8731214867500285	0.8904136162976771	0.129066918232138	15.442003447996589
GOTERM_MF_ALL	GO:0005215~transporter activity	6	26.08695652173913	0.02541327418589992	9868, 9804, 54543, 7417, 7419, 10452	23	1327	16881	3.3185675436584643	0.9833099282052878	0.2139707310462533	26.691663594496983
GOTERM_BP_ALL	GO:0055085~transmembrane transport	6	26.08695652173913	0.02556145840468327	9868, 9804, 54543, 7417, 7419, 10452	23	1322	16792	3.313556534894429	0.999999999988569	0.4083792559522539	33.48133687612862
GOTERM_CC_ALL	GO:0070062~extracellular exosome	7	30.434782608695656	0.1108654981140314	9868, 5577, 4738, 7417, 10131, 7419, 10452	23	2811	18224	1.9731180300991449	0.9999999986807152	0.33563496032758866	76.28802636461245
GOTERM_CC_ALL	GO:1903561~extracellular vesicle	7	30.434782608695656	0.1129339475806017	9868, 5577, 4738, 7417, 10131, 7419, 10452	23	2825	18224	1.9633397460561757	0.9999999991202952	0.3355872179245405	76.95487386243276
GOTERM_CC_ALL	GO:0043230~extracellular organelle	7	30.434782608695656	0.11308250994231628	9868, 5577, 4738, 7417, 10131, 7419, 10452	23	2826	18224	1.9626450044616761	0.9999999991455628	0.3307178632268243	77.00209954238359
GOTERM_CC_ALL	GO:0044421~extracellular region part	8	34.78260869565217	0.16964449511151236	23203, 9868, 5577, 4738, 7417, 10131, 7419, 10452	23	3878	18224	1.6345494091530821	0.999999999999991	0.45064777276379553	89.73949319181929
GOTERM_CC_ALL	GO:0031988~membrane-bounded vesicle	7	30.434782608695656	0.25982606137193814	9868, 5577, 4738, 7417, 10131, 7419, 10452	23	3611	18224	1.5359830469700073	1.0	0.6073537828455993	97.49021419079443
GOTERM_CC_ALL	GO:0031982~vesicle	7	30.434782608695656	0.2917906660084416	9868, 5577, 4738, 7417, 10131, 7419, 10452	23	3754	18224	1.4774733038382248	1.0	0.6511821428114544	98.53842337068099
GOTERM_CC_ALL	GO:0005576~extracellular region	8	34.78260869565217	0.31497856086779	23203, 9868, 5577, 4738, 7417, 10131, 7419, 10452	23	4623	18224	1.3711405166981727	1.0	0.6785506947250036	99.02781174015115

Annotation Cluster 6	Enrichment Score: 1.2347749780999653
Category	Term	Count	%	PValue	Genes	List Total	Pop Hits	Pop Total	Fold Enrichment	Bonferroni	Benjamini	FDR
GOTERM_CC_ALL	GO:0005743~mitochondrial inner membrane	10	43.47826086956522	2.91730213489503E-9	10730, 9512, 23203, 4976, 4705, 5577, 65018, 7417, 10131, 55486	23	499	18224	15.878713949638408	5.076104507839574E-7	3.904696688206144E-8	3.5730303715730827E-6
GOTERM_CC_ALL	GO:0019866~organelle inner membrane	10	43.47826086956522	7.612309278525736E-9	10730, 9512, 23203, 4976, 4705, 5577, 65018, 7417, 10131, 55486	23	557	18224	14.22527515416439	1.3245409333784153E-6	9.46101248455733E-8	9.323343863609779E-6
GOTERM_BP_ALL	GO:2001243~negative regulation of intrinsic apoptotic signaling pathway	6	26.08695652173913	1.2057986612374342E-7	4976, 65018, 9529, 7417, 10131, 55486	23	94	16792	46.60129509713229	1.1731733456410431E-4	3.9107307549635095E-5	1.8984784655451392E-4
GOTERM_BP_ALL	GO:2001242~regulation of intrinsic apoptotic signaling pathway	6	26.08695652173913	1.3231812082967088E-6	4976, 65018, 9529, 7417, 10131, 55486	23	152	16792	28.819221967963387	0.0012866277512770807	2.1455300811301647E-4	0.0020832738002019013
GOTERM_BP_ALL	GO:2001234~negative regulation of apoptotic signaling pathway	6	26.08695652173913	6.458937400489511E-6	4976, 65018, 9529, 7417, 10131, 55486	23	210	16792	20.859627329192545	0.006264859803218559	8.973923005443085E-4	0.01016884575416599
GOTERM_BP_ALL	GO:0097193~intrinsic apoptotic signaling pathway	6	26.08695652173913	2.551566016802967E-5	4976, 65018, 9529, 7417, 10131, 55486	23	279	16792	15.70079476390837	0.02452139751901017	0.00247962604426033	0.04016579623206118
GOTERM_BP_ALL	GO:2001233~regulation of apoptotic signaling pathway	6	26.08695652173913	1.1079886682730102E-4	4976, 65018, 9529, 7417, 10131, 55486	23	380	16792	11.527688787185355	0.10220477421212681	0.008944199720005597	0.1743058119612284
GOTERM_BP_ALL	GO:1902532~negative regulation of intracellular signal transduction	6	26.08695652173913	2.5430372491662314E-4	4976, 65018, 9529, 7417, 10131, 55486	23	454	16792	9.64872629764413	0.21922556917106506	0.01445155865563219	0.3996409246597943
GOTERM_MF_ALL	GO:0000166~nucleotide binding	11	47.82608695652174	4.000986473131233E-4	10730, 9532, 4976, 5577, 3185, 65018, 2011, 9529, 7417, 10131, 7419	23	2389	16881	3.3794565672375203	0.06164638673393552	0.015781253860531086	0.48153034823438245
GOTERM_MF_ALL	GO:1901265~nucleoside phosphate binding	11	47.82608695652174	4.0148683175860535E-4	10730, 9532, 4976, 5577, 3185, 65018, 2011, 9529, 7417, 10131, 7419	23	2390	16881	3.3780425686738225	0.0618535615578526	0.012688656370280493	0.48319736029508453
GOTERM_MF_ALL	GO:0036094~small molecule binding	11	47.82608695652174	7.306236664901346E-4	10730, 9532, 4976, 5577, 3185, 65018, 2011, 9529, 7417, 10131, 7419	23	2571	16881	3.1402262695956575	0.10971320057737854	0.01918223735872593	0.8777218312649104
GOTERM_BP_ALL	GO:0097190~apoptotic signaling pathway	6	26.08695652173913	7.991519978415712E-4	4976, 65018, 9529, 7417, 10131, 55486	23	583	16792	7.513759415318069	0.54062378301303	0.040114579969761754	1.2508458853302873
GOTERM_BP_ALL	GO:0043066~negative regulation of apoptotic process	6	26.08695652173913	0.0035690506637992172	4976, 65018, 9529, 7417, 10131, 55486	23	818	16792	5.355161050281705	0.9691586259550269	0.12990765308883667	5.47385707230843
GOTERM_BP_ALL	GO:0043069~negative regulation of programmed cell death	6	26.08695652173913	0.003780209326678542	4976, 65018, 9529, 7417, 10131, 55486	23	829	16792	5.284103424765301	0.9749056691623396	0.1321489042786116	5.788752624895022
GOTERM_BP_ALL	GO:0060548~negative regulation of cell death	6	26.08695652173913	0.0052924030836873056	4976, 65018, 9529, 7417, 10131, 55486	23	897	16792	4.8835247927875525	0.9942765477020064	0.16839640222630314	8.015304809696321
GOTERM_MF_ALL	GO:0031625~ubiquitin protein ligase binding	4	17.391304347826086	0.005894900978466151	5577, 4738, 65018, 9529	23	287	16881	10.229359188001817	0.6093966852873571	0.09918144132681606	6.883090090900157
GOTERM_MF_ALL	GO:0044389~ubiquitin-like protein ligase binding	4	17.391304347826086	0.006183432273363587	5577, 4738, 65018, 9529	23	292	16881	10.054198927933294	0.6270153412775012	0.09391467435852852	7.208559020002703
GOTERM_BP_ALL	GO:0080135~regulation of cellular response to stress	5	21.73913043478261	0.006315558125811785	9532, 4976, 65018, 9529, 10131	23	581	16792	6.283020279877273	0.9978972827009893	0.18574700827724633	9.493740969647934
GOTERM_MF_ALL	GO:0030234~enzyme regulator activity	6	26.08695652173913	0.008032223038217698	9532, 5577, 65018, 2011, 9529, 192111	23	996	16881	4.421424829753798	0.722595948259409	0.10134554146191366	9.269393987059205
GOTERM_BP_ALL	GO:0051129~negative regulation of cellular component organization	5	21.73913043478261	0.008102729330824895	4976, 65018, 9529, 7417, 55486	23	624	16792	5.850055741360089	0.9996351666966614	0.2253601731155196	12.02291319037494
GOTERM_MF_ALL	GO:0017076~purine nucleotide binding	8	34.78260869565217	0.008304425973880583	10730, 9532, 4976, 5577, 65018, 2011, 9529, 10131	23	1897	16881	3.095230455410144	0.734440636217784	0.09696467384803753	9.569246320121394
GOTERM_BP_ALL	GO:0009968~negative regulation of signal transduction	6	26.08695652173913	0.011847811203942791	4976, 65018, 9529, 7417, 10131, 55486	23	1089	16792	4.022517666786441	0.9999908041185789	0.28203600162930564	17.109749450251897
GOTERM_MF_ALL	GO:0030554~adenyl nucleotide binding	7	30.434782608695656	0.011933742541292239	10730, 9532, 5577, 65018, 2011, 9529, 10131	23	1542	16881	3.331838944341059	0.8517533566451702	0.11949399012445971	13.481330466547991
GOTERM_BP_ALL	GO:0035556~intracellular signal transduction	9	39.130434782608695	0.015504190357707242	4976, 9698, 5577, 65018, 2011, 9529, 7417, 10131, 55486	23	2657	16792	2.4730081327420597	0.9999997504845594	0.3098339441481307	21.809278780741558
GOTERM_BP_ALL	GO:0010648~negative regulation of cell communication	6	26.08695652173913	0.01647815940989461	4976, 65018, 9529, 7417, 10131, 55486	23	1182	16792	3.706025160008828	0.9999999047554141	0.31949780418262674	23.018353292996242
GOTERM_BP_ALL	GO:0023057~negative regulation of signaling	6	26.08695652173913	0.01670132197348599	4976, 65018, 9529, 7417, 10131, 55486	23	1186	16792	3.6935259183224574	0.9999999236255681	0.3168954743205983	23.292908358518496
GOTERM_BP_ALL	GO:0006508~proteolysis	7	30.434782608695656	0.01883369939791587	10730, 9512, 23203, 4738, 65018, 9529, 55486	23	1693	16792	3.018670227792188	0.9999999907621147	0.3432510660750274	25.87050895942875
GOTERM_BP_ALL	GO:1902531~regulation of intracellular signal transduction	7	30.434782608695656	0.019917862829860578	4976, 9698, 65018, 9529, 7417, 10131, 55486	23	1714	16792	2.9816853533559944	0.9999999968494448	0.3527452167390853	27.149713733800173
GOTERM_BP_ALL	GO:0080134~regulation of response to stress	6	26.08695652173913	0.022898708110429107	9532, 4976, 9698, 65018, 9529, 10131	23	1285	16792	3.4089663339536456	0.9999999998373633	0.3873669741941309	30.561079080203225
GOTERM_BP_ALL	GO:0051128~regulation of cellular component organization	8	34.78260869565217	0.024641125018372376	4976, 65018, 2011, 54543, 9529, 7417, 7419, 55486	23	2323	16792	2.5142899923262645	0.9999999999713582	0.40340328905525413	32.48526190893768
GOTERM_MF_ALL	GO:0004175~endopeptidase activity	4	17.391304347826086	0.025506173688220158	10730, 9512, 23203, 55486	23	495	16881	5.930961791831357	0.9835609906769369	0.20405697718161098	26.775906768631465
GOTERM_BP_ALL	GO:0019538~protein metabolic process	13	56.52173913043478	0.026737192284696887	9512, 23203, 9532, 5577, 4738, 192111, 10730, 9698, 65018, 2011, 9529, 10131, 55486	23	5457	16792	1.7392579136490027	0.9999999999964688	0.4161732881040825	34.73381568466517
GOTERM_BP_ALL	GO:0012501~programmed cell death	7	30.434782608695656	0.028153123761423062	4976, 65018, 9529, 7417, 10131, 192111, 55486	23	1852	16792	2.7595079350173726	0.9999999999991436	0.42634071647525107	36.212854865988064
GOTERM_BP_ALL	GO:0048585~negative regulation of response to stimulus	6	26.08695652173913	0.029228829382695918	4976, 65018, 9529, 7417, 10131, 55486	23	1369	16792	3.19979674151237	0.9999999999997085	0.4259670452374157	37.31545904119364
GOTERM_MF_ALL	GO:0019901~protein kinase binding	4	17.391304347826086	0.030561991360156818	5577, 65018, 9529, 10131	23	531	16881	5.528862687300418	0.9928106960471804	0.22875201125994948	31.228978956619315
GOTERM_MF_ALL	GO:0098772~molecular function regulator	6	26.08695652173913	0.030942541802424103	9532, 5577, 65018, 2011, 9529, 192111	23	1397	16881	3.1522828421150915	0.9932457829548733	0.22110529652614797	31.553895908791198
GOTERM_BP_ALL	GO:0042981~regulation of apoptotic process	6	26.08695652173913	0.031826730226602096	4976, 65018, 9529, 7417, 10131, 55486	23	1400	16792	3.128944099378882	0.9999999999999785	0.44777012246843306	39.90516079330595
GOTERM_BP_ALL	GO:0043067~regulation of programmed cell death	6	26.08695652173913	0.032959287336912696	4976, 65018, 9529, 7417, 10131, 55486	23	1413	16792	3.100156927905474	0.9999999999999931	0.4472808094482472	41.00248265002223
GOTERM_BP_ALL	GO:0008219~cell death	7	30.434782608695656	0.03587978802592078	4976, 65018, 9529, 7417, 10131, 192111, 55486	23	1958	16792	2.610116800639517	0.9999999999999997	0.4699957109268037	43.74616858369335
GOTERM_MF_ALL	GO:0019900~kinase binding	4	17.391304347826086	0.0407783462141372	5577, 65018, 9529, 10131	23	595	16881	4.93416149068323	0.9986661196241815	0.27037315592910494	39.47878723211414
GOTERM_BP_ALL	GO:0010941~regulation of cell death	6	26.08695652173913	0.04213044972717156	4976, 65018, 9529, 7417, 10131, 55486	23	1509	16792	2.9029302446192413	1.0	0.5024329691493881	49.221895419959004
GOTERM_MF_ALL	GO:0097367~carbohydrate derivative binding	7	30.434782608695656	0.06176231112558907	10730, 4976, 5577, 65018, 2011, 4133, 10131	23	2241	16881	2.292590652464932	0.9999603952709074	0.3691914181843672	53.65110795646881
GOTERM_MF_ALL	GO:0070011~peptidase activity, acting on L-amino acid peptides	4	17.391304347826086	0.06256020685689206	10730, 9512, 23203, 55486	23	708	16881	4.146647015475313	0.9999654062065378	0.360201231974421	54.124311838160224
GOTERM_MF_ALL	GO:0008233~peptidase activity	4	17.391304347826086	0.06800024677356417	10730, 9512, 23203, 55486	23	733	16881	4.0052197639243134	0.9999862876534499	0.3728381138965873	57.234360997202096
GOTERM_BP_ALL	GO:0051716~cellular response to stimulus	14	60.86956521739131	0.06999094171270591	9532, 5577, 4738, 54543, 7417, 192111, 4976, 9698, 3185, 65018, 2011, 9529, 10131, 55486	23	6927	16792	1.475561915880518	1.0	0.6513749586323001	68.0961090596182
GOTERM_BP_ALL	GO:0006915~apoptotic process	6	26.08695652173913	0.07124919478321237	4976, 65018, 9529, 7417, 10131, 55486	23	1747	16792	2.5074537716831338	1.0	0.6527235248047485	68.7689760125931
GOTERM_CC_ALL	GO:0097458~neuron part	5	21.73913043478261	0.07249884295550604	4976, 5577, 65018, 7417, 4133	23	1333	18224	2.972047359666003	0.99999794545314	0.24774792837791326	60.21891598933935
GOTERM_BP_ALL	GO:0033554~cellular response to stress	6	26.08695652173913	0.07499346184931224	9532, 4976, 65018, 54543, 9529, 10131	23	1773	16792	2.4706834400058852	1.0	0.6668861814492009	70.69350319463678
GOTERM_MF_ALL	GO:0032555~purine ribonucleotide binding	6	26.08695652173913	0.0906026223696646	10730, 4976, 5577, 65018, 2011, 10131	23	1884	16881	2.3374411520354474	0.9999997234090879	0.45339510543805295	68.19544807907192
GOTERM_MF_ALL	GO:0032553~ribonucleotide binding	6	26.08695652173913	0.09321229001301334	10730, 4976, 5577, 65018, 2011, 10131	23	1900	16881	2.317757437070938	0.9999998248563362	0.450293901611553	69.27901750730811
GOTERM_BP_ALL	GO:0007165~signal transduction	12	52.17391304347826	0.09583914802128252	4976, 9698, 5577, 3185, 4738, 65018, 2011, 9529, 7417, 10131, 192111, 55486	23	5775	16792	1.5170638057594579	1.0	0.7341173052770182	79.53052904201282
GOTERM_BP_ALL	GO:0051246~regulation of protein metabolic process	7	30.434782608695656	0.09878709638656832	9698, 5577, 65018, 2011, 9529, 10131, 55486	23	2512	16792	2.0344779839379674	1.0	0.740605466107575	80.55642565281983
GOTERM_CC_ALL	GO:0043005~neuron projection	4	17.391304347826086	0.10820226813684014	4976, 5577, 65018, 4133	23	966	18224	3.280943379242056	0.9999999977800293	0.3397391182426658	75.40333219627813
GOTERM_MF_ALL	GO:1901363~heterocyclic compound binding	12	52.17391304347826	0.1139353161953925	10730, 9532, 4976, 9698, 5577, 3185, 65018, 2011, 9529, 7417, 10131, 7419	23	5971	16881	1.475042415151493	0.9999999955638839	0.5095104746901776	76.75493524686462
GOTERM_MF_ALL	GO:0097159~organic cyclic compound binding	12	52.17391304347826	0.12356532164615903	10730, 9532, 4976, 9698, 5577, 3185, 65018, 2011, 9529, 7417, 10131, 7419	23	6052	16881	1.4553004396678066	0.9999999992194352	0.5271440139250406	79.62553186260243
GOTERM_BP_ALL	GO:0051338~regulation of transferase activity	4	17.391304347826086	0.12661345490064277	5577, 65018, 2011, 9529	23	955	16792	3.0579558388345096	1.0	0.8033236590126784	88.13355588788305
GOTERM_MF_ALL	GO:0032559~adenyl ribonucleotide binding	5	21.73913043478261	0.13295732307422536	10730, 5577, 65018, 2011, 10131	23	1531	16881	2.3969840683838353	0.9999999998592543	0.5426055637485446	82.10846999114194
GOTERM_BP_ALL	GO:0009966~regulation of signal transduction	7	30.434782608695656	0.13405516672455814	4976, 9698, 65018, 9529, 7417, 10131, 55486	23	2728	16792	1.8733902843299757	1.0	0.8074928200295679	89.62926745469821
GOTERM_BP_ALL	GO:0050896~response to stimulus	15	65.21739130434783	0.1346336742049221	9532, 4705, 5577, 4738, 54543, 7417, 192111, 4976, 9698, 3185, 65018, 2011, 9529, 10131, 55486	23	8329	16792	1.3148402386632354	1.0	0.805247238942268	89.73781543762762
GOTERM_BP_ALL	GO:0032269~negative regulation of cellular protein metabolic process	4	17.391304347826086	0.13761600453365885	9698, 5577, 65018, 9529	23	992	16792	2.943899018232819	1.0	0.8054397127402954	90.28072411134967
GOTERM_MF_ALL	GO:0005515~protein binding	18	78.26086956521739	0.14035380317668955	9804, 9532, 5577, 4738, 54543, 7417, 192111, 9868, 4976, 9698, 3185, 65018, 2011, 9529, 4133, 10131, 10452, 55486	23	10806	16881	1.2225816575332544	0.9999999999639555	0.5513634475952855	83.86502665112053
GOTERM_CC_ALL	GO:1902494~catalytic complex	4	17.391304347826086	0.14081190720238473	9512, 4705, 5577, 65018	23	1088	18224	2.9130434782608696	0.9999999999966009	0.3924101922701265	84.41412298067185
GOTERM_BP_ALL	GO:0044700~single organism signaling	12	52.17391304347826	0.14787025123096886	4976, 9698, 5577, 3185, 4738, 65018, 2011, 9529, 7417, 10131, 192111, 55486	23	6207	16792	1.411477924643285	1.0	0.8159132508149404	91.9491562264211
GOTERM_BP_ALL	GO:0051248~negative regulation of protein metabolic process	4	17.391304347826086	0.15521733297298052	9698, 5577, 65018, 9529	23	1049	16792	2.783935010569072	1.0	0.8255251783971886	92.97526060345659
GOTERM_BP_ALL	GO:0023052~signaling	12	52.17391304347826	0.15526314768657143	4976, 9698, 5577, 3185, 4738, 65018, 2011, 9529, 7417, 10131, 192111, 55486	23	6260	16792	1.3995277121822476	1.0	0.8223875988490258	92.98125641304803
GOTERM_BP_ALL	GO:0007154~cell communication	12	52.17391304347826	0.15739549626071164	4976, 9698, 5577, 3185, 4738, 65018, 2011, 9529, 7417, 10131, 192111, 55486	23	6275	16792	1.3961822276112938	1.0	0.8205524779983124	93.25507544554658
GOTERM_BP_ALL	GO:0044267~cellular protein metabolic process	10	43.47826086956522	0.16377504897351552	10730, 23203, 9698, 5577, 4738, 65018, 2011, 9529, 10131, 192111	23	4900	16792	1.4899733806566104	1.0	0.8306521973082381	94.01575097609971
GOTERM_BP_ALL	GO:0044085~cellular component biogenesis	7	30.434782608695656	0.16902981288958346	9804, 4976, 4705, 65018, 9529, 7417, 7419	23	2914	16792	1.753812181074871	1.0	0.8379447936289967	94.58116366930747
GOTERM_BP_ALL	GO:0048583~regulation of response to stimulus	8	34.78260869565217	0.18126772921444712	9532, 4976, 9698, 65018, 9529, 7417, 10131, 55486	23	3636	16792	1.6063519395417802	1.0	0.8460514007026978	95.71002014682844
GOTERM_BP_ALL	GO:0032268~regulation of cellular protein metabolic process	6	26.08695652173913	0.18434116001533155	9698, 5577, 65018, 2011, 9529, 10131	23	2346	16792	1.867230067830535	1.0	0.8486511220536951	95.95667497487194
GOTERM_BP_ALL	GO:0050790~regulation of catalytic activity	6	26.08695652173913	0.18689417855203003	9532, 5577, 65018, 2011, 9529, 192111	23	2357	16792	1.8585157993765102	1.0	0.847620633507455	96.1514001204229
GOTERM_BP_ALL	GO:0006950~response to stress	8	34.78260869565217	0.1890779939871502	9532, 4976, 9698, 5577, 65018, 54543, 9529, 10131	23	3677	16792	1.5884404819619018	1.0	0.8486546827331294	96.31096028537081
GOTERM_CC_ALL	GO:0005634~nucleus	12	52.17391304347826	0.1905567663957236	10730, 4976, 3185, 4738, 65018, 9529, 7417, 4133, 10131, 7419, 10452, 55486	23	7048	18224	1.3490598628041257	0.9999999999999999	0.48768727059320294	92.4925478938056
GOTERM_BP_ALL	GO:0010646~regulation of cell communication	7	30.434782608695656	0.19072163731683875	4976, 9698, 65018, 9529, 7417, 10131, 55486	23	3020	16792	1.6922545349841636	1.0	0.8487739992362604	96.42694355128508
GOTERM_MF_ALL	GO:0019899~enzyme binding	5	21.73913043478261	0.1988207939480749	5577, 4738, 65018, 9529, 10131	23	1789	16881	2.051303861763919	0.9999999999999996	0.6676032315779035	93.10090126776582
GOTERM_BP_ALL	GO:0023051~regulation of signaling	7	30.434782608695656	0.2013649233690175	4976, 9698, 65018, 9529, 7417, 10131, 55486	23	3070	16792	1.66469338620592	1.0	0.8606815033369267	97.09921448988061
GOTERM_MF_ALL	GO:0044822~poly(A) RNA binding	4	17.391304347826086	0.2015643973564706	9698, 3185, 2011, 10131	23	1196	16881	2.454704086084048	0.9999999999999997	0.6619553747080951	93.38053676822821
GOTERM_MF_ALL	GO:0035639~purine ribonucleoside triphosphate binding	5	21.73913043478261	0.21328415861322714	10730, 4976, 65018, 2011, 10131	23	1841	16881	1.9933637200954113	1.0	0.6743167289243188	94.46189783016527
GOTERM_MF_ALL	GO:0032550~purine ribonucleoside binding	5	21.73913043478261	0.21582176692043223	10730, 4976, 65018, 2011, 10131	23	1850	16881	1.9836662749706226	1.0	0.6686084399990155	94.67356416538672
GOTERM_MF_ALL	GO:0032549~ribonucleoside binding	5	21.73913043478261	0.21666980382325238	10730, 4976, 65018, 2011, 10131	23	1853	16881	1.9804547267650578	1.0	0.6599131537540734	94.74262917259728
GOTERM_MF_ALL	GO:0001883~purine nucleoside binding	5	21.73913043478261	0.21666980382325238	10730, 4976, 65018, 2011, 10131	23	1853	16881	1.9804547267650578	1.0	0.6599131537540734	94.74262917259728
GOTERM_MF_ALL	GO:0001882~nucleoside binding	5	21.73913043478261	0.21865272243829983	10730, 4976, 65018, 2011, 10131	23	1860	16881	1.9730014025245441	1.0	0.653646759995032	94.90092685155376
GOTERM_MF_ALL	GO:0016787~hydrolase activity	6	26.08695652173913	0.2439537504483737	10730, 9512, 23203, 4976, 192111, 55486	23	2603	16881	1.691793749686816	1.0	0.6896721278378075	96.57187393986872
GOTERM_BP_ALL	GO:0070887~cellular response to chemical stimulus	6	26.08695652173913	0.2592138301934756	5577, 3185, 4738, 65018, 9529, 10131	23	2648	16792	1.654275581242611	1.0	0.9175226523869864	99.11209187863072
GOTERM_MF_ALL	GO:0005524~ATP binding	4	17.391304347826086	0.3084567454481155	10730, 65018, 2011, 10131	23	1495	16881	1.9637632688672386	1.0	0.7776916325216671	98.83074437800875
GOTERM_BP_ALL	GO:0065009~regulation of molecular function	6	26.08695652173913	0.31724370118007295	9532, 5577, 65018, 2011, 9529, 192111	23	2863	16792	1.5300460143662016	1.0	0.9535188141532048	99.75419982292823
GOTERM_BP_ALL	GO:0048523~negative regulation of cellular process	8	34.78260869565217	0.3244869094746184	4976, 9698, 5577, 65018, 9529, 7417, 10131, 55486	23	4300	16792	1.3583013144590497	1.0	0.9562216398887562	99.79219589779743
GOTERM_BP_ALL	GO:0016310~phosphorylation	5	21.73913043478261	0.33318330463429	9512, 4705, 5577, 65018, 2011	23	2229	16792	1.6377006651452202	1.0	0.9584071700428447	99.83054494374962
GOTERM_BP_ALL	GO:0043085~positive regulation of catalytic activity	4	17.391304347826086	0.3351862844993073	5577, 65018, 2011, 192111	23	1559	16792	1.87321861840087	1.0	0.9583229883550448	99.83838401274778
GOTERM_CC_ALL	GO:0043232~intracellular non-membrane-bounded organelle	7	30.434782608695656	0.355283126725966	9698, 5577, 65018, 2011, 7417, 4133, 10131	23	4026	18224	1.3776539450096115	1.0	0.725968675728936	99.53740059449889
GOTERM_CC_ALL	GO:0043228~non-membrane-bounded organelle	7	30.434782608695656	0.355283126725966	9698, 5577, 65018, 2011, 7417, 4133, 10131	23	4026	18224	1.3776539450096115	1.0	0.725968675728936	99.53740059449889
GOTERM_MF_ALL	GO:0003723~RNA binding	4	17.391304347826086	0.3680918073828417	9698, 3185, 2011, 10131	23	1656	16881	1.7728418399495902	1.0	0.8387129144638305	99.6059975486236
GOTERM_BP_ALL	GO:0031324~negative regulation of cellular metabolic process	5	21.73913043478261	0.3698023288823923	9698, 5577, 65018, 9529, 10131	23	2345	16792	1.5566886066561603	1.0	0.970912390227204	99.9303622066519
GOTERM_BP_ALL	GO:0031399~regulation of protein modification process	4	17.391304347826086	0.3743221914519579	5577, 65018, 2011, 9529	23	1664	16792	1.7550167224080266	1.0	0.9716895018411019	99.93782343015903
GOTERM_MF_ALL	GO:0003824~catalytic activity	10	43.47826086956522	0.37775353602606276	10730, 9512, 23203, 4976, 4705, 5577, 65018, 2011, 192111, 55486	23	6018	16881	1.2196020633750921	1.0	0.8411540006218204	99.67282070060702
GOTERM_BP_ALL	GO:0006796~phosphate-containing compound metabolic process	6	26.08695652173913	0.37895146059125223	9512, 4705, 5577, 65018, 2011, 192111	23	3083	16792	1.4208633600812308	1.0	0.9724817154680528	99.94468445345672
GOTERM_BP_ALL	GO:0006793~phosphorus metabolic process	6	26.08695652173913	0.38065252396853677	9512, 4705, 5577, 65018, 2011, 192111	23	3089	16792	1.418103508944783	1.0	0.9722853881627853	99.94702235036449
GOTERM_CC_ALL	GO:0042995~cell projection	4	17.391304347826086	0.3880564703107971	4976, 5577, 65018, 4133	23	1846	18224	1.7168966979132319	1.0	0.7593073065757847	99.75582567062402
GOTERM_CC_ALL	GO:0005829~cytosol	6	26.08695652173913	0.39283447610467714	9532, 9698, 5577, 4738, 65018, 9529	23	3399	18224	1.3986722437545571	1.0	0.7590691607344386	99.77817740844884
GOTERM_BP_ALL	GO:0048519~negative regulation of biological process	8	34.78260869565217	0.4030131155705511	4976, 9698, 5577, 65018, 9529, 7417, 10131, 55486	23	4623	16792	1.2633994488803617	1.0	0.978323819795472	99.97030671706017
GOTERM_BP_ALL	GO:0043170~macromolecule metabolic process	14	60.86956521739131	0.4115053189052592	9512, 23203, 9532, 5577, 4738, 192111, 10730, 9698, 3185, 65018, 2011, 9529, 10131, 55486	23	9130	16792	1.1195199771417688	1.0	0.978715869136762	99.9763031022829
GOTERM_BP_ALL	GO:0009892~negative regulation of metabolic process	5	21.73913043478261	0.42585370296573954	9698, 5577, 65018, 9529, 10131	23	2522	16792	1.4474364720890942	1.0	0.9816693665587901	99.98393391954818
GOTERM_BP_ALL	GO:0044093~positive regulation of molecular function	4	17.391304347826086	0.4392663985358645	5577, 65018, 2011, 192111	23	1840	16792	1.5871455576559546	1.0	0.9840595296611401	99.98892672152937
GOTERM_CC_ALL	GO:0005856~cytoskeleton	4	17.391304347826086	0.45833048263153187	5577, 65018, 2011, 4133	23	2054	18224	1.5430337411625248	1.0	0.81609236439255	99.9451908499035
GOTERM_BP_ALL	GO:0042221~response to chemical	7	30.434782608695656	0.4620266587408753	4705, 5577, 3185, 4738, 65018, 9529, 10131	23	4117	16792	1.241342894256054	1.0	0.9873622947230094	99.99423314047357
GOTERM_BP_ALL	GO:0044281~small molecule metabolic process	4	17.391304347826086	0.4792499364351556	9512, 4705, 5577, 65018	23	1951	16792	1.4968466561183786	1.0	0.9896150282033906	99.99654501671999
GOTERM_BP_ALL	GO:0044238~primary metabolic process	15	65.21739130434783	0.49258023042973303	9512, 23203, 9532, 4705, 5577, 4738, 192111, 10730, 9698, 3185, 65018, 2011, 9529, 10131, 55486	23	10243	16792	1.0691500876526494	1.0	0.9907354146076659	99.99770315739495
GOTERM_BP_ALL	GO:0080090~regulation of primary metabolic process	9	39.130434782608695	0.5077531292589696	9698, 5577, 3185, 4738, 65018, 2011, 9529, 10131, 55486	23	5798	16792	1.1332843409271562	1.0	0.9919545078584578	99.99857587537714
GOTERM_BP_ALL	GO:0060255~regulation of macromolecule metabolic process	9	39.130434782608695	0.5117827858324775	9698, 5577, 3185, 4738, 65018, 2011, 9529, 10131, 55486	23	5815	16792	1.1299712138771545	1.0	0.9921299781786179	99.99874875666364
GOTERM_BP_ALL	GO:0031323~regulation of cellular metabolic process	9	39.130434782608695	0.5186453762796356	9698, 5577, 3185, 4738, 65018, 2011, 9529, 10131, 55486	23	5844	16792	1.124363896080707	1.0	0.9926000012343629	99.99899874430994
GOTERM_BP_ALL	GO:0050794~regulation of cellular process	15	65.21739130434783	0.5496026580520902	9532, 5577, 4738, 54543, 7417, 7419, 192111, 4976, 9698, 3185, 65018, 2011, 9529, 10131, 55486	23	10489	16792	1.0440751594838487	1.0	0.9950860620370933	99.99964843199535
GOTERM_BP_ALL	GO:0010467~gene expression	8	34.78260869565217	0.5709277221568388	9512, 23203, 9698, 3185, 4738, 65018, 10131, 55486	23	5306	16792	1.1007718907225619	1.0	0.9961617254390626	99.99983618867951
GOTERM_BP_ALL	GO:0006464~cellular protein modification process	6	26.08695652173913	0.5829829680730032	5577, 4738, 65018, 2011, 9529, 192111	23	3818	16792	1.1473341380645454	1.0	0.996692287239966	99.99989541281634
GOTERM_BP_ALL	GO:0036211~protein modification process	6	26.08695652173913	0.5829829680730032	5577, 4738, 65018, 2011, 9529, 192111	23	3818	16792	1.1473341380645454	1.0	0.996692287239966	99.99989541281634
GOTERM_BP_ALL	GO:0019222~regulation of metabolic process	9	39.130434782608695	0.5944963485365468	9698, 5577, 3185, 4738, 65018, 2011, 9529, 10131, 55486	23	6171	16792	1.0647840882669992	1.0	0.9971345506465468	99.99993269618737
GOTERM_BP_ALL	GO:0071704~organic substance metabolic process	15	65.21739130434783	0.5998186483535847	9512, 23203, 9532, 4705, 5577, 4738, 192111, 10730, 9698, 3185, 65018, 2011, 9529, 10131, 55486	23	10707	16792	1.022817254863742	1.0	0.9972643595346511	99.99994533637249
GOTERM_BP_ALL	GO:0010605~negative regulation of macromolecule metabolic process	4	17.391304347826086	0.6047755890760441	9698, 5577, 65018, 9529	23	2326	16792	1.2555235709746158	1.0	0.9973741518934197	99.99995507670039
GOTERM_BP_ALL	GO:0043412~macromolecule modification	6	26.08695652173913	0.6452320622499846	5577, 4738, 65018, 2011, 9529, 192111	23	4065	16792	1.077619124017327	1.0	0.9985662723529112	99.99999179535072
GOTERM_BP_ALL	GO:0050789~regulation of biological process	15	65.21739130434783	0.6482785494032666	9532, 5577, 4738, 54543, 7417, 7419, 192111, 4976, 9698, 3185, 65018, 2011, 9529, 10131, 55486	23	10922	16792	1.0026830569333536	1.0	0.9985832281698068	99.9999928371056
GOTERM_BP_ALL	GO:0044237~cellular metabolic process	14	60.86956521739131	0.652012168345193	9512, 23203, 4705, 5577, 4738, 192111, 10730, 9698, 3185, 65018, 2011, 9529, 10131, 55486	23	10202	16792	1.0018836886203046	1.0	0.9986175394539022	99.99999394498012
GOTERM_MF_ALL	GO:0046872~metal ion binding	6	26.08695652173913	0.6640959319125439	10730, 9512, 23203, 4976, 65018, 2011	23	4166	16881	1.0570665219478594	1.0	0.9839162855189222	99.99980714381509
GOTERM_MF_ALL	GO:0043169~cation binding	6	26.08695652173913	0.6749941502879913	10730, 9512, 23203, 4976, 65018, 2011	23	4213	16881	1.0452739450355524	1.0	0.9843277087188734	99.99987044409663
GOTERM_BP_ALL	GO:0008152~metabolic process	15	65.21739130434783	0.6817270094645939	9512, 23203, 9532, 4705, 5577, 4738, 192111, 10730, 9698, 3185, 65018, 2011, 9529, 10131, 55486	23	11075	16792	0.9888310923545	1.0	0.9991708646756815	99.99999851478914
GOTERM_MF_ALL	GO:0043167~ion binding	6	26.08695652173913	0.7133616643608279	10730, 9512, 23203, 4976, 65018, 2011	23	4386	16881	1.0040444893832154	1.0	0.9890603507637036	99.99997152952504
GOTERM_BP_ALL	GO:0044260~cellular macromolecule metabolic process	11	47.82608695652174	0.7367484196749761	10730, 23203, 9698, 5577, 3185, 4738, 65018, 2011, 9529, 10131, 192111	23	8387	16792	0.9575481723785776	1.0	0.9997162328766935	99.99999992518637
GOTERM_BP_ALL	GO:0065007~biological regulation	15	65.21739130434783	0.7770050550971728	9532, 5577, 4738, 54543, 7417, 7419, 192111, 4976, 9698, 3185, 65018, 2011, 9529, 10131, 55486	23	11548	16792	0.948329091429346	1.0	0.9998781719653149	99.99999999451504
GOTERM_BP_ALL	GO:0048522~positive regulation of cellular process	6	26.08695652173913	0.7880136561570462	4976, 9698, 5577, 65018, 2011, 54543	23	4744	16792	0.9233814795806143	1.0	0.9999048272299543	99.9999999975283
GOTERM_BP_ALL	GO:0044710~single-organism metabolic process	5	21.73913043478261	0.8160480510215338	9512, 4705, 5577, 65018, 10131	23	4063	16792	0.8984579824289185	1.0	0.9999538699324562	99.9999999997351
GOTERM_BP_ALL	GO:0048518~positive regulation of biological process	6	26.08695652173913	0.8692795036533365	4976, 9698, 5577, 65018, 2011, 54543	23	5285	16792	0.828859364073876	1.0	0.9999923764510321	99.99999999999878
GOTERM_MF_ALL	GO:0003676~nucleic acid binding	4	17.391304347826086	0.9299805515122328	9698, 3185, 2011, 10131	23	4097	16881	0.7165794696012989	1.0	0.9999168671461688	99.99999999999882
GOTERM_BP_ALL	GO:0044707~single-multicellular organism process	6	26.08695652173913	0.9334767107654204	4976, 9698, 5577, 2011, 9529, 4133	23	5943	16792	0.7370893049184646	1.0	0.9999997600738431	100.0
GOTERM_BP_ALL	GO:0032501~multicellular organismal process	6	26.08695652173913	0.9823823697896825	4976, 9698, 5577, 2011, 9529, 4133	23	7027	16792	0.6233843374313981	1.0	0.9999999994048425	100.0

Annotation Cluster 7	Enrichment Score: 0.9003219951816801
Category	Term	Count	%	PValue	Genes	List Total	Pop Hits	Pop Total	Fold Enrichment	Bonferroni	Benjamini	FDR
GOTERM_MF_ALL	GO:0000166~nucleotide binding	11	47.82608695652174	4.000986473131233E-4	10730, 9532, 4976, 5577, 3185, 65018, 2011, 9529, 7417, 10131, 7419	23	2389	16881	3.3794565672375203	0.06164638673393552	0.015781253860531086	0.48153034823438245
GOTERM_MF_ALL	GO:1901265~nucleoside phosphate binding	11	47.82608695652174	4.0148683175860535E-4	10730, 9532, 4976, 5577, 3185, 65018, 2011, 9529, 7417, 10131, 7419	23	2390	16881	3.3780425686738225	0.0618535615578526	0.012688656370280493	0.48319736029508453
GOTERM_MF_ALL	GO:0036094~small molecule binding	11	47.82608695652174	7.306236664901346E-4	10730, 9532, 4976, 5577, 3185, 65018, 2011, 9529, 7417, 10131, 7419	23	2571	16881	3.1402262695956575	0.10971320057737854	0.01918223735872593	0.8777218312649104
GOTERM_BP_ALL	GO:0033043~regulation of organelle organization	6	26.08695652173913	0.014869005545217303	4976, 65018, 2011, 54543, 7419, 55486	23	1152	16792	3.802536231884058	0.9999995326463613	0.31184983041101644	21.011211258936502
GOTERM_BP_ALL	GO:0035556~intracellular signal transduction	9	39.130434782608695	0.015504190357707242	4976, 9698, 5577, 65018, 2011, 9529, 7417, 10131, 55486	23	2657	16792	2.4730081327420597	0.9999997504845594	0.3098339441481307	21.809278780741558
GOTERM_BP_ALL	GO:0051128~regulation of cellular component organization	8	34.78260869565217	0.024641125018372376	4976, 65018, 2011, 54543, 9529, 7417, 7419, 55486	23	2323	16792	2.5142899923262645	0.9999999999713582	0.40340328905525413	32.48526190893768
GOTERM_BP_ALL	GO:0031344~regulation of cell projection organization	4	17.391304347826086	0.03742248784146717	4976, 2011, 9529, 7419	23	572	16792	5.1055031924597145	0.9999999999999999	0.47851155726773376	45.14678049159798
GOTERM_BP_ALL	GO:1902589~single-organism organelle organization	6	26.08695652173913	0.053597495153323155	9804, 4976, 65018, 2011, 54543, 4133	23	1612	16792	2.717445247599525	1.0	0.5729238939503971	57.99271281924021
GOTERM_BP_ALL	GO:0030030~cell projection organization	5	21.73913043478261	0.08571158813816568	4976, 2011, 9529, 4133, 7419	23	1301	16792	2.8058683955485746	1.0	0.7122225942137335	75.60665766220252
GOTERM_BP_ALL	GO:0044087~regulation of cellular component biogenesis	4	17.391304347826086	0.08640443938128177	65018, 9529, 7417, 7419	23	807	16792	3.6187705403803676	1.0	0.7101564064861017	75.89608177606937
GOTERM_BP_ALL	GO:0031175~neuron projection development	4	17.391304347826086	0.0889131796654855	4976, 2011, 9529, 4133	23	817	16792	3.5744771433132883	1.0	0.7109443151341914	76.91737464657959
GOTERM_BP_ALL	GO:0048666~neuron development	4	17.391304347826086	0.12955263713674783	4976, 2011, 9529, 4133	23	965	16792	3.026267177292183	1.0	0.8033889040566351	88.74693605749968
GOTERM_BP_ALL	GO:0022603~regulation of anatomical structure morphogenesis	4	17.391304347826086	0.1558484398692831	4976, 65018, 2011, 7419	23	1051	16792	2.7786373226326897	1.0	0.8204272745813947	93.05743359618201
GOTERM_BP_ALL	GO:0030182~neuron differentiation	4	17.391304347826086	0.21408270411919014	4976, 2011, 9529, 4133	23	1226	16792	2.38201290871693	1.0	0.8720523812847963	97.74704928476832
GOTERM_BP_ALL	GO:0009653~anatomical structure morphogenesis	6	26.08695652173913	0.2547659415993109	4976, 4738, 65018, 2011, 4133, 7419	23	2631	16792	1.6649645530712407	1.0	0.9151210633765233	99.02433379691585
GOTERM_BP_ALL	GO:0048699~generation of neurons	4	17.391304347826086	0.26067314950724324	4976, 2011, 9529, 4133	23	1357	16792	2.1520617730928198	1.0	0.917118666656814	99.13923505041777
GOTERM_BP_ALL	GO:0022008~neurogenesis	4	17.391304347826086	0.29361641826305074	4976, 2011, 9529, 4133	23	1447	16792	2.018208587482347	1.0	0.9416978088034981	99.58004129586091
GOTERM_BP_ALL	GO:0050793~regulation of developmental process	5	21.73913043478261	0.3019772608294203	4976, 65018, 2011, 9529, 7419	23	2129	16792	1.7146241346212754	1.0	0.945794614737054	99.65183034080803
GOTERM_BP_ALL	GO:0048468~cell development	4	17.391304347826086	0.48528169972355284	4976, 2011, 9529, 4133	23	1968	16792	1.4839165782962176	1.0	0.9901051597858462	99.99712404083711
GOTERM_BP_ALL	GO:0007399~nervous system development	4	17.391304347826086	0.5546383995494075	4976, 2011, 9529, 4133	23	2170	16792	1.345782408335003	1.0	0.9952705233033814	99.99970547121725
GOTERM_BP_ALL	GO:0048869~cellular developmental process	6	26.08695652173913	0.6273347179229708	4976, 9698, 2011, 9529, 4133, 7419	23	3992	16792	1.0973250849525136	1.0	0.9981214940487854	99.9999821928745
GOTERM_BP_ALL	GO:0051239~regulation of multicellular organismal process	4	17.391304347826086	0.7000693455726792	4976, 9698, 2011, 9529	23	2659	16792	1.0982880128194648	1.0	0.9993983065746722	99.99999941667643
GOTERM_BP_ALL	GO:0030154~cell differentiation	5	21.73913043478261	0.7368877852985535	4976, 9698, 2011, 9529, 4133	23	3652	16792	0.9995714081622934	1.0	0.9997023317471995	99.99999992580753
GOTERM_BP_ALL	GO:0048856~anatomical structure development	7	30.434782608695656	0.7725560157754686	4976, 4738, 65018, 2011, 9529, 4133, 7419	23	5473	16792	0.9337856195235108	1.0	0.999870196995065	99.99999999251392
GOTERM_BP_ALL	GO:0032502~developmental process	7	30.434782608695656	0.7997547085696747	4976, 4738, 65018, 2011, 9529, 4133, 7419	23	5632	16792	0.9074234189723321	1.0	0.9999281841496049	99.99999999899217
GOTERM_BP_ALL	GO:0044707~single-multicellular organism process	6	26.08695652173913	0.9334767107654204	4976, 9698, 5577, 2011, 9529, 4133	23	5943	16792	0.7370893049184646	1.0	0.9999997600738431	100.0
GOTERM_BP_ALL	GO:0048731~system development	4	17.391304347826086	0.9459069746079494	4976, 2011, 9529, 4133	23	4291	16792	0.6805751167762658	1.0	0.9999999008513761	100.0
GOTERM_BP_ALL	GO:0044767~single-organism developmental process	5	21.73913043478261	0.9593393448186229	4976, 2011, 9529, 4133, 7419	23	5475	16792	0.6667460790152869	1.0	0.9999999750344688	100.0
GOTERM_BP_ALL	GO:0007275~multicellular organism development	4	17.391304347826086	0.9744014742620767	4976, 2011, 9529, 4133	23	4877	16792	0.598800046357793	1.0	0.9999999975139062	100.0
GOTERM_BP_ALL	GO:0032501~multicellular organismal process	6	26.08695652173913	0.9823823697896825	4976, 9698, 5577, 2011, 9529, 4133	23	7027	16792	0.6233843374313981	1.0	0.9999999994048425	100.0

Annotation Cluster 8	Enrichment Score: 0.8053011541570232
Category	Term	Count	%	PValue	Genes	List Total	Pop Hits	Pop Total	Fold Enrichment	Bonferroni	Benjamini	FDR
GOTERM_BP_ALL	GO:0006508~proteolysis	7	30.434782608695656	0.01883369939791587	10730, 9512, 23203, 4738, 65018, 9529, 55486	23	1693	16792	3.018670227792188	0.9999999907621147	0.3432510660750274	25.87050895942875
GOTERM_BP_ALL	GO:0051603~proteolysis involved in cellular protein catabolic process	4	17.391304347826086	0.052830510089407305	10730, 4738, 65018, 9529	23	657	16792	4.444973860101912	1.0	0.5733546937900607	57.453495825103595
GOTERM_BP_ALL	GO:0044257~cellular protein catabolic process	4	17.391304347826086	0.05932864843369799	10730, 4738, 65018, 9529	23	689	16792	4.238530952230706	1.0	0.6053852250378529	61.82394987794062
GOTERM_BP_ALL	GO:0030163~protein catabolic process	4	17.391304347826086	0.08740409141465433	10730, 4738, 65018, 9529	23	811	16792	3.600922103683054	1.0	0.7094584176975923	76.30800272880465
GOTERM_BP_ALL	GO:0044265~cellular macromolecule catabolic process	4	17.391304347826086	0.13281550429188418	10730, 4738, 65018, 9529	23	976	16792	2.99215965787598	1.0	0.8080779261435256	89.39303296214378
GOTERM_BP_ALL	GO:0044267~cellular protein metabolic process	10	43.47826086956522	0.16377504897351552	10730, 23203, 9698, 5577, 4738, 65018, 2011, 9529, 10131, 192111	23	4900	16792	1.4899733806566104	1.0	0.8306521973082381	94.01575097609971
GOTERM_BP_ALL	GO:0009057~macromolecule catabolic process	4	17.391304347826086	0.2054408294265911	10730, 4738, 65018, 9529	23	1201	16792	2.4315968576910545	1.0	0.8619535964627058	97.32373570489045
GOTERM_BP_ALL	GO:0044248~cellular catabolic process	4	17.391304347826086	0.35643740514298616	10730, 4738, 65018, 9529	23	1616	16792	1.8071459319845027	1.0	0.9667420422970348	99.90309611991364
GOTERM_BP_ALL	GO:1901575~organic substance catabolic process	4	17.391304347826086	0.4570366805943886	10730, 4738, 65018, 9529	23	1889	16792	1.5459755564250697	1.0	0.9869295754834994	99.99333084194515
GOTERM_BP_ALL	GO:0009056~catabolic process	4	17.391304347826086	0.500764844333306	10730, 4738, 65018, 9529	23	2012	16792	1.4514651223096204	1.0	0.9914344951568353	99.99822196851508
GOTERM_BP_ALL	GO:0044260~cellular macromolecule metabolic process	11	47.82608695652174	0.7367484196749761	10730, 23203, 9698, 5577, 3185, 4738, 65018, 2011, 9529, 10131, 192111	23	8387	16792	0.9575481723785776	1.0	0.9997162328766935	99.99999992518637

Annotation Cluster 9	Enrichment Score: 0.13173333966220935
Category	Term	Count	%	PValue	Genes	List Total	Pop Hits	Pop Total	Fold Enrichment	Bonferroni	Benjamini	FDR
GOTERM_BP_ALL	GO:0044267~cellular protein metabolic process	10	43.47826086956522	0.16377504897351552	10730, 23203, 9698, 5577, 4738, 65018, 2011, 9529, 10131, 192111	23	4900	16792	1.4899733806566104	1.0	0.8306521973082381	94.01575097609971
GOTERM_BP_ALL	GO:0070887~cellular response to chemical stimulus	6	26.08695652173913	0.2592138301934756	5577, 3185, 4738, 65018, 9529, 10131	23	2648	16792	1.654275581242611	1.0	0.9175226523869864	99.11209187863072
GOTERM_BP_ALL	GO:0042221~response to chemical	7	30.434782608695656	0.4620266587408753	4705, 5577, 3185, 4738, 65018, 9529, 10131	23	4117	16792	1.241342894256054	1.0	0.9873622947230094	99.99423314047357
GOTERM_BP_ALL	GO:0080090~regulation of primary metabolic process	9	39.130434782608695	0.5077531292589696	9698, 5577, 3185, 4738, 65018, 2011, 9529, 10131, 55486	23	5798	16792	1.1332843409271562	1.0	0.9919545078584578	99.99857587537714
GOTERM_BP_ALL	GO:0060255~regulation of macromolecule metabolic process	9	39.130434782608695	0.5117827858324775	9698, 5577, 3185, 4738, 65018, 2011, 9529, 10131, 55486	23	5815	16792	1.1299712138771545	1.0	0.9921299781786179	99.99874875666364
GOTERM_BP_ALL	GO:0031323~regulation of cellular metabolic process	9	39.130434782608695	0.5186453762796356	9698, 5577, 3185, 4738, 65018, 2011, 9529, 10131, 55486	23	5844	16792	1.124363896080707	1.0	0.9926000012343629	99.99899874430994
GOTERM_BP_ALL	GO:0010467~gene expression	8	34.78260869565217	0.5709277221568388	9512, 23203, 9698, 3185, 4738, 65018, 10131, 55486	23	5306	16792	1.1007718907225619	1.0	0.9961617254390626	99.99983618867951
GOTERM_BP_ALL	GO:0019222~regulation of metabolic process	9	39.130434782608695	0.5944963485365468	9698, 5577, 3185, 4738, 65018, 2011, 9529, 10131, 55486	23	6171	16792	1.0647840882669992	1.0	0.9971345506465468	99.99993269618737
GOTERM_BP_ALL	GO:0044260~cellular macromolecule metabolic process	11	47.82608695652174	0.7367484196749761	10730, 23203, 9698, 5577, 3185, 4738, 65018, 2011, 9529, 10131, 192111	23	8387	16792	0.9575481723785776	1.0	0.9997162328766935	99.99999992518637
GOTERM_BP_ALL	GO:0010468~regulation of gene expression	5	21.73913043478261	0.8591731832098288	9698, 3185, 4738, 65018, 10131	23	4345	16792	0.840146094961725	1.0	0.9999897655287764	99.99999999999605
GOTERM_BP_ALL	GO:0051171~regulation of nitrogen compound metabolic process	5	21.73913043478261	0.8671192890230879	9698, 3185, 4738, 65018, 10131	23	4404	16792	0.8288907317458436	1.0	0.9999921839945357	99.99999999999841
GOTERM_BP_ALL	GO:0034641~cellular nitrogen compound metabolic process	7	30.434782608695656	0.9100943086563835	9512, 9698, 4705, 3185, 4738, 65018, 10131	23	6505	16792	0.7856431507536009	1.0	0.9999989720542811	100.0
GOTERM_BP_ALL	GO:2000112~regulation of cellular macromolecule biosynthetic process	4	17.391304347826086	0.9227347404096593	9698, 4738, 65018, 10131	23	3991	16792	0.7317333565740307	1.0	0.9999995294936869	100.0
GOTERM_BP_ALL	GO:0010556~regulation of macromolecule biosynthetic process	4	17.391304347826086	0.9325408347992982	9698, 4738, 65018, 10131	23	4107	16792	0.7110659425583045	1.0	0.9999997623641514	100.0
GOTERM_BP_ALL	GO:0006807~nitrogen compound metabolic process	7	30.434782608695656	0.9440302053386487	9512, 9698, 4705, 3185, 4738, 65018, 10131	23	6948	16792	0.7355510500362945	1.0	0.9999999003184616	100.0
GOTERM_BP_ALL	GO:0031326~regulation of cellular biosynthetic process	4	17.391304347826086	0.9454438923214769	9698, 4738, 65018, 10131	23	4284	16792	0.6816871676206715	1.0	0.9999999051910841	100.0
GOTERM_BP_ALL	GO:0009889~regulation of biosynthetic process	4	17.391304347826086	0.948991665972819	9698, 4738, 65018, 10131	23	4339	16792	0.6730462839564315	1.0	0.999999921353935	100.0
GOTERM_BP_ALL	GO:0006139~nucleobase-containing compound metabolic process	5	21.73913043478261	0.972755065306463	9512, 4705, 3185, 4738, 65018	23	5794	16792	0.6300370698323603	1.0	0.9999999968768124	100.0
GOTERM_BP_ALL	GO:0044271~cellular nitrogen compound biosynthetic process	4	17.391304347826086	0.9766966753903517	9698, 4738, 65018, 10131	23	4947	16792	0.5903270317539835	1.0	0.9999999983260455	100.0
GOTERM_BP_ALL	GO:0046483~heterocycle metabolic process	5	21.73913043478261	0.9768518554582564	9512, 4705, 3185, 4738, 65018	23	5919	16792	0.6167316747100346	1.0	0.9999999981951051	100.0
GOTERM_BP_ALL	GO:0006725~cellular aromatic compound metabolic process	5	21.73913043478261	0.9782180545722021	9512, 4705, 3185, 4738, 65018	23	5965	16792	0.6119756550894712	1.0	0.9999999985419922	100.0
GOTERM_BP_ALL	GO:0034645~cellular macromolecule biosynthetic process	4	17.391304347826086	0.9786619612307378	9698, 4738, 65018, 10131	23	5012	16792	0.5826711544467191	1.0	0.9999999985395175	100.0
GOTERM_BP_ALL	GO:0009059~macromolecule biosynthetic process	4	17.391304347826086	0.982955450697119	9698, 4738, 65018, 10131	23	5175	16792	0.5643184204998949	1.0	0.999999999438822	100.0
GOTERM_BP_ALL	GO:1901360~organic cyclic compound metabolic process	5	21.73913043478261	0.9830027640275641	9512, 4705, 3185, 4738, 65018	23	6149	16792	0.5936631619139202	1.0	0.9999999993801463	100.0
GOTERM_BP_ALL	GO:0044249~cellular biosynthetic process	4	17.391304347826086	0.995823543347229	9698, 4738, 65018, 10131	23	6118	16792	0.47733700982133975	1.0	0.9999999999995143	100.0
GOTERM_BP_ALL	GO:1901576~organic substance biosynthetic process	4	17.391304347826086	0.9964927796042233	9698, 4738, 65018, 10131	23	6227	16792	0.4689815041090343	1.0	0.9999999999997703	100.0
GOTERM_BP_ALL	GO:0009058~biosynthetic process	4	17.391304347826086	0.9969844875602328	9698, 4738, 65018, 10131	23	6320	16792	0.4620803522289488	1.0	0.9999999999998765	100.0

