Annotation Cluster 1	Enrichment Score: 11.223225956065702
Category	Term	Count	%	PValue	Genes	List Total	Pop Hits	Pop Total	Fold Enrichment	Bonferroni	Benjamini	FDR
GOTERM_BP_ALL	GO:0045333~cellular respiration	18	60.0	3.8151275906221475E-27	1351, 9377, 3420, 1350, 1340, 1329, 1327, 4714, 6834, 54205, 6392, 3419, 6390, 6391, 1349, 1337, 1345, 3421	30	174	16792	57.90344827586206	2.3119673199170215E-24	2.3119673199170215E-24	5.642327667327741E-24
GOTERM_CC_ALL	GO:0044429~mitochondrial part	25	83.33333333333334	3.023725218900299E-26	1351, 3420, 1350, 51106, 131474, 6392, 23408, 3419, 6390, 6391, 1349, 1347, 64216, 1345, 5442, 9377, 1340, 1329, 4714, 1327, 6834, 54205, 1337, 3421, 51142	30	990	18224	15.34006734006734	2.8725389579552842E-24	2.8725389579552842E-24	3.323693278918781E-23
GOTERM_MF_ALL	GO:0009055~electron carrier activity	16	53.333333333333336	1.5036787216999564E-25	1351, 9377, 3420, 1350, 1340, 1329, 1327, 6834, 54205, 6392, 6390, 6391, 1349, 1337, 1347, 1345	30	119	16881	75.65714285714286	2.4359595291539294E-23	2.4359595291539294E-23	1.819526172079983E-22
GOTERM_BP_ALL	GO:0015980~energy derivation by oxidation of organic compounds	18	60.0	8.919416808016092E-24	1351, 9377, 3420, 1350, 1340, 1329, 1327, 4714, 6834, 54205, 6392, 3419, 6390, 6391, 1349, 1337, 1345, 3421	30	271	16792	37.17785977859778	5.405166585657752E-21	2.702583292828876E-21	1.3191242242068865E-20
GOTERM_BP_ALL	GO:0006091~generation of precursor metabolites and energy	19	63.33333333333333	4.213193705805476E-23	1351, 9377, 3420, 1350, 1340, 1329, 1327, 4899, 4714, 6834, 54205, 6392, 3419, 6390, 6391, 1349, 1337, 1345, 3421	30	379	16792	28.060510114335973	2.5531953857181183E-20	8.510651285727062E-21	6.23104178023066E-20
GOTERM_CC_ALL	GO:0070469~respiratory chain	14	46.666666666666664	6.510890369598117E-23	1351, 9377, 1350, 54205, 1329, 6392, 6390, 6391, 1349, 1327, 4714, 1337, 1347, 6834	30	96	18224	88.58888888888889	6.1853458511182116E-21	3.0926729255591058E-21	7.156801956058898E-20
GOTERM_CC_ALL	GO:0005739~mitochondrion	26	86.66666666666667	2.416628106947706E-22	1351, 3420, 1350, 51106, 131474, 6392, 23408, 3419, 6390, 6391, 1349, 1347, 64216, 1345, 5442, 9377, 1340, 1329, 4714, 1327, 6834, 835, 54205, 1337, 3421, 51142	30	1700	18224	9.290666666666667	2.2957967016003207E-20	7.65265567200107E-21	2.656369218506409E-19
GOTERM_BP_ALL	GO:0006119~oxidative phosphorylation	14	46.666666666666664	9.459153392606772E-22	9377, 1351, 1350, 1340, 1329, 4714, 1327, 6834, 54205, 6392, 6391, 1349, 1337, 1345	30	108	16792	72.55802469135803	5.732246955919704E-19	1.433061738979926E-19	1.3989477842836376E-18
GOTERM_BP_ALL	GO:0022904~respiratory electron transport chain	14	46.666666666666664	1.0729780649051316E-21	1351, 9377, 1350, 54205, 1340, 1329, 6392, 6390, 6391, 1349, 1327, 4714, 1337, 1345	30	109	16792	71.89235474006117	6.502247073325097E-19	1.3004494146650195E-19	1.5868653611825184E-18
GOTERM_MF_ALL	GO:0016676~oxidoreductase activity, acting on a heme group of donors, oxygen as acceptor	11	36.666666666666664	1.1391996204987246E-21	1351, 9377, 1350, 1340, 1329, 1349, 1327, 1337, 1347, 1345, 6834	30	30	16881	206.32333333333332	1.845503385207934E-19	9.22751692603967E-20	1.3784882999326106E-18
GOTERM_MF_ALL	GO:0015002~heme-copper terminal oxidase activity	11	36.666666666666664	1.1391996204987246E-21	1351, 9377, 1350, 1340, 1329, 1349, 1327, 1337, 1347, 1345, 6834	30	30	16881	206.32333333333332	1.845503385207934E-19	9.22751692603967E-20	1.3784882999326106E-18
GOTERM_MF_ALL	GO:0004129~cytochrome-c oxidase activity	11	36.666666666666664	1.1391996204987246E-21	1351, 9377, 1350, 1340, 1329, 1349, 1327, 1337, 1347, 1345, 6834	30	30	16881	206.32333333333332	1.845503385207934E-19	9.22751692603967E-20	1.3784882999326106E-18
GOTERM_BP_ALL	GO:0022900~electron transport chain	14	46.666666666666664	1.3755463978764336E-21	1351, 9377, 1350, 54205, 1340, 1329, 6392, 6390, 6391, 1349, 1327, 4714, 1337, 1345	30	111	16792	70.596996996997	8.335811171131187E-19	1.389301861855198E-19	2.034344412886478E-18
GOTERM_MF_ALL	GO:0016675~oxidoreductase activity, acting on a heme group of donors	11	36.666666666666664	1.6797794912900666E-21	1351, 9377, 1350, 1340, 1329, 1349, 1327, 1337, 1347, 1345, 6834	30	31	16881	199.66774193548386	2.721242775889908E-19	9.07080925296636E-20	2.032616877274233E-18
GOTERM_CC_ALL	GO:0005746~mitochondrial respiratory chain	13	43.333333333333336	3.556084752710718E-21	1351, 9377, 1350, 1329, 6392, 6390, 6391, 1349, 1327, 4714, 1337, 1347, 6834	30	88	18224	89.73939393939395	3.378280515075182E-19	8.445701287687955E-20	3.908865434587588E-18
GOTERM_BP_ALL	GO:0006123~mitochondrial electron transport, cytochrome c to oxygen	10	33.33333333333333	5.68763118474442E-21	1351, 9377, 54205, 1350, 1340, 1329, 1349, 1327, 1337, 1345	30	20	16792	279.8666666666666	3.4467044979551185E-18	4.923863568507312E-19	8.411639724480676E-18
GOTERM_BP_ALL	GO:0042775~mitochondrial ATP synthesis coupled electron transport	13	43.333333333333336	1.4457500350612292E-20	1351, 9377, 1350, 54205, 1340, 1329, 6392, 6391, 1349, 1327, 4714, 1337, 1345	30	91	16792	79.96190476190476	8.76124521247105E-18	1.0951556515588812E-18	2.138171064820343E-17
GOTERM_BP_ALL	GO:0042773~ATP synthesis coupled electron transport	13	43.333333333333336	1.6609201619005226E-20	1351, 9377, 1350, 54205, 1340, 1329, 6392, 6391, 1349, 1327, 4714, 1337, 1345	30	92	16792	79.09275362318841	1.0065176181117167E-17	1.1183529090130185E-18	2.45639380600258E-17
GOTERM_CC_ALL	GO:0005740~mitochondrial envelope	19	63.33333333333333	1.3477705300977235E-18	1351, 9377, 1350, 1340, 1329, 1327, 4714, 131474, 6834, 54205, 6392, 23408, 6390, 6391, 1349, 1337, 1347, 1345, 51142	30	732	18224	15.767577413479051	1.2803820035928373E-16	2.5607640071856746E-17	1.4814758379532206E-15
GOTERM_CC_ALL	GO:0005743~mitochondrial inner membrane	17	56.666666666666664	3.7707878473564476E-18	1351, 9377, 1350, 1340, 1329, 4714, 1327, 6834, 54205, 6392, 23408, 6390, 6391, 1349, 1337, 1347, 1345	30	499	18224	20.695257181028726	3.582248454988625E-16	5.970414091647709E-17	4.144868107111055E-15
GOTERM_MF_ALL	GO:0016491~oxidoreductase activity	19	63.33333333333333	9.352544304694656E-18	1351, 9377, 3420, 1350, 1340, 1329, 1327, 4714, 131474, 6834, 6392, 3419, 6390, 6391, 1349, 1337, 1347, 1345, 3421	30	757	16881	14.123249669749008	1.5151121773605342E-15	3.7877804434013355E-16	1.131704458695208E-14
GOTERM_CC_ALL	GO:0019866~organelle inner membrane	17	56.666666666666664	2.1532233639489967E-17	1351, 9377, 1350, 1340, 1329, 4714, 1327, 6834, 54205, 6392, 23408, 6390, 6391, 1349, 1337, 1347, 1345	30	557	18224	18.54027528426092	2.045562195751547E-15	2.9222317082164953E-16	2.3668334602742035E-14
GOTERM_CC_ALL	GO:0098803~respiratory chain complex	11	36.666666666666664	3.578062919851658E-17	1351, 9377, 1350, 1329, 6392, 6390, 6391, 1349, 4714, 1327, 1337	30	82	18224	81.48943089430894	3.399159773859075E-15	4.248949717323844E-16	3.933023941436257E-14
GOTERM_BP_ALL	GO:0046034~ATP metabolic process	14	46.666666666666664	4.8127982757126875E-17	9377, 1351, 1350, 1340, 1329, 4714, 1327, 6834, 54205, 6392, 6391, 1349, 1337, 1345	30	243	16792	32.2480109739369	2.9165557550818885E-14	2.9165557550818887E-15	7.117818270369462E-14
GOTERM_CC_ALL	GO:0044455~mitochondrial membrane part	13	43.333333333333336	1.0741499068369539E-16	1351, 9377, 1350, 1329, 6392, 6390, 6391, 1349, 1327, 4714, 1337, 1347, 6834	30	202	18224	39.09438943894389	1.0547118733938987E-14	1.2212453270876722E-15	1.2212453270876722E-13
GOTERM_BP_ALL	GO:0009205~purine ribonucleoside triphosphate metabolic process	14	46.666666666666664	1.648276528501596E-16	9377, 1351, 1350, 1340, 1329, 4714, 1327, 6834, 54205, 6392, 6391, 1349, 1337, 1345	30	267	16792	29.34931335830212	6.727951529228449E-14	6.106226635438361E-15	1.6653345369377348E-13
GOTERM_BP_ALL	GO:0009199~ribonucleoside triphosphate metabolic process	14	46.666666666666664	2.2021712143589284E-16	9377, 1351, 1350, 1340, 1329, 4714, 1327, 6834, 54205, 6392, 6391, 1349, 1337, 1345	30	273	16792	28.70427350427351	1.3455903058456897E-13	1.1213252548714081E-14	3.3306690738754696E-13
GOTERM_BP_ALL	GO:0009144~purine nucleoside triphosphate metabolic process	14	46.666666666666664	2.3096186800421565E-16	9377, 1351, 1350, 1340, 1329, 4714, 1327, 6834, 54205, 6392, 6391, 1349, 1337, 1345	30	274	16792	28.599513381995138	1.3455903058456897E-13	1.0325074129013956E-14	3.3306690738754696E-13
GOTERM_BP_ALL	GO:0009167~purine ribonucleoside monophosphate metabolic process	14	46.666666666666664	3.855263613341975E-16	9377, 1351, 1350, 1340, 1329, 4714, 1327, 6834, 54205, 6392, 6391, 1349, 1337, 1345	30	285	16792	27.495672514619887	2.0183854587685346E-13	1.4432899320127035E-14	4.884981308350689E-13
GOTERM_BP_ALL	GO:0009126~purine nucleoside monophosphate metabolic process	14	46.666666666666664	4.0349327972714753E-16	9377, 1351, 1350, 1340, 1329, 4714, 1327, 6834, 54205, 6392, 6391, 1349, 1337, 1345	30	286	16792	27.399533799533803	2.6911806116913795E-13	1.7985612998927536E-14	6.550315845288424E-13
GOTERM_CC_ALL	GO:0031966~mitochondrial membrane	17	56.666666666666664	6.404844190490892E-16	1351, 9377, 1350, 1340, 1329, 4714, 1327, 6834, 54205, 6392, 23408, 6390, 6391, 1349, 1337, 1347, 1345	30	691	18224	14.944910757356487	6.328271240363392E-14	6.328271240363392E-15	7.327471962526033E-13
GOTERM_BP_ALL	GO:0009141~nucleoside triphosphate metabolic process	14	46.666666666666664	6.588608698517122E-16	9377, 1351, 1350, 1340, 1329, 4714, 1327, 6834, 54205, 6392, 6391, 1349, 1337, 1345	30	297	16792	26.38473625140292	4.036770917537069E-13	2.5202062658991053E-14	9.880984919163893E-13
GOTERM_BP_ALL	GO:0009161~ribonucleoside monophosphate metabolic process	14	46.666666666666664	6.588608698517122E-16	9377, 1351, 1350, 1340, 1329, 4714, 1327, 6834, 54205, 6392, 6391, 1349, 1337, 1345	30	297	16792	26.38473625140292	4.036770917537069E-13	2.5202062658991053E-14	9.880984919163893E-13
GOTERM_BP_ALL	GO:0055114~oxidation-reduction process	19	63.33333333333333	1.0138592434429836E-15	1351, 3420, 9377, 1350, 1340, 1329, 1327, 4714, 131474, 6834, 54205, 6392, 3419, 6390, 6391, 1349, 1337, 1345, 3421	30	983	16792	10.818853848762291	6.055156376305604E-13	3.5638159090467525E-14	1.4765966227514582E-12
GOTERM_BP_ALL	GO:0009123~nucleoside monophosphate metabolic process	14	46.666666666666664	1.1973518505306499E-15	9377, 1351, 1350, 1340, 1329, 4714, 1327, 6834, 54205, 6392, 6391, 1349, 1337, 1345	30	311	16792	25.196998928188638	7.400746682151293E-13	4.107825191113079E-14	1.8096635301390052E-12
GOTERM_MF_ALL	GO:0015078~hydrogen ion transmembrane transporter activity	11	36.666666666666664	2.1432525791107674E-15	1351, 9377, 1350, 1340, 1329, 1349, 1327, 1337, 1347, 1345, 6834	30	113	16881	54.77610619469026	3.417266469796232E-13	6.838973831690964E-14	2.55351295663786E-12
GOTERM_BP_ALL	GO:1902600~hydrogen ion transmembrane transport	11	36.666666666666664	2.2582282520494412E-15	1351, 9377, 1350, 1340, 1329, 1349, 1327, 1337, 1347, 1345, 6834	30	113	16792	54.487315634218284	1.3455903058456897E-12	7.083222897108499E-14	3.2862601528904634E-12
GOTERM_CC_ALL	GO:0031967~organelle envelope	19	63.33333333333333	3.845741567572519E-15	1351, 9377, 1350, 1340, 1329, 1327, 4714, 131474, 6834, 54205, 6392, 23408, 6390, 6391, 1349, 1337, 1347, 1345, 51142	30	1149	18224	10.045140702059761	3.6914915568786455E-13	3.352873534367973E-14	4.274358644806853E-12
GOTERM_CC_ALL	GO:0031975~envelope	19	63.33333333333333	4.1387084689011665E-15	1351, 9377, 1350, 1340, 1329, 1327, 4714, 131474, 6834, 54205, 6392, 23408, 6390, 6391, 1349, 1337, 1347, 1345, 51142	30	1154	18224	10.001617562102831	3.902433931557425E-13	3.2529534621517087E-14	4.518607710224387E-12
GOTERM_BP_ALL	GO:0046128~purine ribonucleoside metabolic process	14	46.666666666666664	7.081714377356084E-15	9377, 1351, 1350, 1340, 1329, 4714, 1327, 6834, 54205, 6392, 6391, 1349, 1337, 1345	30	356	16792	22.011985018726595	4.305888978706207E-12	2.1527224447481785E-13	1.0513812043200232E-11
GOTERM_BP_ALL	GO:0042278~purine nucleoside metabolic process	14	46.666666666666664	7.864382707916251E-15	9377, 1351, 1350, 1340, 1329, 4714, 1327, 6834, 54205, 6392, 6391, 1349, 1337, 1345	30	359	16792	21.8280408542247	4.7768455857521985E-12	2.274846977456946E-13	1.1657341758564144E-11
GOTERM_BP_ALL	GO:0009119~ribonucleoside metabolic process	14	46.666666666666664	1.9215589045426762E-14	9377, 1351, 1350, 1340, 1329, 4714, 1327, 6834, 54205, 6392, 6391, 1349, 1337, 1345	30	385	16792	20.353939393939395	1.1639356145565216E-11	5.290212712338871E-13	2.8410607200157756E-11
GOTERM_BP_ALL	GO:0009116~nucleoside metabolic process	14	46.666666666666664	4.7472414025536165E-14	9377, 1351, 1350, 1340, 1329, 4714, 1327, 6834, 54205, 6392, 6391, 1349, 1337, 1345	30	413	16792	18.974011299435027	2.879563254509776E-11	1.251998504869789E-12	7.027711745877241E-11
GOTERM_BP_ALL	GO:0015992~proton transport	11	36.666666666666664	5.062213331421883E-14	1351, 9377, 1350, 1340, 1329, 1349, 1327, 1337, 1347, 1345, 6834	30	153	16792	40.24226579520697	3.0679458973281726E-11	1.2783107905534052E-12	7.487344078072056E-11
GOTERM_BP_ALL	GO:0006818~hydrogen transport	11	36.666666666666664	5.774085188059334E-14	1351, 9377, 1350, 1340, 1329, 1349, 1327, 1337, 1347, 1345, 6834	30	155	16792	39.72301075268817	3.498534795198793E-11	1.3994361225400098E-12	8.537615059367454E-11
GOTERM_BP_ALL	GO:1901657~glycosyl compound metabolic process	14	46.666666666666664	9.219613460546866E-14	9377, 1351, 1350, 1340, 1329, 4714, 1327, 6834, 54205, 6392, 6391, 1349, 1337, 1345	30	435	16792	18.0144061302682	5.5841997692596124E-11	2.1477264411373653E-12	1.3627987627273797E-10
GOTERM_CC_ALL	GO:0045277~respiratory chain complex IV	7	23.333333333333332	1.1426889017711756E-13	1351, 9377, 1350, 1329, 1349, 1327, 1337	30	17	18224	250.13333333333335	1.0852985177223218E-11	8.348877145181177E-13	1.2557732631535146E-10
GOTERM_CC_ALL	GO:0098800~inner mitochondrial membrane protein complex	10	33.33333333333333	3.952715878571487E-13	1351, 9377, 1350, 1329, 6392, 6390, 6391, 4714, 1327, 1337	30	133	18224	45.67418546365914	3.7547742692822794E-11	2.6819657605869907E-12	4.3445247399631626E-10
GOTERM_BP_ALL	GO:0009150~purine ribonucleotide metabolic process	14	46.666666666666664	8.955203677640468E-13	9377, 1351, 1350, 1340, 1329, 4714, 1327, 6834, 54205, 6392, 6391, 1349, 1337, 1345	30	520	16792	15.06974358974359	5.426765703475667E-10	2.0099144570906446E-11	1.3243961483055955E-9
GOTERM_BP_ALL	GO:0009117~nucleotide metabolic process	15	50.0	9.501879944006168E-13	1351, 9377, 3420, 1350, 1340, 1329, 4714, 1327, 6834, 54205, 6392, 6391, 1349, 1337, 1345	30	667	16792	12.587706146926537	5.758453713866629E-10	2.0565882330458862E-11	1.4053425090310157E-9
GOTERM_BP_ALL	GO:0006753~nucleoside phosphate metabolic process	15	50.0	1.116924970425585E-12	1351, 9377, 3420, 1350, 1340, 1329, 4714, 1327, 6834, 54205, 6392, 6391, 1349, 1337, 1345	30	675	16792	12.438518518518519	6.768319238403819E-10	2.3338997401367578E-11	1.6518009182675542E-9
GOTERM_BP_ALL	GO:0009259~ribonucleotide metabolic process	14	46.666666666666664	1.2840408342175847E-12	9377, 1351, 1350, 1340, 1329, 4714, 1327, 6834, 54205, 6392, 6391, 1349, 1337, 1345	30	535	16792	14.647227414330219	7.781548738705624E-10	2.593847359122492E-11	1.8990808925423153E-9
GOTERM_BP_ALL	GO:0006163~purine nucleotide metabolic process	14	46.666666666666664	1.7000958464003146E-12	9377, 1351, 1350, 1340, 1329, 4714, 1327, 6834, 54205, 6392, 6391, 1349, 1337, 1345	30	547	16792	14.325898842169408	1.0302512176707523E-9	3.3233860108339286E-11	2.5143109816383458E-9
GOTERM_BP_ALL	GO:0019693~ribose phosphate metabolic process	14	46.666666666666664	1.7803551734921202E-12	9377, 1351, 1350, 1340, 1329, 4714, 1327, 6834, 54205, 6392, 6391, 1349, 1337, 1345	30	549	16792	14.27370977534912	1.078894307227074E-9	3.371547485642168E-11	2.6330271296615138E-9
GOTERM_BP_ALL	GO:0055086~nucleobase-containing small molecule metabolic process	15	50.0	3.1045329461310925E-12	1351, 9377, 3420, 1350, 1340, 1329, 4714, 1327, 6834, 54205, 6392, 6391, 1349, 1337, 1345	30	728	16792	11.532967032967033	1.881337086118151E-9	5.7010174359106713E-11	4.591382829488566E-9
GOTERM_BP_ALL	GO:0072521~purine-containing compound metabolic process	14	46.666666666666664	3.1938027609596786E-12	9377, 1351, 1350, 1340, 1329, 4714, 1327, 6834, 54205, 6392, 6391, 1349, 1337, 1345	30	575	16792	13.628289855072463	1.935429816413148E-9	5.692435411930319E-11	4.723388347116497E-9
GOTERM_CC_ALL	GO:0098798~mitochondrial protein complex	10	33.33333333333333	3.313904822110365E-12	1351, 9377, 1350, 1329, 6392, 6390, 6391, 4714, 1327, 1337	30	168	18224	36.15873015873016	3.1482094708934483E-10	2.098810014672381E-11	3.642663948255631E-9
GOTERM_CC_ALL	GO:0005751~mitochondrial respiratory chain complex IV	6	20.0	9.049267093021252E-12	1351, 9377, 1350, 1329, 1327, 1337	30	13	18224	280.3692307692308	8.596851008846329E-10	5.3730353499759076E-11	9.947054291359336E-9
GOTERM_CC_ALL	GO:0070069~cytochrome complex	7	23.333333333333332	1.0051057851550767E-11	1351, 9377, 1350, 1329, 1349, 1327, 1337	30	33	18224	128.85656565656566	9.548517532209644E-10	5.6167737128021145E-11	1.1048184589412813E-8
GOTERM_BP_ALL	GO:0044281~small molecule metabolic process	19	63.33333333333333	1.349654581108418E-10	1351, 9377, 3420, 1350, 1340, 1329, 1327, 4714, 6834, 54205, 23408, 6392, 3419, 6390, 6391, 1349, 1337, 1345, 3421	30	1951	16792	5.451016572697762	8.178907950906478E-8	2.271918986274102E-9	1.9960524344497799E-7
GOTERM_MF_ALL	GO:0015077~monovalent inorganic cation transmembrane transporter activity	11	36.666666666666664	1.9812889361288732E-10	1351, 9377, 1350, 1340, 1329, 1349, 1327, 1337, 1347, 1345, 6834	30	353	16881	17.53456090651558	3.2096872604192583E-8	5.349478859884016E-9	2.397457787850499E-7
GOTERM_BP_ALL	GO:0019637~organophosphate metabolic process	15	50.0	8.317339584272094E-10	1351, 9377, 3420, 1350, 1340, 1329, 4714, 1327, 6834, 54205, 6392, 6391, 1349, 1337, 1345	30	1108	16792	7.577617328519857	5.04030619019602E-7	1.3622452499362225E-8	1.230080792780086E-6
GOTERM_BP_ALL	GO:1901135~carbohydrate derivative metabolic process	15	50.0	3.881027202665745E-9	1351, 9377, 1350, 1340, 1329, 4714, 1327, 6834, 54205, 6392, 23408, 6391, 1349, 1337, 1345	30	1247	16792	6.732959101844426	2.3518997016580556E-6	6.030518961974707E-8	5.739788733194473E-6
GOTERM_BP_ALL	GO:0015672~monovalent inorganic cation transport	11	36.666666666666664	4.597085891993674E-9	1351, 9377, 1350, 1340, 1329, 1349, 1327, 1337, 1347, 1345, 6834	30	486	16792	12.668861454046638	2.7858302020788983E-6	6.964584964297416E-8	6.798793417139848E-6
GOTERM_MF_ALL	GO:0022890~inorganic cation transmembrane transporter activity	11	36.666666666666664	8.045602793666042E-9	1351, 9377, 1350, 1340, 1329, 1349, 1327, 1337, 1347, 1345, 6834	30	518	16881	11.949227799227799	1.3033867996004034E-6	1.8619821828824712E-7	9.735579742375933E-6
GOTERM_MF_ALL	GO:0008324~cation transmembrane transporter activity	11	36.666666666666664	4.16310091364828E-8	1351, 9377, 1350, 1340, 1329, 1349, 1327, 1337, 1347, 1345, 6834	30	616	16881	10.048214285714284	6.744200869879258E-6	8.430275961757161E-7	5.037558356013605E-5
GOTERM_BP_ALL	GO:0098662~inorganic cation transmembrane transport	11	36.666666666666664	5.821806263803635E-8	1351, 9377, 1350, 1340, 1329, 1349, 1327, 1337, 1347, 1345, 6834	30	635	16792	9.696167979002626	3.5279524621234515E-5	8.60491018994658E-7	8.610072550485626E-5
GOTERM_BP_ALL	GO:0098655~cation transmembrane transport	11	36.666666666666664	1.5084553356080625E-7	1351, 9377, 1350, 1340, 1329, 1349, 1327, 1337, 1347, 1345, 6834	30	703	16792	8.75827406353722	9.140822221465061E-5	2.176483350546654E-6	2.2309058395064696E-4
GOTERM_BP_ALL	GO:0098660~inorganic ion transmembrane transport	11	36.666666666666664	2.0093140664463975E-7	1351, 9377, 1350, 1340, 1329, 1349, 1327, 1337, 1347, 1345, 6834	30	725	16792	8.492505747126437	1.2175703165828722E-4	2.83172726156522E-6	2.9716418056269234E-4
GOTERM_MF_ALL	GO:0003824~catalytic activity	25	83.33333333333334	2.547850640313834E-7	9377, 3420, 1351, 1350, 1340, 1329, 51106, 1327, 131474, 4714, 6834, 835, 54205, 23408, 6392, 6390, 3419, 6391, 1349, 1337, 1347, 64216, 1345, 3421, 5442	30	6018	16881	2.337570621468927	4.127433382494772E-5	4.586121220784278E-6	3.083021858474311E-4
GOTERM_CC_ALL	GO:0031090~organelle membrane	17	56.666666666666664	3.834875975010529E-7	1351, 9377, 1350, 1340, 1329, 4714, 1327, 6834, 54205, 6392, 23408, 6390, 6391, 1349, 1337, 1347, 1345	30	2646	18224	3.9028470647518265	3.643066513092652E-5	1.8215647781261168E-6	4.2153060080263316E-4
GOTERM_MF_ALL	GO:0015075~ion transmembrane transporter activity	11	36.666666666666664	5.772351066556517E-7	1351, 9377, 1350, 1340, 1329, 1349, 1327, 1337, 1347, 1345, 6834	30	817	16881	7.576132190942472	9.350774213734425E-5	9.3511677033975E-6	6.98481001182305E-4
GOTERM_BP_ALL	GO:0006139~nucleobase-containing compound metabolic process	24	80.0	9.892687876086838E-7	1351, 3420, 9377, 2551, 1350, 7528, 1340, 1329, 317, 51106, 1327, 4899, 4714, 6834, 54205, 23408, 6392, 6391, 1349, 1337, 64216, 1345, 5442, 51142	30	5794	16792	2.318536416983086	5.993175192587907E-4	1.3322070855803503E-5	0.0014630547593652565
GOTERM_BP_ALL	GO:0046483~heterocycle metabolic process	24	80.0	1.5177074010778418E-6	1351, 3420, 9377, 2551, 1350, 7528, 1340, 1329, 317, 51106, 1327, 4899, 4714, 6834, 54205, 23408, 6392, 6391, 1349, 1337, 64216, 1345, 5442, 51142	30	5919	16792	2.269572562932928	9.193085597308803E-4	1.999396061813652E-5	0.0022445678811267022
GOTERM_BP_ALL	GO:0006725~cellular aromatic compound metabolic process	24	80.0	1.7716616982341886E-6	1351, 3420, 9377, 2551, 1350, 7528, 1340, 1329, 317, 51106, 1327, 4899, 4714, 6834, 54205, 23408, 6392, 6391, 1349, 1337, 64216, 1345, 5442, 51142	30	5965	16792	2.252070410729254	0.0010730518079091755	2.284288676079882E-5	0.0026201413912074756
GOTERM_MF_ALL	GO:0022891~substrate-specific transmembrane transporter activity	11	36.666666666666664	2.369417232184369E-6	1351, 9377, 1350, 1340, 1329, 1349, 1327, 1337, 1347, 1345, 6834	30	954	16881	6.488155136268343	3.837723868928E-4	3.4894486297010197E-5	0.0028670751993753463
GOTERM_BP_ALL	GO:0034220~ion transmembrane transport	11	36.666666666666664	2.704245217453732E-6	1351, 9377, 1350, 1340, 1329, 1349, 1327, 1337, 1347, 1345, 6834	30	963	16792	6.393631014191762	0.001637432759342361	3.4140559230788625E-5	0.003999329711013022
GOTERM_BP_ALL	GO:0044710~single-organism metabolic process	20	66.66666666666666	2.8413945217068566E-6	1351, 3420, 9377, 1350, 1340, 1329, 1327, 4714, 131474, 6834, 54205, 23408, 6392, 3419, 6390, 6391, 1349, 1337, 1345, 3421	30	4063	16792	2.75527114611535	0.0017204059285901296	3.5139944341233686E-5	0.004202156931842893
GOTERM_BP_ALL	GO:0006812~cation transport	11	36.666666666666664	3.0232387574403826E-6	1351, 9377, 1350, 1340, 1329, 1349, 1327, 1337, 1347, 1345, 6834	30	975	16792	6.3149401709401705	0.0018304082123128396	3.6641037829410195E-5	0.004471081955192968
GOTERM_BP_ALL	GO:1901360~organic cyclic compound metabolic process	24	80.0	3.2424910855000358E-6	1351, 3420, 9377, 2551, 1350, 7528, 1340, 1329, 317, 51106, 1327, 4899, 4714, 6834, 54205, 23408, 6392, 6391, 1349, 1337, 64216, 1345, 5442, 51142	30	6149	16792	2.1846804358432266	0.0019630235276162367	3.85277437383591E-5	0.004795328000917198
GOTERM_CC_ALL	GO:0098796~membrane protein complex	11	36.666666666666664	3.46468895487816E-6	1351, 9377, 1350, 1329, 6392, 6390, 6391, 1349, 4714, 1327, 1337	30	1074	18224	6.221725636250776	3.2909185829610443E-4	1.4310594163569057E-5	0.0038083368132380002
GOTERM_MF_ALL	GO:0022857~transmembrane transporter activity	11	36.666666666666664	4.799766910263316E-6	1351, 9377, 1350, 1340, 1329, 1349, 1327, 1337, 1347, 1345, 6834	30	1032	16881	5.997771317829457	7.772618808954412E-4	6.479490951305511E-5	0.005807802382606919
GOTERM_BP_ALL	GO:1901564~organonitrogen compound metabolic process	15	50.0	5.308901411885592E-6	1351, 9377, 3420, 1350, 1340, 1329, 4714, 1327, 6834, 54205, 6392, 6391, 1349, 1337, 1345	30	2221	16792	3.780279153534444	0.0032120331440527172	6.186737066493642E-5	0.007851235430855752
GOTERM_BP_ALL	GO:0055085~transmembrane transport	12	40.0	6.33180059582886E-6	1351, 9377, 1350, 1340, 1329, 1349, 131474, 1327, 1337, 1347, 1345, 6834	30	1322	16792	5.080786686838125	0.0038297311114249277	7.239517762402947E-5	0.009363915945392876
GOTERM_BP_ALL	GO:0034641~cellular nitrogen compound metabolic process	24	80.0	9.813787094080209E-6	1351, 3420, 9377, 2551, 1350, 7528, 1340, 1329, 317, 51106, 1327, 4899, 4714, 6834, 54205, 23408, 6392, 6391, 1349, 1337, 64216, 1345, 5442, 51142	30	6505	16792	2.065119139123751	0.005929534667134084	1.1012697560275342E-4	0.014512976201452865
GOTERM_MF_ALL	GO:0022892~substrate-specific transporter activity	11	36.666666666666664	1.1342997265529909E-5	1351, 9377, 1350, 1340, 1329, 1349, 1327, 1337, 1347, 1345, 6834	30	1137	16881	5.443887423043095	0.0018358886697910082	1.4134200865023594E-4	0.013724727759645283
GOTERM_BP_ALL	GO:0016310~phosphorylation	14	46.666666666666664	3.263220108092503E-5	9377, 1351, 1350, 1340, 1329, 4714, 1327, 6834, 54205, 6392, 6391, 1349, 1337, 1345	30	2229	16792	3.515597427845073	0.01958118514605489	3.5307045086097055E-4	0.04825006429217682
GOTERM_BP_ALL	GO:0006807~nitrogen compound metabolic process	24	80.0	3.507921513844892E-5	1351, 3420, 9377, 2551, 1350, 7528, 1340, 1329, 317, 51106, 1327, 4899, 4714, 6834, 54205, 23408, 6392, 6391, 1349, 1337, 64216, 1345, 5442, 51142	30	6948	16792	1.9334484743811169	0.0210340106407213	3.728844479681248E-4	0.05186735112704399
GOTERM_MF_ALL	GO:0005215~transporter activity	11	36.666666666666664	4.354498254056863E-5	1351, 9377, 1350, 1340, 1329, 1349, 1327, 1337, 1347, 1345, 6834	30	1327	16881	4.664431047475508	0.0070296166059988785	5.037616955492208E-4	0.052678865517274964
GOTERM_BP_ALL	GO:0006811~ion transport	11	36.666666666666664	1.0148029896579823E-4	1351, 9377, 1350, 1340, 1329, 1349, 1327, 1337, 1347, 1345, 6834	30	1458	16792	4.222953818015546	0.05964722517393095	0.0010076916383321421	0.14997785404230468
GOTERM_BP_ALL	GO:0006796~phosphate-containing compound metabolic process	15	50.0	2.3059501269773687E-4	1351, 9377, 3420, 1350, 1340, 1329, 4714, 1327, 6834, 54205, 6392, 6391, 1349, 1337, 1345	30	3083	16792	2.7233214401556927	0.13043021697679436	0.0022516015259916866	0.34049348088951437
GOTERM_BP_ALL	GO:0006793~phosphorus metabolic process	15	50.0	2.355699189166692E-4	1351, 9377, 3420, 1350, 1340, 1329, 4714, 1327, 6834, 54205, 6392, 6391, 1349, 1337, 1345	30	3089	16792	2.718031725477501	0.13304845158149337	0.002263659255765327	0.34782743393517723
GOTERM_CC_ALL	GO:1990204~oxidoreductase complex	4	13.333333333333334	6.610994952642334E-4	6392, 6390, 6391, 4714	30	108	18224	22.498765432098764	0.06089240455521683	0.0019613621729269726	0.7242883479939732
GOTERM_CC_ALL	GO:0043234~protein complex	15	50.0	0.0020708938664525545	1351, 9377, 1350, 7528, 1329, 317, 4714, 4899, 1327, 54205, 6392, 6390, 6391, 1349, 1337	30	4118	18224	2.212724623603691	0.17875919661251027	0.005775577663125531	2.2529305537118405
GOTERM_CC_ALL	GO:0032991~macromolecular complex	16	53.333333333333336	0.00358493489236502	1351, 9377, 2551, 1350, 7528, 1329, 317, 4714, 4899, 1327, 54205, 6392, 6390, 6391, 1349, 1337	30	4868	18224	1.9966036702273349	0.28906959425986845	0.009700663084028949	3.8707532134439226
GOTERM_BP_ALL	GO:0044765~single-organism transport	12	40.0	0.02208398273061804	1351, 9377, 1350, 1340, 1329, 1349, 131474, 1327, 1337, 1347, 1345, 6834	30	3415	16792	1.966852122986823	0.9999986733845526	0.18795388473942165	28.12690954340714
GOTERM_BP_ALL	GO:1902578~single-organism localization	12	40.0	0.032701113585711705	1351, 9377, 1350, 1340, 1329, 1349, 131474, 1327, 1337, 1347, 1345, 6834	30	3614	16792	1.8585500830105148	0.9999999982226343	0.26307912227218067	38.842195750395135
GOTERM_CC_ALL	GO:0044425~membrane part	16	53.333333333333336	0.10710744134399669	1351, 9377, 1350, 1329, 317, 4714, 1327, 6834, 54205, 6392, 6390, 6391, 1349, 1337, 1347, 1345	30	7057	18224	1.3772802418402532	0.9999788200787918	0.23590367922347222	71.21392295726282
GOTERM_BP_ALL	GO:0006810~transport	12	40.0	0.1548057705038832	1351, 9377, 1350, 1340, 1329, 1349, 131474, 1327, 1337, 1347, 1345, 6834	30	4663	16792	1.4404460647651727	1.0	0.7717095594680915	91.6874535468424
GOTERM_BP_ALL	GO:0044763~single-organism cellular process	25	83.33333333333334	0.16451979626393748	1351, 3420, 1350, 317, 131474, 6392, 23408, 3419, 6390, 6391, 1349, 1347, 1345, 9377, 2551, 7528, 1340, 1329, 4714, 1327, 6834, 835, 54205, 1337, 3421	30	12256	16792	1.1417536988685815	1.0	0.7890448075705527	92.99374066077817
GOTERM_BP_ALL	GO:0051234~establishment of localization	12	40.0	0.17822121532415156	1351, 9377, 1350, 1340, 1329, 1349, 131474, 1327, 1337, 1347, 1345, 6834	30	4790	16792	1.4022546972860124	1.0	0.812752823867359	94.51369031852673
GOTERM_CC_ALL	GO:0016020~membrane	19	63.33333333333333	0.18201829675215825	1351, 9377, 1350, 1340, 1329, 317, 1327, 4714, 6834, 835, 54205, 23408, 6392, 6390, 6391, 1349, 1337, 1347, 1345	30	9462	18224	1.2198125836680052	0.9999999948638111	0.35845930666960557	89.0131462073348
GOTERM_BP_ALL	GO:0044699~single-organism process	26	86.66666666666667	0.26886119037760214	1351, 3420, 1350, 317, 131474, 4899, 6392, 23408, 3419, 6390, 6391, 1349, 1347, 1345, 9377, 2551, 7528, 1340, 1329, 1327, 4714, 6834, 835, 54205, 1337, 3421	30	13377	16792	1.087917071590541	1.0	0.9067178026492363	99.02580633489642
GOTERM_BP_ALL	GO:0051179~localization	13	43.333333333333336	0.2936520546638834	9377, 1351, 7528, 1350, 1340, 1329, 1327, 131474, 6834, 1349, 1337, 1347, 1345	30	5872	16792	1.2391916439600363	1.0	0.9257944998233785	99.41509715015671
GOTERM_CC_ALL	GO:0016021~integral component of membrane	12	40.0	0.31655371431125323	1351, 1350, 6392, 317, 6391, 1349, 4714, 1327, 1337, 1347, 1345, 6834	30	5872	18224	1.2414168937329702	0.9999999999999998	0.5366684784723658	98.47572722807196
GOTERM_CC_ALL	GO:0031224~intrinsic component of membrane	12	40.0	0.3419104812665757	1351, 1350, 6392, 317, 6391, 1349, 4714, 1327, 1337, 1347, 1345, 6834	30	5981	18224	1.2187928440060192	1.0	0.5631265245233501	98.99404232499779

Annotation Cluster 2	Enrichment Score: 4.293415963964539
Category	Term	Count	%	PValue	Genes	List Total	Pop Hits	Pop Total	Fold Enrichment	Bonferroni	Benjamini	FDR
GOTERM_CC_ALL	GO:0044446~intracellular organelle part	28	93.33333333333333	6.105062033369516E-8	1351, 3420, 1350, 51106, 131474, 4899, 6392, 23408, 3419, 6390, 6391, 1349, 1347, 64216, 1345, 5442, 9377, 2551, 7528, 1340, 1329, 1327, 4714, 6834, 54205, 1337, 3421, 51142	30	8233	18224	2.0659621847038343	5.79979229020644E-6	3.2221156520684247E-7	6.71071145430524E-5
GOTERM_CC_ALL	GO:0044422~organelle part	28	93.33333333333333	1.0655135464301506E-7	1351, 3420, 1350, 51106, 131474, 4899, 6392, 23408, 3419, 6390, 6391, 1349, 1347, 64216, 1345, 5442, 9377, 2551, 7528, 1340, 1329, 1327, 4714, 6834, 54205, 1337, 3421, 51142	30	8415	18224	2.0212794612794616	1.012232799790791E-5	5.327566595658695E-7	1.171216982620571E-4
GOTERM_CC_ALL	GO:0044444~cytoplasmic part	27	90.0	4.560884458434183E-7	1351, 3420, 1350, 317, 51106, 131474, 6392, 23408, 3419, 6390, 6391, 1349, 1347, 64216, 1345, 5442, 9377, 1340, 1329, 1327, 4714, 6834, 835, 54205, 1337, 3421, 51142	30	8090	18224	2.0273918417799752	4.3327473568610664E-5	2.0632555967070587E-6	5.013334671510883E-4
GOTERM_CC_ALL	GO:0043231~intracellular membrane-bounded organelle	30	100.0	4.7360724936980203E-7	1351, 3420, 1350, 317, 51106, 4899, 131474, 23408, 6392, 3419, 6390, 6391, 1349, 1347, 64216, 1345, 5442, 9377, 2551, 7528, 1340, 1329, 1327, 4714, 6834, 835, 54205, 1337, 3421, 51142	30	11035	18224	1.6514725872224738	4.49916871928524E-5	2.0451206064198146E-6	5.205901307703265E-4
GOTERM_CC_ALL	GO:0043229~intracellular organelle	30	100.0	6.857453487219876E-6	1351, 3420, 1350, 317, 51106, 4899, 131474, 23408, 6392, 3419, 6390, 6391, 1349, 1347, 64216, 1345, 5442, 9377, 2551, 7528, 1340, 1329, 1327, 4714, 6834, 835, 54205, 1337, 3421, 51142	30	12099	18224	1.5062401851392677	6.512481607745535E-4	2.605807308142527E-5	0.007537487561137812
GOTERM_CC_ALL	GO:0043227~membrane-bounded organelle	30	100.0	8.918303997707537E-6	1351, 3420, 1350, 317, 51106, 4899, 131474, 23408, 6392, 3419, 6390, 6391, 1349, 1347, 64216, 1345, 5442, 9377, 2551, 7528, 1340, 1329, 1327, 4714, 6834, 835, 54205, 1337, 3421, 51142	30	12209	18224	1.4926693422884756	8.468838490539587E-4	3.2585725141975885E-5	0.009802605801934039
GOTERM_BP_ALL	GO:0044238~primary metabolic process	29	96.66666666666667	1.1475744369506862E-5	1351, 3420, 1350, 317, 51106, 4899, 131474, 6392, 23408, 3419, 6390, 6391, 1349, 64216, 1345, 5442, 9377, 2551, 7528, 1340, 1329, 1327, 4714, 6834, 835, 54205, 1337, 3421, 51142	30	10243	16792	1.5847180188095937	0.006930215519812433	1.2643456995131697E-4	0.016970543070582433
GOTERM_BP_ALL	GO:0071704~organic substance metabolic process	29	96.66666666666667	3.715908043433831E-5	1351, 3420, 1350, 317, 51106, 4899, 131474, 6392, 23408, 3419, 6390, 6391, 1349, 64216, 1345, 5442, 9377, 2551, 7528, 1340, 1329, 1327, 4714, 6834, 835, 54205, 1337, 3421, 51142	30	10707	16792	1.5160424644313688	0.022267165021657265	3.881801753853331E-4	0.0549418060969975
GOTERM_CC_ALL	GO:0005737~cytoplasm	28	93.33333333333333	5.1215819412895647E-5	1351, 3420, 1350, 317, 51106, 131474, 23408, 6392, 3419, 6390, 6391, 1349, 1347, 64216, 1345, 5442, 9377, 7528, 1340, 1329, 1327, 4714, 6834, 835, 54205, 1337, 3421, 51142	30	10775	18224	1.578567672080433	0.004853809453709723	1.677661823640264E-4	0.05628227188292367
GOTERM_CC_ALL	GO:0043226~organelle	30	100.0	7.767404810488055E-5	1351, 3420, 1350, 317, 51106, 4899, 131474, 23408, 6392, 3419, 6390, 6391, 1349, 1347, 64216, 1345, 5442, 9377, 2551, 7528, 1340, 1329, 1327, 4714, 6834, 835, 54205, 1337, 3421, 51142	30	13154	18224	1.3854340884901932	0.007352160823479115	2.459471221980536E-4	0.08534656177702216
GOTERM_BP_ALL	GO:0008152~metabolic process	29	96.66666666666667	9.055365427044454E-5	1351, 3420, 1350, 317, 51106, 4899, 131474, 6392, 23408, 3419, 6390, 6391, 1349, 64216, 1345, 5442, 9377, 2551, 7528, 1340, 1329, 1327, 4714, 6834, 835, 54205, 1337, 3421, 51142	30	11075	16792	1.4656674191121144	0.05339937308279741	9.29703138108362E-4	0.13383943383152852
GOTERM_BP_ALL	GO:0044237~cellular metabolic process	28	93.33333333333333	9.909415961519461E-5	1351, 3420, 1350, 317, 51106, 4899, 6392, 23408, 3419, 6390, 6391, 1349, 64216, 1345, 5442, 9377, 2551, 7528, 1340, 1329, 1327, 4714, 6834, 835, 54205, 1337, 3421, 51142	30	10202	16792	1.5362216558844672	0.05828635449105102	0.0010003998706998862	0.14645378486359828
GOTERM_CC_ALL	GO:0044424~intracellular part	30	100.0	3.543366646741823E-4	1351, 3420, 1350, 317, 51106, 4899, 131474, 23408, 6392, 3419, 6390, 6391, 1349, 1347, 64216, 1345, 5442, 9377, 2551, 7528, 1340, 1329, 1327, 4714, 6834, 835, 54205, 1337, 3421, 51142	30	13860	18224	1.3148629148629147	0.033107490446672605	0.001085473298502393	0.388799793260608
GOTERM_CC_ALL	GO:0005622~intracellular	30	100.0	7.39854733673174E-4	1351, 3420, 1350, 317, 51106, 4899, 131474, 23408, 6392, 3419, 6390, 6391, 1349, 1347, 64216, 1345, 5442, 9377, 2551, 7528, 1340, 1329, 1327, 4714, 6834, 835, 54205, 1337, 3421, 51142	30	14216	18224	1.2819358469330333	0.06789724042472622	0.0021284048581639015	0.8102524830765789
GOTERM_CC_ALL	GO:0044464~cell part	30	100.0	0.05108963658007329	1351, 3420, 1350, 317, 51106, 4899, 131474, 23408, 6392, 3419, 6390, 6391, 1349, 1347, 64216, 1345, 5442, 9377, 2551, 7528, 1340, 1329, 1327, 4714, 6834, 835, 54205, 1337, 3421, 51142	30	16449	18224	1.1079092953978964	0.9931389114051461	0.12287200108070873	43.810108651290626
GOTERM_CC_ALL	GO:0005623~cell	30	100.0	0.053769579505623236	1351, 3420, 1350, 317, 51106, 4899, 131474, 23408, 6392, 3419, 6390, 6391, 1349, 1347, 64216, 1345, 5442, 9377, 2551, 7528, 1340, 1329, 1327, 4714, 6834, 835, 54205, 1337, 3421, 51142	30	16478	18224	1.105959461099648	0.994755475936153	0.12596077114096949	45.53006717327243
GOTERM_BP_ALL	GO:0009987~cellular process	30	100.0	0.10910761683966665	1351, 3420, 1350, 317, 51106, 4899, 131474, 23408, 6392, 3419, 6390, 6391, 1349, 1347, 64216, 1345, 5442, 9377, 2551, 7528, 1340, 1329, 1327, 4714, 6834, 835, 54205, 1337, 3421, 51142	30	15558	16792	1.0793161074688264	1.0	0.6428469221908584	81.88877840074838

Annotation Cluster 3	Enrichment Score: 3.1851617041714406
Category	Term	Count	%	PValue	Genes	List Total	Pop Hits	Pop Total	Fold Enrichment	Bonferroni	Benjamini	FDR
GOTERM_BP_ALL	GO:0009060~aerobic respiration	8	26.666666666666668	9.6593145402433E-12	3420, 6392, 6390, 3419, 6391, 1337, 6834, 3421	30	62	16792	72.22365591397849	5.853519668974627E-9	1.6724344131802127E-10	1.4285439497996322E-8
GOTERM_BP_ALL	GO:0044281~small molecule metabolic process	19	63.33333333333333	1.349654581108418E-10	1351, 9377, 3420, 1350, 1340, 1329, 1327, 4714, 6834, 54205, 23408, 6392, 3419, 6390, 6391, 1349, 1337, 1345, 3421	30	1951	16792	5.451016572697762	8.178907950906478E-8	2.271918986274102E-9	1.9960524344497799E-7
GOTERM_BP_ALL	GO:0006099~tricarboxylic acid cycle	6	20.0	1.2325476734159522E-9	3420, 6392, 6390, 3419, 6391, 3421	30	29	16792	115.80689655172415	7.469235789869799E-7	1.9655890803882414E-8	1.822858430866603E-6
GOTERM_CC_ALL	GO:0005759~mitochondrial matrix	7	23.333333333333332	4.678540504969892E-5	3420, 23408, 3419, 51106, 64216, 3421, 5442	30	425	18224	10.005333333333333	0.0044348543162212595	1.5872731057586797E-4	0.05141472301604111
GOTERM_MF_ALL	GO:0048037~cofactor binding	6	20.0	9.213522157191136E-5	3420, 6392, 23408, 6390, 3419, 3421	30	273	16881	12.367032967032968	0.014815744160286637	9.94611281828095E-4	0.11143121419254776
GOTERM_MF_ALL	GO:0051287~NAD binding	4	13.333333333333334	1.0078980796589861E-4	3420, 23408, 3419, 3421	30	53	16881	42.467924528301886	0.016196180064714794	0.0010200276547054354	0.12189248665402941
GOTERM_MF_ALL	GO:0050662~coenzyme binding	4	13.333333333333334	0.0038369061063700184	3420, 23408, 3419, 3421	30	185	16881	12.166486486486486	0.46354592303219677	0.035970885836540845	4.545240658921291
GOTERM_BP_ALL	GO:0006082~organic acid metabolic process	6	20.0	0.018320597459240685	3420, 6392, 6390, 3419, 6391, 3421	30	907	16792	3.7027563395810366	0.9999863972930056	0.16061172979909932	23.92591665829492
GOTERM_CC_ALL	GO:0070013~intracellular organelle lumen	11	36.666666666666664	0.12845821318995387	3420, 2551, 7528, 23408, 6390, 3419, 51106, 4899, 64216, 3421, 5442	30	4328	18224	1.5439309919901416	0.9999978748950473	0.27281749137004974	77.93798439543156
GOTERM_CC_ALL	GO:0043233~organelle lumen	11	36.666666666666664	0.13975071702670736	3420, 2551, 7528, 23408, 6390, 3419, 51106, 4899, 64216, 3421, 5442	30	4400	18224	1.5186666666666666	0.9999993843833831	0.28857940000934035	80.88442444570263
GOTERM_MF_ALL	GO:0046872~metal ion binding	11	36.666666666666664	0.15590810400731092	3420, 9377, 54205, 7528, 1329, 6392, 23408, 6390, 3419, 6391, 3421	30	4166	16881	1.4857657225156025	0.9999999999988112	0.7466290507026032	87.1388718390038
GOTERM_MF_ALL	GO:0043169~cation binding	11	36.666666666666664	0.16472873589443301	3420, 9377, 54205, 7528, 1329, 6392, 23408, 6390, 3419, 6391, 3421	30	4213	16881	1.469190600522193	0.9999999999997832	0.7505661941570089	88.67405905418553
GOTERM_MF_ALL	GO:0043167~ion binding	11	36.666666666666664	0.19946930568916976	3420, 9377, 54205, 7528, 1329, 6392, 23408, 6390, 3419, 6391, 3421	30	4386	16881	1.4112403100775193	0.9999999999999998	0.8056830690788768	93.22630683474682
GOTERM_MF_ALL	GO:0000166~nucleotide binding	5	16.666666666666664	0.6028928048740885	3420, 23408, 3419, 317, 3421	30	2389	16881	1.1776894097948933	1.0	0.9968312586750819	99.99859852934291
GOTERM_MF_ALL	GO:1901265~nucleoside phosphate binding	5	16.666666666666664	0.6032445367107053	3420, 23408, 3419, 317, 3421	30	2390	16881	1.1771966527196653	1.0	0.996099345414094	99.998613476455
GOTERM_MF_ALL	GO:0036094~small molecule binding	5	16.666666666666664	0.6640534134041993	3420, 23408, 3419, 317, 3421	30	2571	16881	1.0943212757681835	1.0	0.9981839202403754	99.99981480306839

Annotation Cluster 4	Enrichment Score: 0.3673396545613413
Category	Term	Count	%	PValue	Genes	List Total	Pop Hits	Pop Total	Fold Enrichment	Bonferroni	Benjamini	FDR
GOTERM_BP_ALL	GO:0007005~mitochondrion organization	10	33.33333333333333	9.583116957151558E-7	54205, 2551, 51106, 131474, 4714, 4899, 64216, 6834, 5442, 51142	30	653	16792	8.571720265441552	5.805685706465891E-4	1.3198484850041048E-5	0.001417271831660738
GOTERM_CC_ALL	GO:0005759~mitochondrial matrix	7	23.333333333333332	4.678540504969892E-5	3420, 23408, 3419, 51106, 64216, 3421, 5442	30	425	18224	10.005333333333333	0.0044348543162212595	1.5872731057586797E-4	0.05141472301604111
GOTERM_CC_ALL	GO:0031974~membrane-enclosed lumen	15	50.0	0.004537861450971417	3420, 2551, 7528, 1340, 51106, 131474, 4899, 54205, 23408, 6390, 3419, 64216, 3421, 5442, 51142	30	4457	18224	2.0444245007852815	0.35084121805150836	0.01193042619810969	4.876478216726843
GOTERM_BP_ALL	GO:0006996~organelle organization	12	40.0	0.04211161532770254	54205, 2551, 7528, 23408, 51106, 131474, 4714, 4899, 64216, 6834, 5442, 51142	30	3753	16792	1.789714894750866	0.9999999999952485	0.3223623659189496	47.07516346254285
GOTERM_MF_ALL	GO:1901363~heterocyclic compound binding	15	50.0	0.10523471933043407	3420, 2551, 7528, 317, 51106, 4899, 54205, 6392, 23408, 3419, 6391, 64216, 3421, 5442, 51142	30	5971	16881	1.4135823145201807	0.9999999849727996	0.6323944027098259	73.9590790378992
GOTERM_MF_ALL	GO:0097159~organic cyclic compound binding	15	50.0	0.11569341509544351	3420, 2551, 7528, 317, 51106, 4899, 54205, 6392, 23408, 3419, 6391, 64216, 3421, 5442, 51142	30	6052	16881	1.3946629213483146	0.9999999977630146	0.6494749069766295	77.41250918409021
GOTERM_CC_ALL	GO:0070013~intracellular organelle lumen	11	36.666666666666664	0.12845821318995387	3420, 2551, 7528, 23408, 6390, 3419, 51106, 4899, 64216, 3421, 5442	30	4328	18224	1.5439309919901416	0.9999978748950473	0.27281749137004974	77.93798439543156
GOTERM_CC_ALL	GO:0043233~organelle lumen	11	36.666666666666664	0.13975071702670736	3420, 2551, 7528, 23408, 6390, 3419, 51106, 4899, 64216, 3421, 5442	30	4400	18224	1.5186666666666666	0.9999993843833831	0.28857940000934035	80.88442444570263
GOTERM_BP_ALL	GO:0045893~positive regulation of transcription, DNA-templated	5	16.666666666666664	0.20056872103726603	2551, 7528, 4899, 64216, 51142	30	1349	16792	2.074623177662466	1.0	0.8480358190108106	96.35081644991551
GOTERM_BP_ALL	GO:1903508~positive regulation of nucleic acid-templated transcription	5	16.666666666666664	0.20056872103726603	2551, 7528, 4899, 64216, 51142	30	1349	16792	2.074623177662466	1.0	0.8480358190108106	96.35081644991551
GOTERM_BP_ALL	GO:0007417~central nervous system development	4	13.333333333333334	0.20332774565717376	1340, 317, 1349, 835	30	904	16792	2.4766961651917403	1.0	0.8484743301291473	96.53270882692742
GOTERM_BP_ALL	GO:1902680~positive regulation of RNA biosynthetic process	5	16.666666666666664	0.20784614059949394	2551, 7528, 4899, 64216, 51142	30	1369	16792	2.044314584855125	1.0	0.8516347478691066	96.81243983394145
GOTERM_BP_ALL	GO:0031325~positive regulation of cellular metabolic process	8	26.666666666666668	0.20798905198098502	54205, 2551, 7528, 317, 4899, 64216, 51142, 835	30	2839	16792	1.5772689914289069	1.0	0.8480334604906375	96.82093407889538
GOTERM_BP_ALL	GO:0010604~positive regulation of macromolecule metabolic process	8	26.666666666666668	0.21240252797734172	54205, 2551, 7528, 317, 4899, 64216, 51142, 835	30	2856	16792	1.5678804855275443	1.0	0.8510078655566834	97.07310144364952
GOTERM_BP_ALL	GO:0051254~positive regulation of RNA metabolic process	5	16.666666666666664	0.22489504324519025	2551, 7528, 4899, 64216, 51142	30	1415	16792	1.9778563015312132	1.0	0.8653355759779091	97.68946071663048
GOTERM_BP_ALL	GO:0009893~positive regulation of metabolic process	8	26.666666666666668	0.26593755687265624	54205, 2551, 7528, 317, 4899, 64216, 51142, 835	30	3052	16792	1.4671909130624725	1.0	0.9094582822413348	98.96657793405578
GOTERM_BP_ALL	GO:0045944~positive regulation of transcription from RNA polymerase II promoter	4	13.333333333333334	0.26686995700917393	2551, 7528, 4899, 51142	30	1041	16792	2.150752481588216	1.0	0.907568725918798	98.98582200176807
GOTERM_MF_ALL	GO:0043565~sequence-specific DNA binding	4	13.333333333333334	0.2827743090801873	2551, 7528, 4899, 51142	30	1080	16881	2.0840740740740737	1.0	0.9037689931914051	98.20789390628455
GOTERM_BP_ALL	GO:0010557~positive regulation of macromolecule biosynthetic process	5	16.666666666666664	0.2957233535224806	2551, 7528, 4899, 64216, 51142	30	1597	16792	1.75245251513254	1.0	0.925047562727723	99.43995694667635
GOTERM_BP_ALL	GO:0045935~positive regulation of nucleobase-containing compound metabolic process	5	16.666666666666664	0.32030641126723414	2551, 7528, 4899, 64216, 51142	30	1658	16792	1.6879774829111378	1.0	0.9403398784756509	99.66885364665703
GOTERM_BP_ALL	GO:0034654~nucleobase-containing compound biosynthetic process	10	33.33333333333333	0.32961458111969316	2551, 7528, 1329, 23408, 51106, 4899, 64216, 6834, 5442, 51142	30	4357	16792	1.284676000306021	1.0	0.9441458107916829	99.72994498821343
GOTERM_BP_ALL	GO:0010628~positive regulation of gene expression	5	16.666666666666664	0.33411874854077717	2551, 7528, 4899, 64216, 51142	30	1692	16792	1.6540583136327816	1.0	0.9449289982925243	99.75557120147191
GOTERM_BP_ALL	GO:0018130~heterocycle biosynthetic process	10	33.33333333333333	0.34435877878228993	2551, 7528, 1329, 23408, 51106, 4899, 64216, 6834, 5442, 51142	30	4411	16792	1.268948840021159	1.0	0.9489334400854218	99.80563767822201
GOTERM_BP_ALL	GO:0019438~aromatic compound biosynthetic process	10	33.33333333333333	0.3479328760601562	2551, 7528, 1329, 23408, 51106, 4899, 64216, 6834, 5442, 51142	30	4424	16792	1.265220012055455	1.0	0.9491313930542825	99.82073192877391
GOTERM_BP_ALL	GO:0031328~positive regulation of cellular biosynthetic process	5	16.666666666666664	0.34921215837980485	2551, 7528, 4899, 64216, 51142	30	1729	16792	1.6186620397146712	1.0	0.9480870057462119	99.82586362783681
GOTERM_BP_ALL	GO:0016043~cellular component organization	13	43.333333333333336	0.3515056270082736	7528, 2551, 317, 51106, 4714, 131474, 4899, 6834, 54205, 23408, 64216, 5442, 51142	30	6109	16792	1.1911169313035412	1.0	0.9476072117724037	99.83472233117271
GOTERM_BP_ALL	GO:0009891~positive regulation of biosynthetic process	5	16.666666666666664	0.3618915146044722	2551, 7528, 4899, 64216, 51142	30	1760	16792	1.590151515151515	1.0	0.9514387601359477	99.86982854114771
GOTERM_BP_ALL	GO:0051173~positive regulation of nitrogen compound metabolic process	5	16.666666666666664	0.36475732768539193	2551, 7528, 4899, 64216, 51142	30	1767	16792	1.5838521033767212	1.0	0.951279908810752	99.87821193890699
GOTERM_BP_ALL	GO:1901362~organic cyclic compound biosynthetic process	10	33.33333333333333	0.37878170038149656	2551, 7528, 1329, 23408, 51106, 4899, 64216, 6834, 5442, 51142	30	4535	16792	1.2342521131936788	1.0	0.9565380906384989	99.9124581631202
GOTERM_BP_ALL	GO:0071840~cellular component organization or biogenesis	13	43.333333333333336	0.39127860080956145	7528, 2551, 317, 51106, 4714, 131474, 4899, 6834, 54205, 23408, 64216, 5442, 51142	30	6265	16792	1.1614578345304603	1.0	0.9606229133845103	99.9351828889788
GOTERM_BP_ALL	GO:0006351~transcription, DNA-templated	8	26.666666666666668	0.43381774043330434	2551, 7528, 23408, 51106, 4899, 64216, 5442, 51142	30	3605	16792	1.2421266759130836	1.0	0.9744520359069105	99.97779849757528
GOTERM_BP_ALL	GO:0042981~regulation of apoptotic process	4	13.333333333333334	0.43971144126822825	54205, 23408, 317, 835	30	1400	16792	1.5992380952380953	1.0	0.9751611307681346	99.98098168247948
GOTERM_BP_ALL	GO:0043067~regulation of programmed cell death	4	13.333333333333334	0.4458403528630928	54205, 23408, 317, 835	30	1413	16792	1.5845246520405756	1.0	0.9759178479456747	99.98383686971242
GOTERM_CC_ALL	GO:0005634~nucleus	13	43.333333333333336	0.45120122244838423	3420, 54205, 2551, 7528, 23408, 6390, 3419, 317, 1327, 4899, 3421, 51142, 835	30	7048	18224	1.1204691638289823	1.0	0.6875499716152448	99.86334778633322
GOTERM_MF_ALL	GO:0003677~DNA binding	6	20.0	0.4552966133044416	2551, 7528, 51106, 4899, 5442, 51142	30	2562	16881	1.3177985948477753	1.0	0.9834392306076908	99.93581915083394
GOTERM_BP_ALL	GO:0097659~nucleic acid-templated transcription	8	26.666666666666668	0.48561254429456313	2551, 7528, 23408, 51106, 4899, 64216, 5442, 51142	30	3771	16792	1.1874480685936533	1.0	0.9842851983773144	99.99462757022857
GOTERM_BP_ALL	GO:0010941~regulation of cell death	4	13.333333333333334	0.49035449175972107	54205, 23408, 317, 835	30	1509	16792	1.48371990280539	1.0	0.9845174625089622	99.9953152601874
GOTERM_BP_ALL	GO:0044271~cellular nitrogen compound biosynthetic process	10	33.33333333333333	0.4957555788004051	2551, 7528, 1329, 23408, 51106, 4899, 64216, 6834, 5442, 51142	30	4947	16792	1.131460144195135	1.0	0.984871247805127	99.995998215785
GOTERM_BP_ALL	GO:0032774~RNA biosynthetic process	8	26.666666666666668	0.5268480231075365	2551, 7528, 23408, 51106, 4899, 64216, 5442, 51142	30	3905	16792	1.146700810926163	1.0	0.9892723648807534	99.99843876118636
GOTERM_MF_ALL	GO:0003723~RNA binding	4	13.333333333333334	0.5516188669918148	7528, 51106, 64216, 5442	30	1656	16881	1.3591787439613525	1.0	0.9944706421353399	99.99390801070518
GOTERM_BP_ALL	GO:0019219~regulation of nucleobase-containing compound metabolic process	8	26.666666666666668	0.5862630811803753	2551, 7528, 23408, 317, 51106, 4899, 64216, 51142	30	4104	16792	1.0910981156595192	1.0	0.9949841371253731	99.9997854150714
GOTERM_BP_ALL	GO:0006915~apoptotic process	4	13.333333333333334	0.5932983405960348	54205, 23408, 317, 835	30	1747	16792	1.281587483304713	1.0	0.9952286702241859	99.99983348889717
GOTERM_BP_ALL	GO:0010467~gene expression	10	33.33333333333333	0.5952957021092349	2551, 7528, 23408, 51106, 131474, 4899, 64216, 5442, 51142, 835	30	5306	16792	1.0549063952757884	1.0	0.9951180058939254	99.99984518192426
GOTERM_BP_ALL	GO:0033554~cellular response to stress	4	13.333333333333334	0.6037838828099733	7528, 317, 51142, 835	30	1773	16792	1.2627937582252302	1.0	0.9954586863838618	99.99988684451463
GOTERM_BP_ALL	GO:0006355~regulation of transcription, DNA-templated	7	23.333333333333332	0.6126494377603063	2551, 7528, 23408, 51106, 4899, 64216, 51142	30	3603	16792	1.087464150245166	1.0	0.9958046059528214	99.9999190295387
GOTERM_BP_ALL	GO:1903506~regulation of nucleic acid-templated transcription	7	23.333333333333332	0.6191969011715285	2551, 7528, 23408, 51106, 4899, 64216, 51142	30	3625	16792	1.080864367816092	1.0	0.995992509326595	99.99993707395794
GOTERM_BP_ALL	GO:0006366~transcription from RNA polymerase II promoter	4	13.333333333333334	0.622322209824647	2551, 7528, 4899, 51142	30	1820	16792	1.2301831501831502	1.0	0.9959727779638665	99.99994429439344
GOTERM_BP_ALL	GO:2001141~regulation of RNA biosynthetic process	7	23.333333333333332	0.6248090809729087	2551, 7528, 23408, 51106, 4899, 64216, 51142	30	3644	16792	1.0752286864251737	1.0	0.9959160308488703	99.99994947964952
GOTERM_BP_ALL	GO:0006357~regulation of transcription from RNA polymerase II promoter	4	13.333333333333334	0.6281239421070495	2551, 7528, 4899, 51142	30	1835	16792	1.220127157129882	1.0	0.9959114270871935	99.9999556935755
GOTERM_BP_ALL	GO:0012501~programmed cell death	4	13.333333333333334	0.6346312415515085	54205, 23408, 317, 835	30	1852	16792	1.2089272858171347	1.0	0.9961001528755462	99.99996587445925
GOTERM_BP_ALL	GO:0051252~regulation of RNA metabolic process	7	23.333333333333332	0.6587377268847773	2551, 7528, 23408, 51106, 4899, 64216, 51142	30	3762	16792	1.0415027467659046	1.0	0.9971756768267094	99.9999875641131
GOTERM_BP_ALL	GO:0051171~regulation of nitrogen compound metabolic process	8	26.666666666666668	0.6696508173458987	2551, 7528, 23408, 317, 51106, 4899, 64216, 51142	30	4404	16792	1.0167726309415681	1.0	0.997503672163493	99.9999923100346
GOTERM_BP_ALL	GO:0008219~cell death	4	13.333333333333334	0.6735491188840244	54205, 23408, 317, 835	30	1958	16792	1.1434797412325501	1.0	0.9975300574553004	99.99999354822118
GOTERM_BP_ALL	GO:0090304~nucleic acid metabolic process	9	30.0	0.7081129180341655	2551, 7528, 23408, 317, 51106, 4899, 64216, 5442, 51142	30	5158	16792	0.9766576192322606	1.0	0.9985638663406009	99.99999876725603
GOTERM_BP_ALL	GO:0080090~regulation of primary metabolic process	10	33.33333333333333	0.7179689014666303	54205, 2551, 7528, 23408, 317, 51106, 4899, 64216, 51142, 835	30	5798	16792	0.9653903644935035	1.0	0.9986563823450942	99.99999925826782
GOTERM_BP_ALL	GO:2000112~regulation of cellular macromolecule biosynthetic process	7	23.333333333333332	0.7196175511897112	2551, 7528, 23408, 51106, 4899, 64216, 51142	30	3991	16792	0.9817422534034913	1.0	0.9986207834003661	99.9999993198717
GOTERM_BP_ALL	GO:0060255~regulation of macromolecule metabolic process	10	33.33333333333333	0.7218173313858702	54205, 2551, 7528, 23408, 317, 51106, 4899, 64216, 51142, 835	30	5815	16792	0.9625680710805389	1.0	0.9985994285485923	99.99999939465903
GOTERM_BP_ALL	GO:0031323~regulation of cellular metabolic process	10	33.33333333333333	0.7283149489793541	54205, 2551, 7528, 23408, 317, 51106, 4899, 64216, 51142, 835	30	5844	16792	0.9577914670317134	1.0	0.9986877533783408	99.99999957322663
GOTERM_BP_ALL	GO:0016070~RNA metabolic process	8	26.666666666666668	0.7304054184898352	2551, 7528, 23408, 51106, 4899, 64216, 5442, 51142	30	4648	16792	0.9633964429145151	1.0	0.9986661980315287	99.99999961929798
GOTERM_MF_ALL	GO:0003676~nucleic acid binding	7	23.333333333333332	0.7402817954600986	2551, 7528, 51106, 4899, 64216, 5442, 51142	30	4097	16881	0.9614107883817428	1.0	0.9994638464034091	99.99999177402803
GOTERM_BP_ALL	GO:0007399~nervous system development	4	13.333333333333334	0.742662418985507	1340, 317, 1349, 835	30	2170	16792	1.0317665130568356	1.0	0.9988840513863448	99.9999998086966
GOTERM_BP_ALL	GO:0010556~regulation of macromolecule biosynthetic process	7	23.333333333333332	0.7477659743920821	2551, 7528, 23408, 51106, 4899, 64216, 51142	30	4107	16792	0.9540134729323918	1.0	0.9989318521998475	99.99999985774679
GOTERM_BP_ALL	GO:0048522~positive regulation of cellular process	8	26.666666666666668	0.7523513327956753	54205, 2551, 7528, 317, 4899, 64216, 51142, 835	30	4744	16792	0.9439010680157391	1.0	0.9989683474904242	99.99999989155106
GOTERM_BP_ALL	GO:0044085~cellular component biogenesis	5	16.666666666666664	0.76634974988271	317, 51106, 4714, 64216, 6834	30	2914	16792	0.9604209563029054	1.0	0.9991794176743708	99.99999995413282
GOTERM_BP_ALL	GO:0044249~cellular biosynthetic process	10	33.33333333333333	0.7853503570954568	2551, 7528, 1329, 23408, 51106, 4899, 64216, 6834, 5442, 51142	30	6118	16792	0.9148959354909012	1.0	0.9994242580615389	99.9999999869166
GOTERM_BP_ALL	GO:0031326~regulation of cellular biosynthetic process	7	23.333333333333332	0.787085139365956	2551, 7528, 23408, 51106, 4899, 64216, 51142	30	4284	16792	0.9145969498910677	1.0	0.9994125233095507	99.99999998839621
GOTERM_BP_ALL	GO:0019222~regulation of metabolic process	10	33.33333333333333	0.7954457355909016	54205, 2551, 7528, 23408, 317, 51106, 4899, 64216, 51142, 835	30	6171	16792	0.907038297412629	1.0	0.9994541049312751	99.99999999358343
GOTERM_BP_ALL	GO:0009889~regulation of biosynthetic process	7	23.333333333333332	0.7984032253287361	2551, 7528, 23408, 51106, 4899, 64216, 51142	30	4339	16792	0.9030037643082124	1.0	0.9994596311521043	99.99999999482678
GOTERM_BP_ALL	GO:0010468~regulation of gene expression	7	23.333333333333332	0.7996121845829132	2551, 7528, 23408, 51106, 4899, 64216, 51142	30	4345	16792	0.9017568085922516	1.0	0.9994432678983649	99.9999999952671
GOTERM_CC_ALL	GO:0043232~intracellular non-membrane-bounded organelle	6	20.0	0.8001729091611163	2551, 7528, 51106, 64216, 3421, 5442	30	4026	18224	0.9053154495777447	1.0	0.9411603991966417	99.99999794524895
GOTERM_CC_ALL	GO:0043228~non-membrane-bounded organelle	6	20.0	0.8001729091611163	2551, 7528, 51106, 64216, 3421, 5442	30	4026	18224	0.9053154495777447	1.0	0.9411603991966417	99.99999794524895
GOTERM_BP_ALL	GO:1901576~organic substance biosynthetic process	10	33.33333333333333	0.8057762275434728	2551, 7528, 1329, 23408, 51106, 4899, 64216, 6834, 5442, 51142	30	6227	16792	0.8988812162089823	1.0	0.9994898246969464	99.99999999701839
GOTERM_BP_ALL	GO:0034645~cellular macromolecule biosynthetic process	8	26.666666666666668	0.8074782017338871	2551, 7528, 23408, 51106, 4899, 64216, 5442, 51142	30	5012	16792	0.8934291034849694	1.0	0.9994810657776723	99.9999999973823
GOTERM_MF_ALL	GO:0016740~transferase activity	4	13.333333333333334	0.8142133934466009	23408, 51106, 64216, 5442	30	2453	16881	0.9175703220546271	1.0	0.9998871042033957	99.99999985720596
GOTERM_BP_ALL	GO:0048513~animal organ development	5	16.666666666666664	0.8161004796095299	2551, 7528, 1340, 317, 835	30	3129	16792	0.8944284648982636	1.0	0.999554198355998	99.9999999986707
GOTERM_BP_ALL	GO:0009058~biosynthetic process	10	33.33333333333333	0.8221666568467254	2551, 7528, 1329, 23408, 51106, 4899, 64216, 6834, 5442, 51142	30	6320	16792	0.8856540084388185	1.0	0.9995700751431349	99.99999999919056
GOTERM_BP_ALL	GO:0009059~macromolecule biosynthetic process	8	26.666666666666668	0.8365618854049633	2551, 7528, 23408, 51106, 4899, 64216, 5442, 51142	30	5175	16792	0.8652882447665056	1.0	0.9996875395556111	99.99999999976772
GOTERM_CC_ALL	GO:0031981~nuclear lumen	5	16.666666666666664	0.8513109722285013	2551, 7528, 6390, 4899, 3421	30	3592	18224	0.8455827765404602	1.0	0.9628208072668389	99.99999992026478
GOTERM_BP_ALL	GO:0048518~positive regulation of biological process	8	26.666666666666668	0.85432642248562	54205, 2551, 7528, 317, 4899, 64216, 51142, 835	30	5285	16792	0.8472784610532954	1.0	0.9998007795175563	99.99999999995765
GOTERM_CC_ALL	GO:0005654~nucleoplasm	4	13.333333333333334	0.8775594934057694	2551, 6390, 4899, 3421	30	2996	18224	0.811036938139742	1.0	0.9716384402966062	99.9999999905718
GOTERM_BP_ALL	GO:0007275~multicellular organism development	7	23.333333333333332	0.8874494287938128	2551, 7528, 1340, 317, 1349, 4899, 835	30	4877	16792	0.8033900621967057	1.0	0.999931737994178	99.99999999999906
GOTERM_BP_ALL	GO:0048731~system development	6	20.0	0.8972037893115359	2551, 7528, 1340, 317, 1349, 835	30	4291	16792	0.7826613842927057	1.0	0.9999471223276416	99.99999999999976
GOTERM_CC_ALL	GO:0044428~nuclear part	5	16.666666666666664	0.9053002640602666	2551, 7528, 6390, 4899, 3421	30	3981	18224	0.762957380892573	1.0	0.9803250057835958	99.99999999944026
GOTERM_BP_ALL	GO:0006950~response to stress	5	16.666666666666664	0.906405762867331	54205, 7528, 317, 51142, 835	30	3677	16792	0.7611277309400779	1.0	0.999962106911906	99.99999999999994
GOTERM_CC_ALL	GO:0005829~cytosol	4	13.333333333333334	0.9273048967041724	54205, 23408, 317, 835	30	3399	18224	0.7148769245856625	1.0	0.9863471296634996	99.99999999996942
GOTERM_BP_ALL	GO:0044707~single-multicellular organism process	8	26.666666666666668	0.9322152019435223	2551, 7528, 1340, 1329, 317, 1349, 4899, 835	30	5943	16792	0.753469067249986	1.0	0.9999897261399323	100.0
GOTERM_MF_ALL	GO:0005515~protein binding	16	53.333333333333336	0.9400218822964951	1351, 9377, 2551, 7528, 1329, 317, 51106, 131474, 4899, 1327, 6834, 835, 54205, 6390, 5442, 51142	30	10806	16881	0.8331667592078474	1.0	0.9999995888246618	99.99999999999983
GOTERM_MF_ALL	GO:0005488~binding	23	76.66666666666667	0.9451779550728119	1351, 3420, 9377, 2551, 7528, 1329, 317, 51106, 1327, 4899, 131474, 6834, 835, 54205, 23408, 6392, 3419, 6390, 6391, 64216, 3421, 5442, 51142	30	14381	16881	0.899944371045129	1.0	0.9999995869897235	99.99999999999994
GOTERM_BP_ALL	GO:0048856~anatomical structure development	7	23.333333333333332	0.9466997885701282	2551, 7528, 1340, 317, 1349, 4899, 835	30	5473	16792	0.7159023083013583	1.0	0.9999959804267381	100.0
GOTERM_BP_ALL	GO:0044767~single-organism developmental process	7	23.333333333333332	0.9468428451303676	2551, 7528, 1340, 317, 1349, 4899, 835	30	5475	16792	0.7156407914764079	1.0	0.9999956674963297	100.0
GOTERM_BP_ALL	GO:0032502~developmental process	7	23.333333333333332	0.9571147837061763	2551, 7528, 1340, 317, 1349, 4899, 835	30	5632	16792	0.695691287878788	1.0	0.9999980769568722	100.0
GOTERM_BP_ALL	GO:0030154~cell differentiation	4	13.333333333333334	0.9671534555492506	2551, 7528, 317, 835	30	3652	16792	0.6130704636728733	1.0	0.9999993043094577	100.0
GOTERM_BP_ALL	GO:0044260~cellular macromolecule metabolic process	11	36.666666666666664	0.9689956774800229	54205, 2551, 7528, 23408, 317, 51106, 4899, 64216, 5442, 51142, 835	30	8387	16792	0.7341202654902428	1.0	0.9999993960997948	100.0
GOTERM_BP_ALL	GO:0043170~macromolecule metabolic process	12	40.0	0.9753554527938542	54205, 2551, 7528, 23408, 317, 51106, 131474, 4899, 64216, 5442, 51142, 835	30	9130	16792	0.735684556407448	1.0	0.999999740134361	100.0
GOTERM_BP_ALL	GO:0048869~cellular developmental process	4	13.333333333333334	0.9811928599874522	2551, 7528, 317, 835	30	3992	16792	0.5608550434201737	1.0	0.9999999041761168	100.0
GOTERM_BP_ALL	GO:0043412~macromolecule modification	4	13.333333333333334	0.9833792494421453	54205, 23408, 51106, 64216	30	4065	16792	0.5507831078310783	1.0	0.9999999352218483	100.0
GOTERM_BP_ALL	GO:0032501~multicellular organismal process	8	26.666666666666668	0.9856585992848128	2551, 7528, 1340, 1329, 317, 1349, 4899, 835	30	7027	16792	0.6372373227076514	1.0	0.999999955267656	100.0
GOTERM_BP_ALL	GO:0048523~negative regulation of cellular process	4	13.333333333333334	0.988936803345041	2551, 7528, 23408, 835	30	4300	16792	0.5206821705426357	1.0	0.9999999821255333	100.0
GOTERM_BP_ALL	GO:0048519~negative regulation of biological process	4	13.333333333333334	0.993819580856612	2551, 7528, 23408, 835	30	4623	16792	0.48430312207080534	1.0	0.9999999979699249	100.0
GOTERM_BP_ALL	GO:0019538~protein metabolic process	5	16.666666666666664	0.9942301614880963	54205, 23408, 317, 131474, 835	30	5457	16792	0.5128581027426546	1.0	0.9999999982344822	100.0
GOTERM_BP_ALL	GO:0044267~cellular protein metabolic process	4	13.333333333333334	0.996326916421973	54205, 23408, 317, 835	30	4900	16792	0.45692517006802724	1.0	0.9999999996523988	100.0
GOTERM_BP_ALL	GO:0050896~response to stimulus	7	23.333333333333332	0.9996846302512497	54205, 7528, 23408, 317, 1327, 51142, 835	30	8329	16792	0.47042061872173535	1.0	0.9999999999999694	100.0
GOTERM_BP_ALL	GO:0051716~cellular response to stimulus	5	16.666666666666664	0.9997056451031051	54205, 7528, 317, 51142, 835	30	6927	16792	0.40402290553871323	1.0	0.9999999999999714	100.0
GOTERM_BP_ALL	GO:0050794~regulation of cellular process	10	33.33333333333333	0.9998561802573728	54205, 2551, 7528, 23408, 317, 51106, 4899, 64216, 51142, 835	30	10489	16792	0.5336384148473003	1.0	0.9999999999999978	100.0
GOTERM_BP_ALL	GO:0050789~regulation of biological process	10	33.33333333333333	0.999956673645859	54205, 2551, 7528, 23408, 317, 51106, 4899, 64216, 51142, 835	30	10922	16792	0.5124824513214918	1.0	1.0	100.0
GOTERM_BP_ALL	GO:0065007~biological regulation	11	36.666666666666664	0.9999674832099752	54205, 2551, 7528, 23408, 317, 51106, 4899, 1337, 64216, 51142, 835	30	11548	16792	0.5331716891813878	1.0	1.0	100.0

Annotation Cluster 5	Enrichment Score: 0.35377423996012053
Category	Term	Count	%	PValue	Genes	List Total	Pop Hits	Pop Total	Fold Enrichment	Bonferroni	Benjamini	FDR
GOTERM_CC_ALL	GO:0070062~extracellular exosome	7	23.333333333333332	0.2841143968188609	9377, 1329, 6390, 317, 1327, 4899, 1347	30	2811	18224	1.512723823076011	0.9999999999999838	0.5140470776441174	97.46233554702567
GOTERM_CC_ALL	GO:1903561~extracellular vesicle	7	23.333333333333332	0.2881805784612227	9377, 1329, 6390, 317, 1327, 4899, 1347	30	2825	18224	1.505227138643068	0.9999999999999906	0.5120938249262093	97.61635201832622
GOTERM_CC_ALL	GO:0043230~extracellular organelle	7	23.333333333333332	0.28847163018325483	9377, 1329, 6390, 317, 1327, 4899, 1347	30	2826	18224	1.5046945034206183	0.9999999999999909	0.5048408555944142	97.62704340611373
GOTERM_CC_ALL	GO:0031988~membrane-bounded vesicle	7	23.333333333333332	0.5266585817805066	9377, 1329, 6390, 317, 1327, 4899, 1347	30	3611	18224	1.1775870026770054	1.0	0.7585475788727796	99.9731154611165
GOTERM_CC_ALL	GO:0031982~vesicle	7	23.333333333333332	0.5685766032755957	9377, 1329, 6390, 317, 1327, 4899, 1347	30	3754	18224	1.132729532942639	1.0	0.791109521186749	99.99029838865
GOTERM_CC_ALL	GO:0044421~extracellular region part	7	23.333333333333332	0.6037100507408117	9377, 1329, 6390, 317, 1327, 4899, 1347	30	3878	18224	1.0965102286401927	1.0	0.8156679815040586	99.99618635528785
GOTERM_CC_ALL	GO:0005576~extracellular region	7	23.333333333333332	0.7819386955518537	9377, 1329, 6390, 317, 1327, 4899, 1347	30	4623	18224	0.9198067632850242	1.0	0.9347721070359878	99.99999463432609

