Annotation Cluster 1	Enrichment Score: 2.1145885985198207
Category	Term	Count	%	PValue	Genes	List Total	Pop Hits	Pop Total	Fold Enrichment	Bonferroni	Benjamini	FDR
GOTERM_BP_ALL	GO:1903779~regulation of cardiac conduction	4	57.14285714285714	1.316396298877008E-6	10768, 3708, 3710, 3709	7	69	16792	139.064182194617	7.303336032377095E-4	7.303336032377095E-4	0.00192344956881918
GOTERM_BP_ALL	GO:0030168~platelet activation	4	57.14285714285714	1.6940204033637384E-5	3708, 3710, 3709, 2776	7	161	16792	59.598935226264416	0.00935783326843087	0.004689914282202667	0.0247495102395634
GOTERM_BP_ALL	GO:0008016~regulation of heart contraction	4	57.14285714285714	5.114569598455278E-5	10768, 3708, 3710, 3709	7	233	16792	41.18209687308399	0.027987473445973188	0.00941757002375243	0.07470608347407426
GOTERM_BP_ALL	GO:0060047~heart contraction	4	57.14285714285714	5.940329018019464E-5	10768, 3708, 3710, 3709	7	245	16792	39.16501457725947	0.03243222544994684	0.008208575464611734	0.0867626825047374
GOTERM_CC_ALL	GO:0031988~membrane-bounded vesicle	7	100.0	6.031915169599151E-5	7431, 10768, 2915, 3708, 3710, 3709, 2776	7	3611	18224	5.04680144004431	0.007631494454110155	0.007631494454110155	0.06993012190197323
GOTERM_BP_ALL	GO:0003015~heart process	4	57.14285714285714	6.159646410959022E-5	10768, 3708, 3710, 3709	7	248	16792	38.69124423963133	0.03360931478707463	0.006814096139859505	0.08996462453113585
GOTERM_CC_ALL	GO:0031982~vesicle	7	100.0	7.615960692513436E-5	7431, 10768, 2915, 3708, 3710, 3709, 2776	7	3754	18224	4.854555141182738	0.009626008913910189	0.004824643047221633	0.08828711104597042
GOTERM_BP_ALL	GO:1903522~regulation of blood circulation	4	57.14285714285714	1.0849808033486237E-4	10768, 3708, 3710, 3709	7	300	16792	31.984761904761903	0.05844235077477866	0.009986418160348398	0.15841614260043713
GOTERM_BP_ALL	GO:0003008~system process	6	85.71428571428571	1.3347807213547066E-4	7431, 10768, 2915, 3708, 3710, 3709	7	2014	16792	7.146545609306284	0.07140749481985431	0.010527801300925677	0.19485586651538656
GOTERM_BP_ALL	GO:0007596~blood coagulation	4	57.14285714285714	1.600286485969262E-4	3708, 3710, 3709, 2776	7	342	16792	28.056808688387633	0.08499249108311546	0.011041466466425343	0.23357310833489464
GOTERM_BP_ALL	GO:0007599~hemostasis	4	57.14285714285714	1.8322960623277587E-4	3708, 3710, 3709, 2776	7	358	16792	26.802873104549082	0.09670107881336065	0.011236586968932705	0.2673943300559367
GOTERM_BP_ALL	GO:0050817~coagulation	4	57.14285714285714	1.8322960623277587E-4	3708, 3710, 3709, 2776	7	358	16792	26.802873104549082	0.09670107881336065	0.011236586968932705	0.2673943300559367
GOTERM_CC_ALL	GO:0097458~neuron part	5	71.42857142857143	3.7919936675938744E-4	7431, 2915, 3708, 3710, 2776	7	1333	18224	9.765298467474011	0.04702580437621284	0.01592761000052101	0.43887723955550184
GOTERM_BP_ALL	GO:0050878~regulation of body fluid levels	4	57.14285714285714	4.994851112212385E-4	3708, 3710, 3709, 2776	7	503	16792	19.07639875035501	0.2421603748026565	0.02734744723770932	0.7273523405386562
GOTERM_BP_ALL	GO:0044057~regulation of system process	4	57.14285714285714	5.024073767682907E-4	10768, 3708, 3710, 3709	7	504	16792	19.038548752834465	0.24338910143744918	0.025036364553102985	0.731593217388038
GOTERM_CC_ALL	GO:0005886~plasma membrane	7	100.0	5.029366451105151E-4	7431, 10768, 2915, 3708, 3710, 3709, 2776	7	5141	18224	3.544835635090449	0.06189089615580701	0.015845375283395025	0.5817067982507806
GOTERM_BP_ALL	GO:0008015~blood circulation	4	57.14285714285714	5.082852330806782E-4	10768, 3708, 3710, 3709	7	506	16792	18.963297571993223	0.24585454758324676	0.023239864644101216	0.7401228224884537
GOTERM_BP_ALL	GO:0003013~circulatory system process	4	57.14285714285714	5.201747759668881E-4	10768, 3708, 3710, 3709	7	510	16792	18.814565826330533	0.2508170851217303	0.021968342142520636	0.7573741521912036
GOTERM_CC_ALL	GO:0071944~cell periphery	7	100.0	5.743644360467062E-4	7431, 10768, 2915, 3708, 3710, 3709, 2776	7	5256	18224	3.467275494672755	0.07036685621238625	0.014487085481282524	0.6640704163630273
GOTERM_BP_ALL	GO:0042060~wound healing	4	57.14285714285714	6.218520148859115E-4	3708, 3710, 3709, 2776	7	542	16792	17.70374275171323	0.2919462159487196	0.024358093249657542	0.9047903954181313
GOTERM_BP_ALL	GO:0009611~response to wounding	4	57.14285714285714	0.0010530459054578255	3708, 3710, 3709, 2776	7	649	16792	14.784943869689632	0.4427539611080633	0.038233159918443116	1.5276907968283626
GOTERM_MF_ALL	GO:0004871~signal transducer activity	5	71.42857142857143	0.0014952364973507214	2915, 3708, 3710, 3709, 2776	7	1763	16881	6.839397131512843	0.14283480071800814	0.14283480071800814	1.656228180153041
GOTERM_BP_ALL	GO:0051223~regulation of protein transport	4	57.14285714285714	0.0015790301347006729	3708, 3710, 3709, 2776	7	746	16792	12.862504787437762	0.5839934837426753	0.05334058541379738	2.2825862584952783
GOTERM_BP_ALL	GO:0051049~regulation of transport	5	71.42857142857143	0.0016376979054719587	10768, 3708, 3710, 3709, 2776	7	1796	16792	6.678332803054407	0.5973418826926968	0.052103394219757404	2.3664515434834055
GOTERM_BP_ALL	GO:0007165~signal transduction	7	100.0	0.0016517981374489185	7431, 10768, 2915, 3708, 3710, 3709, 2776	7	5775	16792	2.9077056277056275	0.6004857889718482	0.04969524619711807	2.386597758084208
GOTERM_BP_ALL	GO:0015031~protein transport	5	71.42857142857143	0.0018716367259674033	10768, 3708, 3710, 3709, 2776	7	1860	16792	6.448540706605223	0.6464504687314938	0.05325237459122001	2.700199623211774
GOTERM_BP_ALL	GO:0030001~metal ion transport	4	57.14285714285714	0.0020328883025007936	10768, 3708, 3710, 3709	7	814	16792	11.787995787995786	0.6767733084977973	0.054905227854824656	2.92962957669598
GOTERM_BP_ALL	GO:0070201~regulation of establishment of protein localization	4	57.14285714285714	0.0020765054924649826	3708, 3710, 3709, 2776	7	820	16792	11.701742160278744	0.6845196094988854	0.053454399130602015	2.991601789609344
GOTERM_BP_ALL	GO:0051649~establishment of localization in cell	5	71.42857142857143	0.002485011461982914	10768, 3708, 3710, 3709, 2776	7	2004	16792	5.98517251211862	0.7486472244645679	0.06083874497508979	3.570229182131912
GOTERM_BP_ALL	GO:0044700~single organism signaling	7	100.0	0.0025469127718816586	7431, 10768, 2915, 3708, 3710, 3709, 2776	7	6207	16792	2.7053326888996296	0.7571569011345253	0.05968138583265681	3.6576281243119846
GOTERM_BP_ALL	GO:0045184~establishment of protein localization	5	71.42857142857143	0.0025658979723977367	10768, 3708, 3710, 3709, 2776	7	2021	16792	5.934827171838553	0.7597087427351816	0.05768215537894972	3.6844186865817696
GOTERM_BP_ALL	GO:0023052~signaling	7	100.0	0.0026802696534065336	7431, 10768, 2915, 3708, 3710, 3709, 2776	7	6260	16792	2.6824281150159743	0.7745251698046576	0.05784160384917425	3.8456650744580045
GOTERM_BP_ALL	GO:0007154~cell communication	7	100.0	0.002719051039992642	7431, 10768, 2915, 3708, 3710, 3709, 2776	7	6275	16792	2.67601593625498	0.7793392174998776	0.05646359866734396	3.900283716828812
GOTERM_BP_ALL	GO:0001775~cell activation	4	57.14285714285714	0.0028038530594085708	3708, 3710, 3709, 2776	7	910	16792	10.544427001569858	0.7895114720193381	0.056081742653226296	4.019615876836713
GOTERM_CC_ALL	GO:0005789~endoplasmic reticulum membrane	4	57.14285714285714	0.0028985362649791044	10768, 3708, 3710, 3709	7	999	18224	10.424138424138423	0.3083316040681745	0.05959198477189054	3.3103001852417435
GOTERM_CC_ALL	GO:0042175~nuclear outer membrane-endoplasmic reticulum membrane network	4	57.14285714285714	0.003085774518703692	10768, 3708, 3710, 3709	7	1021	18224	10.199524275919966	0.32463315246426816	0.05452829997505715	3.5206544064391276
GOTERM_BP_ALL	GO:0032880~regulation of protein localization	4	57.14285714285714	0.0032892334684811162	3708, 3710, 3709, 2776	7	962	16792	9.974457974457973	0.8393510072113071	0.06321807991426054	4.699984152001091
GOTERM_BP_ALL	GO:0034220~ion transmembrane transport	4	57.14285714285714	0.0032990532376384976	10768, 3708, 3710, 3709	7	963	16792	9.964100281857291	0.8402270361277927	0.061283187334625455	4.713702253885799
GOTERM_BP_ALL	GO:0006812~cation transport	4	57.14285714285714	0.0034183429672482615	10768, 3708, 3710, 3709	7	975	16792	9.841465201465201	0.850495735567894	0.061382920242838535	4.880201763336222
GOTERM_CC_ALL	GO:0044432~endoplasmic reticulum part	4	57.14285714285714	0.004635345831297476	10768, 3708, 3710, 3709	7	1177	18224	8.847675688797183	0.445704610300381	0.07110279032078803	5.245547778675485
GOTERM_BP_ALL	GO:0051716~cellular response to stimulus	7	100.0	0.004921572362055664	7431, 10768, 2915, 3708, 3710, 3709, 2776	7	6927	16792	2.4241374332322794	0.935314380510658	0.08454087190249004	6.955250773743771
GOTERM_BP_ALL	GO:0008104~protein localization	5	71.42857142857143	0.005281744218760289	10768, 3708, 3710, 3709, 2776	7	2448	16792	4.8996265172735765	0.9470886166237372	0.08775622207317824	7.446127964043592
GOTERM_BP_ALL	GO:0032501~multicellular organismal process	7	100.0	0.005363717061967262	7431, 10768, 2915, 3708, 3710, 3709, 2776	7	7027	16792	2.389639960153693	0.9494541865870414	0.086480687665206	7.557510983128701
GOTERM_BP_ALL	GO:0032879~regulation of localization	5	71.42857142857143	0.005486233413809532	10768, 3708, 3710, 3709, 2776	7	2473	16792	4.850095315117556	0.9527943941216238	0.08588715620987797	7.723750929484529
GOTERM_BP_ALL	GO:0051641~cellular localization	5	71.42857142857143	0.006070847341894377	10768, 3708, 3710, 3709, 2776	7	2541	16792	4.720301343677967	0.9659385547087	0.09204430043731648	8.513173724947276
GOTERM_MF_ALL	GO:0036094~small molecule binding	5	71.42857142857143	0.006218658796749937	10768, 3708, 3710, 3709, 2776	7	2571	16881	4.689948324720787	0.474035597767018	0.2747659672678191	6.725531708564336
GOTERM_CC_ALL	GO:0098805~whole membrane	4	57.14285714285714	0.0070299021869455434	3708, 3710, 3709, 2776	7	1363	18224	7.640289277853475	0.5917805994869576	0.09475536406599194	7.855676032633696
GOTERM_BP_ALL	GO:0071702~organic substance transport	5	71.42857142857143	0.007168022931449456	10768, 3708, 3710, 3709, 2776	7	2657	16792	4.514221194687886	0.9815479413300001	0.10228941366643574	9.977768381916196
GOTERM_BP_ALL	GO:0051239~regulation of multicellular organismal process	5	71.42857142857143	0.007188083943031555	7431, 10768, 3708, 3710, 3709	7	2659	16792	4.510825766937087	0.9817537133772845	0.10000222861957708	10.004342885912266
GOTERM_BP_ALL	GO:0055085~transmembrane transport	4	57.14285714285714	0.008123119628061953	10768, 3708, 3710, 3709	7	1322	16792	7.258266695483035	0.9891841434239852	0.10958738221913278	11.234892660661933
GOTERM_BP_ALL	GO:0033036~macromolecule localization	5	71.42857142857143	0.008901771497138484	10768, 3708, 3710, 3709, 2776	7	2817	16792	4.257822404787261	0.9930053106472015	0.11667766707819882	12.24765378076208
GOTERM_BP_ALL	GO:0006811~ion transport	4	57.14285714285714	0.010691386383407879	10768, 3708, 3710, 3709	7	1458	16792	6.581226729374877	0.9974346675561346	0.13541363577996524	14.534675466101666
GOTERM_BP_ALL	GO:0023051~regulation of signaling	5	71.42857142857143	0.012214527089080801	10768, 2915, 3708, 3710, 3709	7	3070	16792	3.9069334574220567	0.9989091568047733	0.14668230456313158	16.43729175139682
GOTERM_CC_ALL	GO:0005783~endoplasmic reticulum	4	57.14285714285714	0.012221798265748094	10768, 3708, 3710, 3709	7	1660	18224	6.273321858864027	0.7902274694604876	0.14458893886660373	13.290798284243477
GOTERM_CC_ALL	GO:0098588~bounding membrane of organelle	4	57.14285714285714	0.013973828017627737	3708, 3710, 3709, 2776	7	1742	18224	5.978021978021978	0.8325704150840536	0.14996014026202287	15.057721005044977
GOTERM_BP_ALL	GO:0050896~response to stimulus	7	100.0	0.014878128320841637	7431, 10768, 2915, 3708, 3710, 3709, 2776	7	8329	16792	2.0160883659502944	0.9997562590112974	0.17227753926944422	19.66998257852197
GOTERM_BP_ALL	GO:0044765~single-organism transport	5	71.42857142857143	0.01799851907348705	10768, 3708, 3710, 3709, 2776	7	3415	16792	3.512235933905041	0.9999580975692309	0.20068782698357268	23.30876813570154
GOTERM_CC_ALL	GO:0016020~membrane	7	100.0	0.01957511427165173	7431, 10768, 2915, 3708, 3710, 3709, 2776	7	9462	18224	1.926019868949482	0.9187881446099146	0.18878690485414884	20.488227129118307
GOTERM_BP_ALL	GO:0065008~regulation of biological quality	5	71.42857142857143	0.020658734206499732	2915, 3708, 3710, 3709, 2776	7	3548	16792	3.3805765823804155	0.9999907017714651	0.22264858040708035	26.289060221431136
GOTERM_CC_ALL	GO:0012505~endomembrane system	5	71.42857142857143	0.021194685224781136	10768, 3708, 3710, 3709, 2776	7	3878	18224	3.356663965225079	0.9341686906292059	0.18883315416649238	21.9981931225948
GOTERM_BP_ALL	GO:1902578~single-organism localization	5	71.42857142857143	0.02207374297156979	10768, 3708, 3710, 3709, 2776	7	3614	16792	3.3188394339473475	0.9999958323679988	0.23170225070354178	27.83001330937559
GOTERM_BP_ALL	GO:0044707~single-multicellular organism process	6	85.71428571428571	0.02347065339026613	7431, 2915, 3708, 3710, 3709, 2776	7	5943	16792	2.421864859017812	0.999998114871043	0.24013529540329093	29.32177647079188
GOTERM_BP_ALL	GO:0048523~negative regulation of cellular process	5	71.42857142857143	0.040863854017707466	7431, 3708, 3710, 3709, 2776	7	4300	16792	2.7893687707641197	0.9999999999121901	0.37660087436076506	45.6447601747795
GOTERM_CC_ALL	GO:0005737~cytoplasm	7	100.0	0.04269669341697833	7431, 10768, 2915, 3708, 3710, 3709, 2776	7	10775	18224	1.691322505800464	0.9960799284641922	0.3268801032977934	39.71203532159224
GOTERM_CC_ALL	GO:0031090~organelle membrane	4	57.14285714285714	0.04341961112135762	3708, 3710, 3709, 2776	7	2646	18224	3.935644098909405	0.996438548164161	0.31328720656210185	40.23790821696925
GOTERM_BP_ALL	GO:0048519~negative regulation of biological process	5	71.42857142857143	0.052537456866868754	7431, 3708, 3710, 3709, 2776	7	4623	16792	2.5944810110936003	0.9999999999999019	0.45066312711077805	54.55000566639725
GOTERM_BP_ALL	GO:0006810~transport	5	71.42857142857143	0.0541186014373999	10768, 3708, 3710, 3709, 2776	7	4663	16792	2.572225115652094	0.9999999999999611	0.45418398266322446	55.64576566701831
GOTERM_BP_ALL	GO:0051234~establishment of localization	5	71.42857142857143	0.05934224443229412	10768, 3708, 3710, 3709, 2776	7	4790	16792	2.5040262451535935	0.9999999999999982	0.4794842733057525	59.09338723988202
GOTERM_BP_ALL	GO:0050794~regulation of cellular process	7	100.0	0.05936859472253008	7431, 10768, 2915, 3708, 3710, 3709, 2776	7	10489	16792	1.600915244541901	0.9999999999999982	0.4731866611884217	59.11012751259589
GOTERM_CC_ALL	GO:0044444~cytoplasmic part	6	85.71428571428571	0.06514045975600646	7431, 10768, 3708, 3710, 3709, 2776	7	8090	18224	1.930849373123786	0.9998073414554496	0.36252590539739626	54.212822899122905
GOTERM_CC_ALL	GO:0044446~intracellular organelle part	6	85.71428571428571	0.0703682923290919	7431, 10768, 3708, 3710, 3709, 2776	7	8233	18224	1.8973122104422966	0.9999054878003326	0.37082074686183153	57.095783875500004
GOTERM_BP_ALL	GO:0050789~regulation of biological process	7	100.0	0.07568153299937905	7431, 10768, 2915, 3708, 3710, 3709, 2776	7	10922	16792	1.5374473539644755	1.0	0.5480304521093914	68.33357618991317
GOTERM_CC_ALL	GO:0044422~organelle part	6	85.71428571428571	0.07745195119123988	7431, 10768, 3708, 3710, 3709, 2776	7	8415	18224	1.8562770562770563	0.9999642231317719	0.38586085899250977	60.7377382405185
GOTERM_CC_ALL	GO:0043229~intracellular organelle	7	100.0	0.08559602794937442	7431, 10768, 2915, 3708, 3710, 3709, 2776	7	12099	18224	1.5062401851392677	0.999988397830752	0.4034307382465231	64.57447395760737
GOTERM_CC_ALL	GO:0043227~membrane-bounded organelle	7	100.0	0.09037372149898984	7431, 10768, 2915, 3708, 3710, 3709, 2776	7	12209	18224	1.4926693422884756	0.99999403513266	0.4072764154324634	66.66259623873385
GOTERM_BP_ALL	GO:0065007~biological regulation	7	100.0	0.10574257495268108	7431, 10768, 2915, 3708, 3710, 3709, 2776	7	11548	16792	1.4541046068583305	1.0	0.6696614573897206	80.46606093482411
GOTERM_BP_ALL	GO:0051179~localization	5	71.42857142857143	0.1170471745959151	10768, 3708, 3710, 3709, 2776	7	5872	16792	2.0426235889451148	1.0	0.7024212057785427	83.77966209626334
GOTERM_BP_ALL	GO:0006950~response to stress	4	57.14285714285714	0.12351607396910941	3708, 3710, 3709, 2776	7	3677	16792	2.609580791794553	1.0	0.71678328022502	85.43209600694037
GOTERM_CC_ALL	GO:0043232~intracellular non-membrane-bounded organelle	4	57.14285714285714	0.12619745541119726	7431, 2915, 3708, 3710	7	4026	18224	2.5866155702221274	0.9999999637348277	0.49605912026234056	79.07976026331653
GOTERM_CC_ALL	GO:0043228~non-membrane-bounded organelle	4	57.14285714285714	0.12619745541119726	7431, 2915, 3708, 3710	7	4026	18224	2.5866155702221274	0.9999999637348277	0.49605912026234056	79.07976026331653
GOTERM_CC_ALL	GO:0043226~organelle	7	100.0	0.1413666521007426	7431, 10768, 2915, 3708, 3710, 3709, 2776	7	13154	18224	1.3854340884901932	0.9999999960773056	0.5250189033623343	82.92484682474563
GOTERM_BP_ALL	GO:0044763~single-organism cellular process	7	100.0	0.15112431381997082	7431, 10768, 2915, 3708, 3710, 3709, 2776	7	12256	16792	1.3701044386422976	1.0	0.7858825435363057	90.87363716418288
GOTERM_BP_ALL	GO:0042221~response to chemical	4	57.14285714285714	0.16184079481950578	10768, 3710, 3709, 2776	7	4117	16792	2.3306846177868765	1.0	0.8046693922397189	92.41986263955584
GOTERM_CC_ALL	GO:0044425~membrane part	5	71.42857142857143	0.1619899537873628	10768, 2915, 3708, 3710, 3709	7	7057	18224	1.8445717524646248	0.999999999821083	0.5645010666398431	87.11997357772603
GOTERM_MF_ALL	GO:0046872~metal ion binding	4	57.14285714285714	0.16434688649013948	3708, 3710, 3709, 2776	7	4166	16881	2.3154790480762637	0.9999999906957436	0.9287690379517205	86.51891156860863
GOTERM_MF_ALL	GO:0043169~cation binding	4	57.14285714285714	0.1687195388725473	3708, 3710, 3709, 2776	7	4213	16881	2.2896476891254958	0.9999999945799912	0.9073703551686461	87.28563103742493
GOTERM_MF_ALL	GO:0043167~ion binding	4	57.14285714285714	0.1852326547794766	3708, 3710, 3709, 2776	7	4386	16881	2.1993355481727574	0.9999999993137817	0.9040976727106602	89.83663616890667
GOTERM_CC_ALL	GO:0044424~intracellular part	7	100.0	0.1934659601277198	7431, 10768, 2915, 3708, 3710, 3709, 2776	7	13860	18224	1.3148629148629147	0.9999999999986162	0.6099935127626368	91.73775661279804
GOTERM_CC_ALL	GO:0005622~intracellular	7	100.0	0.225269006365306	7431, 10768, 2915, 3708, 3710, 3709, 2776	7	14216	18224	1.2819358469330333	0.9999999999999917	0.6605788196837579	94.81824554661802
GOTERM_CC_ALL	GO:0043231~intracellular membrane-bounded organelle	6	85.71428571428571	0.24192127442582295	7431, 10768, 3708, 3710, 3709, 2776	7	11035	18224	1.4155479319049775	0.9999999999999994	0.6784735651404098	95.97246081920562
GOTERM_BP_ALL	GO:0044699~single-organism process	7	100.0	0.25552814711965305	7431, 10768, 2915, 3708, 3710, 3709, 2776	7	13377	16792	1.2552889287583167	1.0	0.9317615025176742	98.65878867789165
GOTERM_CC_ALL	GO:0044464~cell part	7	100.0	0.5406748661178471	7431, 10768, 2915, 3708, 3710, 3709, 2776	7	16449	18224	1.1079092953978964	1.0	0.945308528423291	99.98793330797618
GOTERM_CC_ALL	GO:0005623~cell	7	100.0	0.5464203511623599	7431, 10768, 2915, 3708, 3710, 3709, 2776	7	16478	18224	1.105959461099648	1.0	0.943226859405797	99.9895722365937
GOTERM_MF_ALL	GO:0005515~protein binding	5	71.42857142857143	0.6270697182906975	7431, 10768, 3708, 3710, 2776	7	10806	16881	1.1158483382247957	1.0	0.9999612952036105	99.99834463298643
GOTERM_BP_ALL	GO:0009987~cellular process	7	100.0	0.6325243834544252	7431, 10768, 2915, 3708, 3710, 3709, 2776	7	15558	16792	1.0793161074688264	1.0	0.999871739161619	99.99995560958209
GOTERM_MF_ALL	GO:0005488~binding	6	85.71428571428571	0.7809675566858072	7431, 10768, 3708, 3710, 3709, 2776	7	14381	16881	1.0061489862616348	1.0	0.999999332023906	99.99999564136718

Annotation Cluster 2	Enrichment Score: 1.772675983144145
Category	Term	Count	%	PValue	Genes	List Total	Pop Hits	Pop Total	Fold Enrichment	Bonferroni	Benjamini	FDR
GOTERM_BP_ALL	GO:0003008~system process	6	85.71428571428571	1.3347807213547066E-4	7431, 10768, 2915, 3708, 3710, 3709	7	2014	16792	7.146545609306284	0.07140749481985431	0.010527801300925677	0.19485586651538656
GOTERM_MF_ALL	GO:0004871~signal transducer activity	5	71.42857142857143	0.0014952364973507214	2915, 3708, 3710, 3709, 2776	7	1763	16881	6.839397131512843	0.14283480071800814	0.14283480071800814	1.656228180153041
GOTERM_MF_ALL	GO:0004888~transmembrane signaling receptor activity	4	57.14285714285714	0.007783385269735785	2915, 3708, 3710, 3709	7	1309	16881	7.369202226345084	0.5528337783060164	0.23530251231137345	8.351627030080566
GOTERM_MF_ALL	GO:0099600~transmembrane receptor activity	4	57.14285714285714	0.008721337791644652	2915, 3708, 3710, 3709	7	1363	16881	7.077245571743003	0.5943391840197655	0.20193040558719255	9.313950910901037
GOTERM_MF_ALL	GO:0038023~signaling receptor activity	4	57.14285714285714	0.009726150558837462	2915, 3708, 3710, 3709	7	1417	16881	6.80754108277044	0.6345760623094864	0.18236514146951888	10.334658557032139
GOTERM_BP_ALL	GO:0007267~cell-cell signaling	4	57.14285714285714	0.011942974987563209	2915, 3708, 3710, 3709	7	1517	16792	6.325266032583106	0.9987293798976996	0.1468056056677136	16.10100185513046
GOTERM_BP_ALL	GO:0023051~regulation of signaling	5	71.42857142857143	0.012214527089080801	10768, 2915, 3708, 3710, 3709	7	3070	16792	3.9069334574220567	0.9989091568047733	0.14668230456313158	16.43729175139682
GOTERM_MF_ALL	GO:0004872~receptor activity	4	57.14285714285714	0.01562165174524999	2915, 3708, 3710, 3709	7	1680	16881	5.7418367346938775	0.8024434534439513	0.23684063561101976	16.11563889004414
GOTERM_MF_ALL	GO:0060089~molecular transducer activity	4	57.14285714285714	0.01562165174524999	2915, 3708, 3710, 3709	7	1680	16881	5.7418367346938775	0.8024434534439513	0.23684063561101976	16.11563889004414
GOTERM_BP_ALL	GO:0065008~regulation of biological quality	5	71.42857142857143	0.020658734206499732	2915, 3708, 3710, 3709, 2776	7	3548	16792	3.3805765823804155	0.9999907017714651	0.22264858040708035	26.289060221431136
GOTERM_BP_ALL	GO:0044707~single-multicellular organism process	6	85.71428571428571	0.02347065339026613	7431, 2915, 3708, 3710, 3709, 2776	7	5943	16792	2.421864859017812	0.999998114871043	0.24013529540329093	29.32177647079188
GOTERM_BP_ALL	GO:0010646~regulation of cell communication	4	57.14285714285714	0.07566470745999065	2915, 3708, 3710, 3709	7	3020	16792	3.1772942289498576	1.0	0.5545452871181895	68.32515258028653
GOTERM_CC_ALL	GO:0044425~membrane part	5	71.42857142857143	0.1619899537873628	10768, 2915, 3708, 3710, 3709	7	7057	18224	1.8445717524646248	0.999999999821083	0.5645010666398431	87.11997357772603
GOTERM_CC_ALL	GO:0016021~integral component of membrane	4	57.14285714285714	0.2978214454428109	2915, 3708, 3710, 3709	7	5872	18224	1.7734527053328142	1.0	0.754196105595205	98.34330199762204
GOTERM_CC_ALL	GO:0031224~intrinsic component of membrane	4	57.14285714285714	0.3094841678794346	2915, 3708, 3710, 3709	7	5981	18224	1.741132634294313	1.0	0.7595292863281845	98.63577105249422

Annotation Cluster 3	Enrichment Score: 1.1125905165981902
Category	Term	Count	%	PValue	Genes	List Total	Pop Hits	Pop Total	Fold Enrichment	Bonferroni	Benjamini	FDR
GOTERM_CC_ALL	GO:0070062~extracellular exosome	4	57.14285714285714	0.050903985164181056	7431, 10768, 2915, 2776	7	2811	18224	3.704629770798394	0.9986866241401157	0.3394597076075181	45.44124207801807
GOTERM_CC_ALL	GO:1903561~extracellular vesicle	4	57.14285714285714	0.0515697043097843	7431, 10768, 2915, 2776	7	2825	18224	3.6862705436156764	0.9987985986659733	0.32668708070774055	45.88340242147332
GOTERM_CC_ALL	GO:0043230~extracellular organelle	4	57.14285714285714	0.051617439426099324	7431, 10768, 2915, 2776	7	2826	18224	3.6849661308260035	0.9988062537159075	0.3119718235334542	45.91498118304636
GOTERM_CC_ALL	GO:0044421~extracellular region part	4	57.14285714285714	0.11519174835898162	7431, 10768, 2915, 2776	7	3878	18224	2.6853311721800632	0.9999998222359855	0.47670872492466343	75.81162826953616
GOTERM_CC_ALL	GO:0005576~extracellular region	4	57.14285714285714	0.17526014445988727	7431, 10768, 2915, 2776	7	4623	18224	2.2525879917184266	0.9999999999764356	0.582710226752155	89.2965661860414

