Annotation Cluster 1	Enrichment Score: 4.943610864674972
Category	Term	Count	%	PValue	Genes	List Total	Pop Hits	Pop Total	Fold Enrichment	Bonferroni	Benjamini	FDR
GOTERM_BP_ALL	GO:0007268~chemical synaptic transmission	9	75.0	4.015086264159849E-10	5179, 4988, 4985, 1132, 1812, 3360, 3362, 1128, 1268	12	604	16792	20.850993377483444	4.4567445134369166E-7	1.1141863143215858E-7	6.428075405295886E-7
GOTERM_BP_ALL	GO:0098916~anterograde trans-synaptic signaling	9	75.0	4.015086264159849E-10	5179, 4988, 4985, 1132, 1812, 3360, 3362, 1128, 1268	12	604	16792	20.850993377483444	4.4567445134369166E-7	1.1141863143215858E-7	6.428075405295886E-7
GOTERM_BP_ALL	GO:0099536~synaptic signaling	9	75.0	4.015086264159849E-10	5179, 4988, 4985, 1132, 1812, 3360, 3362, 1128, 1268	12	604	16792	20.850993377483444	4.4567445134369166E-7	1.1141863143215858E-7	6.428075405295886E-7
GOTERM_BP_ALL	GO:0099537~trans-synaptic signaling	9	75.0	4.015086264159849E-10	5179, 4988, 4985, 1132, 1812, 3360, 3362, 1128, 1268	12	604	16792	20.850993377483444	4.4567445134369166E-7	1.1141863143215858E-7	6.428075405295886E-7
GOTERM_MF_ALL	GO:0004888~transmembrane signaling receptor activity	9	75.0	1.7092569363845818E-7	4988, 4985, 1132, 1812, 7442, 3360, 3362, 1128, 1268	12	1309	16881	9.672077922077923	2.324562613231773E-5	1.1622880611850128E-5	2.0064937887864787E-4
GOTERM_MF_ALL	GO:0099600~transmembrane receptor activity	9	75.0	2.3423355237632657E-7	4988, 4985, 1132, 1812, 7442, 3360, 3362, 1128, 1268	12	1363	16881	9.288884812912691	3.185525945847978E-5	1.0618532572337358E-5	2.7496627231782256E-4
GOTERM_MF_ALL	GO:0004930~G-protein coupled receptor activity	8	66.66666666666666	2.983454929761561E-7	4988, 4985, 1132, 1812, 3360, 3362, 1128, 1268	12	888	16881	12.673423423423422	4.057416994374119E-5	1.0143696826725446E-5	3.502270234601035E-4
GOTERM_MF_ALL	GO:0038023~signaling receptor activity	9	75.0	3.1695172078841814E-7	4988, 4985, 1132, 1812, 7442, 3360, 3362, 1128, 1268	12	1417	16881	8.934897671136204	4.310451182809594E-5	8.621051009405356E-6	3.720687902553088E-4
GOTERM_CC_ALL	GO:0005887~integral component of plasma membrane	9	75.0	5.321497929640086E-7	4988, 4985, 1132, 1812, 7442, 3360, 3362, 1128, 1268	12	1635	18224	8.359633027522936	6.54522998606577E-5	3.272668544829216E-5	6.136001876710928E-4
GOTERM_BP_ALL	GO:0007200~phospholipase C-activating G-protein coupled receptor signaling pathway	5	41.66666666666667	5.969545804190753E-7	4988, 4985, 1132, 1812, 1128	12	112	16792	62.4702380952381	6.624002980518684E-4	5.5216790668444204E-5	9.557085006051125E-4
GOTERM_CC_ALL	GO:0031226~intrinsic component of plasma membrane	9	75.0	7.232036980656875E-7	4988, 4985, 1132, 1812, 7442, 3360, 3362, 1128, 1268	12	1701	18224	8.035273368606703	8.895013072718339E-5	2.9650922744317576E-5	8.338958020215337E-4
GOTERM_CC_ALL	GO:0044459~plasma membrane part	10	83.33333333333334	1.13735308976134E-6	4988, 4985, 1132, 1812, 7442, 3360, 2778, 3362, 1128, 1268	12	2635	18224	5.763440860215055	1.398847248083035E-4	2.7978510511950105E-5	0.0013114312071738077
GOTERM_MF_ALL	GO:0060089~molecular transducer activity	9	75.0	1.1864691952346137E-6	4988, 4985, 1132, 1812, 7442, 3360, 3362, 1128, 1268	12	1680	16881	7.536160714285715	1.613468884653635E-4	2.6892956090485143E-5	0.0013927865607832324
GOTERM_MF_ALL	GO:0004872~receptor activity	9	75.0	1.1864691952346137E-6	4988, 4985, 1132, 1812, 7442, 3360, 3362, 1128, 1268	12	1680	16881	7.536160714285715	1.613468884653635E-4	2.6892956090485143E-5	0.0013927865607832324
GOTERM_BP_ALL	GO:0043269~regulation of ion transport	5	41.66666666666667	3.214478907662529E-4	4988, 4985, 1812, 1128, 1268	12	554	16792	12.62936221419976	0.30013268961330974	0.006839284110615962	0.5133922256120083
GOTERM_CC_ALL	GO:0031224~intrinsic component of membrane	10	83.33333333333334	0.0012045390261979374	4988, 4985, 1132, 1812, 7442, 3360, 2778, 3362, 1128, 1268	12	5981	18224	2.539151758345873	0.13778239930098213	0.007034550573515874	1.3801334199685877
GOTERM_BP_ALL	GO:0006811~ion transport	6	50.0	0.0014495783053835951	4988, 4985, 1812, 7442, 1128, 1268	12	1458	16792	5.7585733882030175	0.8001522107816916	0.02340124367029528	2.2956697664885617
GOTERM_BP_ALL	GO:0065008~regulation of biological quality	8	66.66666666666666	0.0027434323021045598	4988, 4985, 1812, 7442, 3360, 2778, 1128, 1268	12	3548	16792	3.1552048102217207	0.9526123993647682	0.04203996669252985	4.302899069540533
GOTERM_CC_ALL	GO:0044425~membrane part	10	83.33333333333334	0.004573056475148637	4988, 4985, 1132, 1812, 7442, 3360, 2778, 3362, 1128, 1268	12	7057	18224	2.1520003778753956	0.430943766448304	0.024214021474598724	5.147879334619299
GOTERM_CC_ALL	GO:0016021~integral component of membrane	9	75.0	0.006993356564321055	4988, 4985, 1132, 1812, 7442, 3360, 3362, 1128, 1268	12	5872	18224	2.327656675749319	0.5781918702129922	0.03532774171035247	7.77334980192631
GOTERM_BP_ALL	GO:0051179~localization	8	66.66666666666666	0.049852066696190675	4988, 4985, 1812, 7442, 2778, 3362, 1128, 1268	12	5872	16792	1.9064486830154406	1.0	0.34531586859454266	55.89966995436424
GOTERM_BP_ALL	GO:0048523~negative regulation of cellular process	5	41.66666666666667	0.30351208899373494	4988, 4985, 1812, 7442, 1268	12	4300	16792	1.6271317829457366	1.0	0.8938576503072998	99.69445391446723
GOTERM_CC_ALL	GO:0044424~intracellular part	8	66.66666666666666	0.9016425074272068	4988, 4985, 1812, 7442, 3360, 2778, 1128, 1268	12	13860	18224	0.8765752765752765	1.0	0.9998238353876167	99.99999999975653
GOTERM_CC_ALL	GO:0005622~intracellular	8	66.66666666666666	0.9278834824752755	4988, 4985, 1812, 7442, 3360, 2778, 1128, 1268	12	14216	18224	0.8546238979553554	1.0	0.9999260781614373	99.99999999999321

Annotation Cluster 2	Enrichment Score: 3.710223330226643
Category	Term	Count	%	PValue	Genes	List Total	Pop Hits	Pop Total	Fold Enrichment	Bonferroni	Benjamini	FDR
GOTERM_BP_ALL	GO:0007187~G-protein coupled receptor signaling pathway, coupled to cyclic nucleotide second messenger	10	83.33333333333334	1.561665094308001E-16	4988, 4985, 1132, 1812, 3360, 2778, 3362, 1128, 1268, 2774	12	193	16792	72.50431778929189	1.2323475573339238E-13	1.2323475573339238E-13	1.7763568394002505E-13
GOTERM_BP_ALL	GO:0007186~G-protein coupled receptor signaling pathway	11	91.66666666666666	5.6580995302519853E-11	5179, 4988, 4985, 1132, 1812, 3360, 2778, 3362, 1128, 1268, 2774	12	1261	16792	12.20671424795136	6.280486597454171E-8	2.0934955768936447E-8	9.058502836722937E-8
GOTERM_MF_ALL	GO:0004871~signal transducer activity	11	91.66666666666666	1.5027766524984277E-9	4988, 4985, 1132, 1812, 7442, 3360, 2778, 3362, 1128, 1268, 2774	12	1763	16881	8.777226318774815	2.043776078375359E-7	2.043776078375359E-7	1.7641085814368296E-6
GOTERM_BP_ALL	GO:0007267~cell-cell signaling	10	83.33333333333334	1.822656638130252E-8	5179, 4988, 4985, 1132, 1812, 3360, 2778, 3362, 1128, 1268	12	1517	16792	9.22434629751703	2.0231284196925436E-5	4.046289584169749E-6	2.9180377603132968E-5
GOTERM_CC_ALL	GO:0005886~plasma membrane	12	100.0	8.935203290031356E-7	5179, 4988, 4985, 1132, 1812, 7442, 3360, 2778, 3362, 1128, 1268, 2774	12	5141	18224	3.544835635090449	1.0989701044206157E-4	2.7475384934971814E-5	0.0010302798301053961
GOTERM_CC_ALL	GO:0044459~plasma membrane part	10	83.33333333333334	1.13735308976134E-6	4988, 4985, 1132, 1812, 7442, 3360, 2778, 3362, 1128, 1268	12	2635	18224	5.763440860215055	1.398847248083035E-4	2.7978510511950105E-5	0.0013114312071738077
GOTERM_CC_ALL	GO:0071944~cell periphery	12	100.0	1.1399649869559488E-6	5179, 4988, 4985, 1132, 1812, 7442, 3360, 2778, 3362, 1128, 1268, 2774	12	5256	18224	3.467275494672755	1.402059435448022E-4	2.3369022493002767E-5	0.001314442851529929
GOTERM_BP_ALL	GO:0007165~signal transduction	12	100.0	7.910962343999384E-6	5179, 4988, 4985, 1132, 1812, 7442, 3360, 2778, 3362, 1128, 1268, 2774	12	5775	16792	2.9077056277056275	0.0087427607783368	5.164079646462483E-4	0.012664546375351637
GOTERM_BP_ALL	GO:0044700~single organism signaling	12	100.0	1.7504304111887417E-5	5179, 4988, 4985, 1132, 1812, 7442, 3360, 2778, 3362, 1128, 1268, 2774	12	6207	16792	2.7053326888996296	0.019242402812377657	8.82789549034424E-4	0.028020372476755817
GOTERM_BP_ALL	GO:0023052~signaling	12	100.0	1.9221883194489546E-5	5179, 4988, 4985, 1132, 1812, 7442, 3360, 2778, 3362, 1128, 1268, 2774	12	6260	16792	2.6824281150159743	0.021110482685979037	9.272435572587057E-4	0.030769425673726758
GOTERM_BP_ALL	GO:0007154~cell communication	12	100.0	1.9735059112601593E-5	5179, 4988, 4985, 1132, 1812, 7442, 3360, 2778, 3362, 1128, 1268, 2774	12	6275	16792	2.67601593625498	0.0216679349644745	9.123390560454858E-4	0.03159077025928214
GOTERM_BP_ALL	GO:0051716~cellular response to stimulus	12	100.0	5.859264939768908E-5	5179, 4988, 4985, 1132, 1812, 7442, 3360, 2778, 3362, 1128, 1268, 2774	12	6927	16792	2.4241374332322794	0.06296978082403859	0.0021656431462616643	0.09376446472998401
GOTERM_BP_ALL	GO:0050896~response to stimulus	12	100.0	4.456034372889482E-4	5179, 4988, 4985, 1132, 1812, 7442, 3360, 2778, 3362, 1128, 1268, 2774	12	8329	16792	2.0160883659502944	0.39026451699795583	0.00895475701393289	0.7110217070438352
GOTERM_CC_ALL	GO:0016020~membrane	12	100.0	7.370843496201021E-4	5179, 4988, 4985, 1132, 1812, 7442, 3360, 2778, 3362, 1128, 1268, 2774	12	9462	18224	1.926019868949482	0.08670359719550935	0.004762036116077728	0.8466134857088803
GOTERM_BP_ALL	GO:0048518~positive regulation of biological process	10	83.33333333333334	8.543086436149695E-4	5179, 4988, 4985, 1812, 7442, 2778, 3362, 1128, 1268, 2774	12	5285	16792	2.6477451907915484	0.6127511960519774	0.015184945681456785	1.358997350341673
GOTERM_CC_ALL	GO:0031224~intrinsic component of membrane	10	83.33333333333334	0.0012045390261979374	4988, 4985, 1132, 1812, 7442, 3360, 2778, 3362, 1128, 1268	12	5981	18224	2.539151758345873	0.13778239930098213	0.007034550573515874	1.3801334199685877
GOTERM_BP_ALL	GO:0065008~regulation of biological quality	8	66.66666666666666	0.0027434323021045598	4988, 4985, 1812, 7442, 3360, 2778, 1128, 1268	12	3548	16792	3.1552048102217207	0.9526123993647682	0.04203996669252985	4.302899069540533
GOTERM_CC_ALL	GO:0044425~membrane part	10	83.33333333333334	0.004573056475148637	4988, 4985, 1132, 1812, 7442, 3360, 2778, 3362, 1128, 1268	12	7057	18224	2.1520003778753956	0.430943766448304	0.024214021474598724	5.147879334619299
GOTERM_BP_ALL	GO:0050794~regulation of cellular process	12	100.0	0.0056375837638471035	5179, 4988, 4985, 1132, 1812, 7442, 3360, 2778, 3362, 1128, 1268, 2774	12	10489	16792	1.600915244541901	0.9981180066270005	0.07037132216526176	8.653663212959739
GOTERM_BP_ALL	GO:0032501~multicellular organismal process	10	83.33333333333334	0.008424533246188075	5179, 4988, 4985, 1812, 7442, 2778, 3362, 1128, 1268, 2774	12	7027	16792	1.9913666334614109	0.9999165150698943	0.09703762750259193	12.667411138589236
GOTERM_BP_ALL	GO:0050789~regulation of biological process	12	100.0	0.00879897944117597	5179, 4988, 4985, 1132, 1812, 7442, 3360, 2778, 3362, 1128, 1268, 2774	12	10922	16792	1.5374473539644755	0.9999451051018461	0.09714059828079602	13.19390789456294
GOTERM_BP_ALL	GO:0065007~biological regulation	12	100.0	0.01624806182830612	5179, 4988, 4985, 1132, 1812, 7442, 3360, 2778, 3362, 1128, 1268, 2774	12	11548	16792	1.4541046068583305	0.9999999873229817	0.15236428660580748	23.069271895275534
GOTERM_BP_ALL	GO:0044763~single-organism cellular process	12	100.0	0.031273959497457864	5179, 4988, 4985, 1132, 1812, 7442, 3360, 2778, 3362, 1128, 1268, 2774	12	12256	16792	1.3701044386422976	0.9999999999999996	0.24755205058435847	39.87151573452081
GOTERM_BP_ALL	GO:0051179~localization	8	66.66666666666666	0.049852066696190675	4988, 4985, 1812, 7442, 2778, 3362, 1128, 1268	12	5872	16792	1.9064486830154406	1.0	0.34531586859454266	55.89966995436424
GOTERM_BP_ALL	GO:0044699~single-organism process	12	100.0	0.08193246168598568	5179, 4988, 4985, 1132, 1812, 7442, 3360, 2778, 3362, 1128, 1268, 2774	12	13377	16792	1.2552889287583167	1.0	0.46434259612860485	74.55338588217629
GOTERM_CC_ALL	GO:0044464~cell part	12	100.0	0.3238263901263254	5179, 4988, 4985, 1132, 1812, 7442, 3360, 2778, 3362, 1128, 1268, 2774	12	16449	18224	1.1079092953978964	1.0	0.8429475769438647	98.90234659178206
GOTERM_CC_ALL	GO:0005623~cell	12	100.0	0.3301640417689269	5179, 4988, 4985, 1132, 1812, 7442, 3360, 2778, 3362, 1128, 1268, 2774	12	16478	18224	1.105959461099648	1.0	0.8388650900955055	99.01529134309027
GOTERM_BP_ALL	GO:0009987~cellular process	12	100.0	0.4317694230121795	5179, 4988, 4985, 1132, 1812, 7442, 3360, 2778, 3362, 1128, 1268, 2774	12	15558	16792	1.0793161074688264	1.0	0.9650940043035826	99.9882513995038
GOTERM_MF_ALL	GO:0005488~binding	10	83.33333333333334	0.7846163539549084	5179, 4988, 4985, 1812, 7442, 2778, 3362, 1128, 1268, 2774	12	14381	16881	0.9782004033099229	1.0	0.9999999991455374	99.99999851204974
GOTERM_CC_ALL	GO:0044424~intracellular part	8	66.66666666666666	0.9016425074272068	4988, 4985, 1812, 7442, 3360, 2778, 1128, 1268	12	13860	18224	0.8765752765752765	1.0	0.9998238353876167	99.99999999975653
GOTERM_CC_ALL	GO:0005622~intracellular	8	66.66666666666666	0.9278834824752755	4988, 4985, 1812, 7442, 3360, 2778, 1128, 1268	12	14216	18224	0.8546238979553554	1.0	0.9999260781614373	99.99999999999321

Annotation Cluster 3	Enrichment Score: 2.336676937406414
Category	Term	Count	%	PValue	Genes	List Total	Pop Hits	Pop Total	Fold Enrichment	Bonferroni	Benjamini	FDR
GOTERM_BP_ALL	GO:0007188~adenylate cyclase-modulating G-protein coupled receptor signaling pathway	8	66.66666666666666	2.706885100508459E-12	4988, 4985, 1132, 1812, 2778, 1128, 1268, 2774	12	167	16792	67.03393213572853	3.0045865795358395E-9	1.5022932897679198E-9	4.333589043170605E-9
GOTERM_BP_ALL	GO:0007191~adenylate cyclase-activating dopamine receptor signaling pathway	4	33.33333333333333	4.5859672449906774E-8	4988, 1812, 2778, 2774	12	12	16792	466.4444444444444	5.0902942047903466E-5	8.484003618414171E-6	7.342042687152883E-5
GOTERM_BP_ALL	GO:0007193~adenylate cyclase-inhibiting G-protein coupled receptor signaling pathway	5	41.66666666666667	9.467919805823779E-8	4988, 4985, 1132, 1128, 2774	12	71	16792	98.54460093896715	1.0508839262435288E-4	1.5013303698685476E-5	1.515794642470425E-4
GOTERM_BP_ALL	GO:0019233~sensory perception of pain	5	41.66666666666667	1.1200821326075275E-7	5179, 4988, 4985, 7442, 1268	12	74	16792	94.54954954954955	1.2432139513629537E-4	1.5541019697251635E-5	1.793228407209746E-4
GOTERM_BP_ALL	GO:0050877~neurological system process	9	75.0	1.5699276818384486E-7	5179, 4988, 4985, 1812, 7442, 2778, 1128, 1268, 2774	12	1288	16792	9.777950310559007	1.7424680367605916E-4	1.9362255484045576E-5	2.5134210115407285E-4
GOTERM_CC_ALL	GO:0043005~neuron projection	8	66.66666666666666	3.148154817017561E-7	5179, 4988, 4985, 7442, 2778, 3362, 1128, 1268	12	966	18224	12.57694962042788	3.8721560643217856E-5	3.8721560643217856E-5	3.6300128691824085E-4
GOTERM_BP_ALL	GO:1901698~response to nitrogen compound	8	66.66666666666666	3.2631779856160575E-7	5179, 4988, 1132, 1812, 7442, 2778, 1128, 1268	12	895	16792	12.50800744878957	3.6214722435778945E-4	3.622062556729588E-5	5.224272291992627E-4
GOTERM_BP_ALL	GO:1901699~cellular response to nitrogen compound	7	58.333333333333336	5.254017972292106E-7	5179, 4988, 1132, 1812, 7442, 2778, 1128	12	558	16792	17.55436081242533	5.830261222569133E-4	5.301642622290714E-5	8.411548380715672E-4
GOTERM_BP_ALL	GO:0007200~phospholipase C-activating G-protein coupled receptor signaling pathway	5	41.66666666666667	5.969545804190753E-7	4988, 4985, 1132, 1812, 1128	12	112	16792	62.4702380952381	6.624002980518684E-4	5.5216790668444204E-5	9.557085006051125E-4
GOTERM_BP_ALL	GO:0043279~response to alkaloid	5	41.66666666666667	1.2251284488576621E-6	5179, 4988, 1812, 7442, 1268	12	134	16792	52.21393034825871	0.0013589691752708966	1.0460171434489851E-4	0.0019613890092307074
GOTERM_CC_ALL	GO:0042995~cell projection	9	75.0	1.3613842309322427E-6	5179, 4988, 4985, 1812, 7442, 2778, 3362, 1128, 1268	12	1846	18224	7.404117009750812	1.6743635535176882E-4	2.3921195938414463E-5	0.0015697496894451213
GOTERM_BP_ALL	GO:0007212~dopamine receptor signaling pathway	4	33.33333333333333	1.475635292193673E-6	4988, 1812, 2778, 2774	12	36	16792	155.4814814814815	0.0016366156643906615	1.1699004061960228E-4	0.0023624375100839146
GOTERM_CC_ALL	GO:0097458~neuron part	8	66.66666666666666	2.801099688186782E-6	5179, 4988, 4985, 7442, 2778, 3362, 1128, 1268	12	1333	18224	9.11427856964241	3.4447639856438617E-4	4.306604065495989E-5	0.0032297950381510176
GOTERM_BP_ALL	GO:0044708~single-organism behavior	6	50.0	2.8870921456879674E-6	5179, 4988, 4985, 1812, 7442, 1268	12	395	16792	21.255696202531645	0.003199547411694037	2.1362230669252913E-4	0.004622078753158121
GOTERM_CC_ALL	GO:0030425~dendrite	6	50.0	4.353003433615442E-6	5179, 4988, 7442, 2778, 3362, 1128	12	466	18224	19.553648068669528	5.352772756530566E-4	5.9489406843638015E-5	0.0050191694600632
GOTERM_BP_ALL	GO:0003008~system process	9	75.0	4.985481336171224E-6	5179, 4988, 4985, 1812, 7442, 2778, 1128, 1268, 2774	12	2014	16792	6.253227408142999	0.005518614269813815	3.4580882420143233E-4	0.007981360937081572
GOTERM_CC_ALL	GO:0098590~plasma membrane region	7	58.333333333333336	6.681046871326895E-6	4988, 4985, 1132, 1812, 7442, 2778, 1128	12	936	18224	11.35754985754986	8.214339485840272E-4	8.21737745823059E-5	0.007703392815339161
GOTERM_CC_ALL	GO:0044463~cell projection part	7	58.333333333333336	7.36928271865849E-6	5179, 4988, 4985, 1812, 7442, 1128, 1268	12	952	18224	11.166666666666668	9.060144350928612E-4	8.239888813821317E-5	0.008496912973066095
GOTERM_BP_ALL	GO:1901700~response to oxygen-containing compound	8	66.66666666666666	9.181192066405748E-6	5179, 4988, 1132, 1812, 7442, 2778, 1128, 1268	12	1466	16792	7.636198271941791	0.010139415965073728	5.660158624009037E-4	0.014697898842475077
GOTERM_BP_ALL	GO:0045761~regulation of adenylate cyclase activity	4	33.33333333333333	1.1665286016364753E-5	4988, 1812, 2778, 2774	12	71	16792	78.83568075117371	0.012865071287057273	6.812700933689353E-4	0.018674263240414657
GOTERM_BP_ALL	GO:0007600~sensory perception	7	58.333333333333336	1.2463251678272995E-5	5179, 4988, 4985, 7442, 2778, 1268, 2774	12	961	16792	10.192854665279224	0.01373904146992988	6.914755991432875E-4	0.019951559573228028
GOTERM_BP_ALL	GO:0007610~behavior	6	50.0	1.5437812416540774E-5	5179, 4988, 4985, 1812, 7442, 1268	12	557	16792	15.073608617594255	0.0169901161012731	8.156721134805478E-4	0.02471277692183138
GOTERM_BP_ALL	GO:0031279~regulation of cyclase activity	4	33.33333333333333	2.0058067733876637E-5	4988, 1812, 2778, 2774	12	85	16792	65.85098039215686	0.022018649823720482	8.901906841171092E-4	0.03210774642264935
GOTERM_BP_ALL	GO:0051339~regulation of lyase activity	4	33.33333333333333	2.150989759864139E-5	4988, 1812, 2778, 2774	12	87	16792	64.33716475095784	0.02359346069517776	9.178955191441185E-4	0.03443137305756405
GOTERM_CC_ALL	GO:0036477~somatodendritic compartment	6	50.0	2.399056529797988E-5	5179, 4988, 7442, 2778, 3362, 1128	12	662	18224	13.764350453172206	0.002946525376333331	2.4587601156900174E-4	0.027659124309320493
GOTERM_BP_ALL	GO:0007189~adenylate cyclase-activating G-protein coupled receptor signaling pathway	4	33.33333333333333	2.6277289471151336E-5	4988, 1812, 2778, 2774	12	93	16792	60.18637992831541	0.028746889318874036	0.0010797194439671198	0.04206113874865025
GOTERM_CC_ALL	GO:0045202~synapse	6	50.0	4.517513651641661E-5	5179, 4988, 4985, 1132, 7442, 1128	12	755	18224	12.06887417218543	0.005541257583737025	4.2734460873605773E-4	0.052077362084756995
GOTERM_BP_ALL	GO:0030817~regulation of cAMP biosynthetic process	4	33.33333333333333	4.5840116658789963E-5	4988, 1812, 2778, 2774	12	112	16792	49.976190476190474	0.04961080159923814	0.0018156246043417035	0.07336390126473358
GOTERM_BP_ALL	GO:0006171~cAMP biosynthetic process	4	33.33333333333333	4.960509059205699E-5	4988, 1812, 2778, 2774	12	115	16792	48.67246376811594	0.053574494132257344	0.0018969232615978493	0.07938723579034024
GOTERM_CC_ALL	GO:0098794~postsynapse	5	41.66666666666667	5.2470444427854446E-5	4988, 4985, 1132, 7442, 1128	12	376	18224	20.19503546099291	0.006433251446198884	4.608961825018909E-4	0.0604849833265142
GOTERM_BP_ALL	GO:0010033~response to organic substance	9	75.0	6.423406629850755E-5	5179, 4988, 4985, 1132, 1812, 7442, 2778, 1128, 1268	12	2822	16792	4.462792345854004	0.06881946338786793	0.0022974247297337103	0.1027879425460343
GOTERM_BP_ALL	GO:0030814~regulation of cAMP metabolic process	4	33.33333333333333	6.986652440513871E-5	4988, 1812, 2778, 2774	12	129	16792	43.39018087855297	0.07462345752427135	0.0024206452316228866	0.11179632844580123
GOTERM_BP_ALL	GO:0030802~regulation of cyclic nucleotide biosynthetic process	4	33.33333333333333	7.481474776449528E-5	4988, 1812, 2778, 2774	12	132	16792	42.4040404040404	0.07969254692764327	0.002513426242938488	0.11970974120099065
GOTERM_BP_ALL	GO:0010243~response to organonitrogen compound	6	50.0	8.243541188607175E-5	5179, 4988, 1812, 7442, 2778, 1268	12	789	16792	10.641318124207858	0.08744514380759927	0.0026877661464882463	0.13189588714234146
GOTERM_BP_ALL	GO:1900371~regulation of purine nucleotide biosynthetic process	4	33.33333333333333	8.911992147866517E-5	4988, 1812, 2778, 2774	12	140	16792	39.98095238095238	0.09419164237419664	0.002822509811282514	0.1425838878985619
GOTERM_BP_ALL	GO:0030808~regulation of nucleotide biosynthetic process	4	33.33333333333333	9.102466401052961E-5	4988, 1812, 2778, 2774	12	141	16792	39.69739952718676	0.0961049096096086	0.0028027863889397153	0.14562922382916899
GOTERM_BP_ALL	GO:0046058~cAMP metabolic process	4	33.33333333333333	9.491375291184369E-5	4988, 1812, 2778, 2774	12	143	16792	39.142191142191145	0.09999887515684469	0.002843497306688092	0.15184689732082868
GOTERM_BP_ALL	GO:0031667~response to nutrient levels	5	41.66666666666667	9.526762257197974E-5	5179, 4988, 7442, 3360, 1268	12	404	16792	17.31848184818482	0.10035235557457134	0.002779081145295459	0.1524126277510085
GOTERM_BP_ALL	GO:0052652~cyclic purine nucleotide metabolic process	4	33.33333333333333	1.009489363186422E-4	4988, 1812, 2778, 2774	12	146	16792	38.337899543378995	0.10600846767526195	0.002869183068807013	0.16149491664082527
GOTERM_BP_ALL	GO:0009190~cyclic nucleotide biosynthetic process	4	33.33333333333333	1.0723003030933753E-4	4988, 1812, 2778, 2774	12	149	16792	37.56599552572707	0.11222035618826554	0.002971369608130048	0.17153512757799305
GOTERM_BP_ALL	GO:0030799~regulation of cyclic nucleotide metabolic process	4	33.33333333333333	1.1825730176583375E-4	4988, 1812, 2778, 2774	12	154	16792	36.34632034632035	0.12302199534040814	0.0031966691805077607	0.18915972439854656
GOTERM_BP_ALL	GO:0009991~response to extracellular stimulus	5	41.66666666666667	1.26847135541691E-4	5179, 4988, 7442, 3360, 1268	12	435	16792	16.084291187739463	0.13134500926387693	0.003346987528369816	0.20288660760303667
GOTERM_BP_ALL	GO:0014070~response to organic cyclic compound	6	50.0	1.589976056913915E-4	5179, 4988, 1812, 7442, 2778, 1268	12	906	16792	9.26710816777042	0.16180237281183318	0.0040962704267692995	0.2542485815833051
GOTERM_BP_ALL	GO:1901701~cellular response to oxygen-containing compound	6	50.0	1.6403954165355848E-4	5179, 1132, 1812, 7442, 2778, 1128	12	912	16792	9.206140350877194	0.16648103812326143	0.004130057469476367	0.2623010764897904
GOTERM_BP_ALL	GO:0071417~cellular response to organonitrogen compound	5	41.66666666666667	1.8102700666082597E-4	5179, 4988, 1812, 7442, 2778	12	477	16792	14.6680642907058	0.18205335230240316	0.0044557804756220065	0.2894273350032117
GOTERM_BP_ALL	GO:0009187~cyclic nucleotide metabolic process	4	33.33333333333333	2.2005682382337144E-4	4988, 1812, 2778, 2774	12	190	16792	29.459649122807015	0.21673950838668132	0.005296574601334592	0.35172549636830475
GOTERM_BP_ALL	GO:0044057~regulation of system process	5	41.66666666666667	2.237205146649993E-4	4988, 4985, 7442, 2778, 1128	12	504	16792	13.882275132275133	0.21991902739467295	0.005270266426315562	0.35757149007679123
GOTERM_BP_ALL	GO:0007626~locomotory behavior	4	33.33333333333333	2.269540531474006E-4	5179, 4988, 4985, 1812	12	192	16792	29.152777777777775	0.22271452573004846	0.0052351566843142905	0.36273084105865605
GOTERM_CC_ALL	GO:0045211~postsynaptic membrane	4	33.33333333333333	2.390564291128907E-4	4985, 1132, 7442, 1128	12	212	18224	28.654088050314467	0.028979264317169684	0.0019585765436730407	0.27530027983050376
GOTERM_BP_ALL	GO:0071407~cellular response to organic cyclic compound	5	41.66666666666667	2.522298010567049E-4	5179, 4988, 1812, 7442, 2778	12	520	16792	13.455128205128206	0.24422411422592027	0.005698201154059834	0.4030515457682182
GOTERM_BP_ALL	GO:1900542~regulation of purine nucleotide metabolic process	4	33.33333333333333	2.752342669022219E-4	4988, 1812, 2778, 2774	12	205	16792	27.304065040650404	0.26328346981337025	0.006092407310170134	0.439735728720847
GOTERM_BP_ALL	GO:0006140~regulation of nucleotide metabolic process	4	33.33333333333333	3.037862877520491E-4	4988, 1812, 2778, 2774	12	212	16792	26.402515723270437	0.28627247603229256	0.0065910070951046285	0.4852487287953844
GOTERM_BP_ALL	GO:0043269~regulation of ion transport	5	41.66666666666667	3.214478907662529E-4	4988, 4985, 1812, 1128, 1268	12	554	16792	12.62936221419976	0.30013268961330974	0.006839284110615962	0.5133922256120083
GOTERM_CC_ALL	GO:0044456~synapse part	5	41.66666666666667	3.3360590821025017E-4	4988, 4985, 1132, 7442, 1128	12	607	18224	12.509610104338277	0.04020962020760599	0.0025617364352594763	0.3839934530134981
GOTERM_BP_ALL	GO:0051049~regulation of transport	7	58.333333333333336	4.2598053259173673E-4	4988, 4985, 1812, 7442, 2778, 1128, 1268	12	1796	16792	5.453971789161099	0.376831997591607	0.008883684612736809	0.6798106846268026
GOTERM_BP_ALL	GO:0070887~cellular response to chemical stimulus	8	66.66666666666666	4.4060983865848815E-4	5179, 4988, 4985, 1132, 1812, 7442, 2778, 1128	12	2648	16792	4.2275931520644505	0.3868739270056393	0.009018067002336427	0.7030800591312225
GOTERM_BP_ALL	GO:0009152~purine ribonucleotide biosynthetic process	4	33.33333333333333	4.64240397273954E-4	4988, 1812, 2778, 2774	12	245	16792	22.84625850340136	0.4027541797538504	0.009161816921176569	0.7406560304547227
GOTERM_BP_ALL	GO:0006164~purine nucleotide biosynthetic process	4	33.33333333333333	5.040830904871496E-4	4988, 1812, 2778, 2774	12	252	16792	22.21164021164021	0.4286042935025869	0.009770782555676982	0.8039814303548942
GOTERM_BP_ALL	GO:0050890~cognition	4	33.33333333333333	5.099487138074082E-4	1812, 2778, 1128, 1268	12	253	16792	22.12384716732543	0.43231435074887936	0.009714360330024707	0.8133009679569425
GOTERM_CC_ALL	GO:0097060~synaptic membrane	4	33.33333333333333	5.18147515711017E-4	4985, 1132, 7442, 1128	12	276	18224	22.00966183574879	0.06175921403639795	0.003742899088147511	0.5958291023700713
GOTERM_BP_ALL	GO:0009260~ribonucleotide biosynthetic process	4	33.33333333333333	5.399378256795323E-4	4988, 1812, 2778, 2774	12	258	16792	21.695090439276484	0.4509099610267524	0.01010944818428361	0.8609360458352366
GOTERM_BP_ALL	GO:0046390~ribose phosphate biosynthetic process	4	33.33333333333333	5.584651539069583E-4	4988, 1812, 2778, 2774	12	261	16792	21.445721583652617	0.46209293778550176	0.010281273969543814	0.8903543647811429
GOTERM_BP_ALL	GO:0072522~purine-containing compound biosynthetic process	4	33.33333333333333	5.710414820679747E-4	4988, 1812, 2778, 2774	12	263	16792	21.282636248415713	0.46955398737423404	0.010340219231493863	0.9103188208924418
GOTERM_CC_ALL	GO:0031253~cell projection membrane	4	33.33333333333333	6.229721735552486E-4	4988, 4985, 1812, 7442	12	294	18224	20.66213151927438	0.07378552350157597	0.004249249342455408	0.7159742230973043
GOTERM_BP_ALL	GO:0048518~positive regulation of biological process	10	83.33333333333334	8.543086436149695E-4	5179, 4988, 4985, 1812, 7442, 2778, 3362, 1128, 1268, 2774	12	5285	16792	2.6477451907915484	0.6127511960519774	0.015184945681456785	1.358997350341673
GOTERM_BP_ALL	GO:0009165~nucleotide biosynthetic process	4	33.33333333333333	9.471440703909269E-4	4988, 1812, 2778, 2774	12	313	16792	17.882854100106496	0.6507013923117281	0.016557083814009665	1.5056283134487591
GOTERM_BP_ALL	GO:1901293~nucleoside phosphate biosynthetic process	4	33.33333333333333	9.736770251303839E-4	4988, 1812, 2778, 2774	12	316	16792	17.71308016877637	0.660848376876791	0.016753510117130666	1.5474988099290377
GOTERM_BP_ALL	GO:0048871~multicellular organismal homeostasis	4	33.33333333333333	9.82625810615596E-4	1812, 7442, 2778, 1268	12	317	16792	17.65720294426919	0.6642038109506625	0.016648334026498568	1.5616167336271691
GOTERM_BP_ALL	GO:0042221~response to chemical	9	75.0	0.0010294386426806272	5179, 4988, 4985, 1132, 1812, 7442, 2778, 1128, 1268	12	4117	16792	3.059023560845276	0.6812236295827856	0.01717303703471651	1.635439400483607
GOTERM_CC_ALL	GO:0031252~cell leading edge	4	33.33333333333333	0.00107669291285369	4988, 4985, 7442, 2778	12	355	18224	17.111737089201878	0.1241010726646885	0.0066033302824344275	1.2344799278971585
GOTERM_BP_ALL	GO:0042391~regulation of membrane potential	4	33.33333333333333	0.0014186786175631402	4988, 4985, 1812, 1268	12	360	16792	15.548148148148147	0.7931686068127158	0.023245725982554255	2.2472542162868203
GOTERM_BP_ALL	GO:0006811~ion transport	6	50.0	0.0014495783053835951	4988, 4985, 1812, 7442, 1128, 1268	12	1458	16792	5.7585733882030175	0.8001522107816916	0.02340124367029528	2.2956697664885617
GOTERM_CC_ALL	GO:0030424~axon	4	33.33333333333333	0.0017234794076248301	5179, 4985, 1128, 1268	12	418	18224	14.532695374800637	0.19117350689886792	0.009597774326180253	1.969343769448717
GOTERM_BP_ALL	GO:0009719~response to endogenous stimulus	6	50.0	0.0019013598365530719	5179, 4988, 1812, 7442, 2778, 1268	12	1548	16792	5.423772609819122	0.8790669732324451	0.030152279001171234	3.000986775628789
GOTERM_BP_ALL	GO:0032879~regulation of localization	7	58.333333333333336	0.0024024033229481287	4988, 4985, 1812, 7442, 2778, 1128, 1268	12	2473	16792	3.9609111740126703	0.9307391892131341	0.03742287503345154	3.77762712759544
GOTERM_BP_ALL	GO:0065008~regulation of biological quality	8	66.66666666666666	0.0027434323021045598	4988, 4985, 1812, 7442, 3360, 2778, 1128, 1268	12	3548	16792	3.1552048102217207	0.9526123993647682	0.04203996669252985	4.302899069540533
GOTERM_BP_ALL	GO:0048522~positive regulation of cellular process	9	75.0	0.0028155961016412567	4988, 4985, 1812, 7442, 2778, 3362, 1128, 1268, 2774	12	4744	16792	2.6547217537942664	0.9562699494107417	0.04253712349605199	4.413704625130865
GOTERM_BP_ALL	GO:0009628~response to abiotic stimulus	5	41.66666666666667	0.003266962534284789	5179, 4988, 4985, 1812, 7442	12	1029	16792	6.799481697440881	0.9735438037565964	0.04853944930608656	5.104041098681133
GOTERM_BP_ALL	GO:0010562~positive regulation of phosphorus metabolic process	5	41.66666666666667	0.003504512082997174	4988, 4985, 1812, 2778, 2774	12	1049	16792	6.669844296155069	0.9796940365491987	0.051297492080815466	5.465478056584317
GOTERM_BP_ALL	GO:0045937~positive regulation of phosphate metabolic process	5	41.66666666666667	0.003504512082997174	4988, 4985, 1812, 2778, 2774	12	1049	16792	6.669844296155069	0.9796940365491987	0.051297492080815466	5.465478056584317
GOTERM_BP_ALL	GO:0048878~chemical homeostasis	5	41.66666666666667	0.003504512082997174	4988, 1812, 7442, 2778, 1268	12	1049	16792	6.669844296155069	0.9796940365491987	0.051297492080815466	5.465478056584317
GOTERM_BP_ALL	GO:0071702~organic substance transport	7	58.333333333333336	0.00350520101301012	4988, 4985, 1812, 7442, 2778, 1128, 1268	12	2657	16792	3.686613975661774	0.9797096134074885	0.050640856323345806	5.466524399535766
GOTERM_BP_ALL	GO:0051239~regulation of multicellular organismal process	7	58.333333333333336	0.003519030049427497	5179, 4988, 4985, 7442, 2778, 1128, 1268	12	2659	16792	3.6838410429986213	0.9800197781894056	0.050184007561513644	5.4875255643653915
GOTERM_BP_ALL	GO:0009150~purine ribonucleotide metabolic process	4	33.33333333333333	0.004045908571303285	4988, 1812, 2778, 2774	12	520	16792	10.764102564102563	0.9888917599281005	0.05676747135958582	6.284407939822945
GOTERM_BP_ALL	GO:0046903~secretion	5	41.66666666666667	0.004136889846428604	4988, 7442, 2778, 1128, 1268	12	1098	16792	6.372191863995143	0.9899629516537874	0.05728685180697546	6.4213739925031765
GOTERM_BP_ALL	GO:0015031~protein transport	6	50.0	0.004313395637098486	4988, 4985, 1812, 2778, 1128, 1268	12	1860	16792	4.513978494623656	0.9917556316330529	0.05892931420854286	6.686556269220678
GOTERM_BP_ALL	GO:0009259~ribonucleotide metabolic process	4	33.33333333333333	0.004383098807940623	4988, 1812, 2778, 2774	12	535	16792	10.462305295950156	0.9923720286639771	0.05912893401110808	6.791084124089075
GOTERM_BP_ALL	GO:0006163~purine nucleotide metabolic process	4	33.33333333333333	0.004664978605188078	4988, 1812, 2778, 2774	12	547	16792	10.232784887263863	0.9944293407230216	0.06206728046456822	7.212676458657851
GOTERM_BP_ALL	GO:0019693~ribose phosphate metabolic process	4	33.33333333333333	0.004713017600646107	4988, 1812, 2778, 2774	12	549	16792	10.195506982392228	0.9947199323329131	0.061947142297516966	7.284347230772925
GOTERM_BP_ALL	GO:0090407~organophosphate biosynthetic process	4	33.33333333333333	0.005287492777257196	4988, 1812, 2778, 2774	12	572	16792	9.785547785547786	0.9972182869967926	0.06844482630320015	8.137411655533267
GOTERM_BP_ALL	GO:0072521~purine-containing compound metabolic process	4	33.33333333333333	0.005365440254279314	4988, 1812, 2778, 2774	12	575	16792	9.734492753623188	0.9974500292110452	0.0686231927548332	8.25259080797791
GOTERM_BP_ALL	GO:0071495~cellular response to endogenous stimulus	5	41.66666666666667	0.0054474416096681405	5179, 4988, 1812, 7442, 2778	12	1185	16792	5.904360056258791	0.9976730331884447	0.06884696949292324	8.373614029421505
GOTERM_BP_ALL	GO:0045184~establishment of protein localization	6	50.0	0.006203435345871639	4988, 4985, 1812, 2778, 1128, 1268	12	2021	16792	4.154379020286987	0.9989995044218021	0.07632388259360634	9.482332581978826
GOTERM_BP_ALL	GO:0009605~response to external stimulus	6	50.0	0.006926358350132365	5179, 4988, 1812, 7442, 3360, 1268	12	2073	16792	4.050168837433671	0.9995539177347423	0.08393736336694213	10.530775132510561
GOTERM_BP_ALL	GO:0070848~response to growth factor	4	33.33333333333333	0.007043626143101777	5179, 4988, 4985, 7442	12	634	16792	8.828601472134595	0.9996087211320104	0.08438409048260864	10.699769502964484
GOTERM_BP_ALL	GO:0009117~nucleotide metabolic process	4	33.33333333333333	0.008106057195394093	4988, 1812, 2778, 2774	12	667	16792	8.391804097951024	0.9998807620877446	0.09550826231707843	12.217257676135896
GOTERM_BP_ALL	GO:0006753~nucleoside phosphate metabolic process	4	33.33333333333333	0.00837733620960347	4988, 1812, 2778, 2774	12	675	16792	8.292345679012346	0.9999119857536916	0.09752610555745944	12.600836848686148
GOTERM_BP_ALL	GO:0032501~multicellular organismal process	10	83.33333333333334	0.008424533246188075	5179, 4988, 4985, 1812, 7442, 2778, 3362, 1128, 1268, 2774	12	7027	16792	1.9913666334614109	0.9999165150698943	0.09703762750259193	12.667411138589236
GOTERM_BP_ALL	GO:0007399~nervous system development	6	50.0	0.008436318135359916	5179, 4988, 1812, 3362, 1128, 1268	12	2170	16792	3.8691244239631333	0.9999176092071936	0.0961742358771196	12.684027021872158
GOTERM_BP_ALL	GO:0051046~regulation of secretion	4	33.33333333333333	0.008654030953843029	4988, 7442, 2778, 1268	12	683	16792	8.195217179111761	0.9999354313093902	0.0975445630563746	12.990454494600767
GOTERM_BP_ALL	GO:0071310~cellular response to organic substance	6	50.0	0.008706557362471312	5179, 4988, 4985, 1812, 7442, 2778	12	2186	16792	3.840805123513266	0.9999391193869032	0.09712818691336977	13.064233497445876
GOTERM_BP_ALL	GO:0071705~nitrogen compound transport	4	33.33333333333333	0.010196651867747994	1812, 7442, 2778, 1268	12	725	16792	7.7204597701149416	0.9999885369662523	0.1106659018136027	15.132962310786569
GOTERM_BP_ALL	GO:0055086~nucleobase-containing small molecule metabolic process	4	33.33333333333333	0.010312686100685971	4988, 1812, 2778, 2774	12	728	16792	7.688644688644689	0.9999899356956885	0.11078250731688288	15.29210266349379
GOTERM_BP_ALL	GO:0051240~positive regulation of multicellular organismal process	5	41.66666666666667	0.010640104247277637	5179, 4988, 7442, 2778, 1268	12	1431	16792	4.8893547635686	0.9999930293184707	0.11302399514882777	15.739647746989894
GOTERM_BP_ALL	GO:0051223~regulation of protein transport	4	33.33333333333333	0.01102546192804267	4988, 2778, 1128, 1268	12	746	16792	7.503127792672029	0.9999954765203442	0.11579141672765147	16.26354971352345
GOTERM_BP_ALL	GO:1901137~carbohydrate derivative biosynthetic process	4	33.33333333333333	0.01143379129411242	4988, 1812, 2778, 2774	12	756	16792	7.403880070546737	0.9999971398091713	0.11872221664296068	16.815348759795967
GOTERM_BP_ALL	GO:0044765~single-organism transport	7	58.333333333333336	0.012637981942308826	4988, 4985, 1812, 7442, 2778, 1128, 1268	12	3415	16792	2.868326012689117	0.9999992606968444	0.1292561469866177	18.42285615098549
GOTERM_BP_ALL	GO:0006952~defense response	5	41.66666666666667	0.01307099810901055	5179, 4988, 1812, 7442, 1268	12	1518	16792	4.609134826526131	0.9999995456802849	0.13219732152662977	18.993747497831002
GOTERM_BP_ALL	GO:0044707~single-multicellular organism process	9	75.0	0.013158697477835648	5179, 4988, 4985, 1812, 7442, 2778, 3362, 1128, 1268	12	5943	16792	2.1191317516405856	0.9999995883550438	0.13183718404130984	19.10891384693194
GOTERM_BP_ALL	GO:0030001~metal ion transport	4	33.33333333333333	0.013978444187144794	4988, 4985, 1812, 7442	12	814	16792	6.876330876330876	0.9999998363506226	0.13827118987805131	20.178002558081875
GOTERM_BP_ALL	GO:0008104~protein localization	6	50.0	0.014073929180503276	4988, 4985, 1812, 2778, 1128, 1268	12	2448	16792	3.4297385620915035	0.9999998530297636	0.13793522446292372	20.30166613608573
GOTERM_BP_ALL	GO:0070201~regulation of establishment of protein localization	4	33.33333333333333	0.014259045709117875	4988, 2778, 1128, 1268	12	820	16792	6.826016260162601	0.9999998806813083	0.13841854800177678	20.540900922871884
GOTERM_BP_ALL	GO:0019220~regulation of phosphate metabolic process	5	41.66666666666667	0.016015776988473784	4988, 4985, 1812, 2778, 2774	12	1610	16792	4.345755693581781	0.9999999835248277	0.15290208890394996	22.777938024008225
GOTERM_BP_ALL	GO:0051174~regulation of phosphorus metabolic process	5	41.66666666666667	0.016049978067044383	4988, 4985, 1812, 2778, 2774	12	1611	16792	4.343058141940824	0.9999999841483632	0.15191174866778734	22.820898183308238
GOTERM_BP_ALL	GO:1902578~single-organism localization	7	58.333333333333336	0.016715179750357155	4988, 4985, 1812, 7442, 2778, 1128, 1268	12	3614	16792	2.7103855377236674	0.9999999925172458	0.15512327405880666	23.652018713414535
GOTERM_BP_ALL	GO:0042592~homeostatic process	5	41.66666666666667	0.01724155269091328	4988, 1812, 7442, 2778, 1268	12	1645	16792	4.253292806484296	0.9999999958701726	0.15832922218452483	24.303728060933906
GOTERM_BP_ALL	GO:0006950~response to stress	7	58.333333333333336	0.01818886534165181	5179, 4988, 4985, 1812, 7442, 2778, 1268	12	3677	16792	2.663947058290273	0.9999999985841151	0.16499223770901994	25.463488120837585
GOTERM_BP_ALL	GO:0031328~positive regulation of cellular biosynthetic process	5	41.66666666666667	0.020429847552007895	4988, 1812, 7442, 2778, 2774	12	1729	16792	4.046655099286678	0.9999999998879393	0.18207307601695755	28.141064165175965
GOTERM_BP_ALL	GO:0009891~positive regulation of biosynthetic process	5	41.66666666666667	0.02169655605906451	4988, 1812, 7442, 2778, 2774	12	1760	16792	3.975378787878788	0.9999999999733513	0.1908121365708727	29.61438829184646
GOTERM_BP_ALL	GO:0032880~regulation of protein localization	4	33.33333333333333	0.02187401137580291	4988, 2778, 1128, 1268	12	962	16792	5.818433818433818	0.9999999999782115	0.19073985027366402	29.818512405800423
GOTERM_BP_ALL	GO:0051173~positive regulation of nitrogen compound metabolic process	5	41.66666666666667	0.02198943451905267	4988, 1812, 7442, 2778, 2774	12	1767	16792	3.9596302584418037	0.9999999999808866	0.19018187536284614	29.95098382817153
GOTERM_BP_ALL	GO:0032940~secretion by cell	4	33.33333333333333	0.022115971595982258	4988, 7442, 2778, 1268	12	966	16792	5.794340924775707	0.9999999999834438	0.18971972065855236	30.09594134708302
GOTERM_BP_ALL	GO:0006812~cation transport	4	33.33333333333333	0.022665945904219505	4988, 4985, 1812, 7442	12	975	16792	5.740854700854701	0.9999999999911332	0.1925343140253536	30.722715964123857
GOTERM_BP_ALL	GO:0033036~macromolecule localization	6	50.0	0.025121949413997265	4988, 4985, 1812, 2778, 1128, 1268	12	2817	16792	2.9804756833510826	0.999999999999457	0.20970323502506627	33.4579296241903
GOTERM_BP_ALL	GO:0031325~positive regulation of cellular metabolic process	6	50.0	0.025926442344852297	4988, 4985, 1812, 7442, 2778, 2774	12	2839	16792	2.9573793589292006	0.9999999999997828	0.21413880690510934	34.33163842148523
GOTERM_BP_ALL	GO:0065009~regulation of molecular function	6	50.0	0.026824069801265022	4988, 4985, 1812, 2778, 1268, 2774	12	2863	16792	2.932588194201886	0.999999999999922	0.21916238867735738	35.29379479291504
GOTERM_BP_ALL	GO:0044281~small molecule metabolic process	5	41.66666666666667	0.030620090916559314	4988, 1812, 2778, 1268, 2774	12	1951	16792	3.5861951136169488	0.999999999999999	0.24470481484297812	39.21844954595738
GOTERM_BP_ALL	GO:0019637~organophosphate metabolic process	4	33.33333333333333	0.031697195187147045	4988, 1812, 2778, 2774	12	1108	16792	5.051744885679904	0.9999999999999997	0.248758855211774	40.29071859654083
GOTERM_BP_ALL	GO:0051649~establishment of localization in cell	5	41.66666666666667	0.03344895535117668	4985, 1812, 7442, 2778, 1128	12	2004	16792	3.491350632069195	1.0	0.25896712420828993	41.99681958083199
GOTERM_BP_ALL	GO:0048856~anatomical structure development	8	66.66666666666666	0.03415020625592678	5179, 4988, 1812, 7442, 2778, 3362, 1128, 1268	12	5473	16792	2.045435166575309	1.0	0.26191317621648047	42.66689458461942
GOTERM_BP_ALL	GO:0044767~single-organism developmental process	8	66.66666666666666	0.034218300435744586	5179, 4988, 1812, 7442, 2778, 3362, 1128, 1268	12	5475	16792	2.04468797564688	1.0	0.26061210988590067	42.73157342111331
GOTERM_BP_ALL	GO:0009893~positive regulation of metabolic process	6	50.0	0.034646460623760256	4988, 4985, 1812, 7442, 2778, 2774	12	3052	16792	2.750982961992136	1.0	0.2617018917566233	43.13669398883394
GOTERM_BP_ALL	GO:0048584~positive regulation of response to stimulus	5	41.66666666666667	0.03489428527562265	5179, 4988, 2778, 3362, 1268	12	2030	16792	3.446633825944171	1.0	0.26159731375570694	43.36995372813897
GOTERM_BP_ALL	GO:0048731~system development	7	58.333333333333336	0.03796797929686487	5179, 4988, 1812, 2778, 3362, 1128, 1268	12	4291	16792	2.282762370853725	1.0	0.2796225348420307	46.18943222412769
GOTERM_BP_ALL	GO:0032502~developmental process	8	66.66666666666666	0.039886666156610864	5179, 4988, 1812, 7442, 2778, 3362, 1128, 1268	12	5632	16792	1.987689393939394	1.0	0.28985292125607676	47.88213114704865
GOTERM_BP_ALL	GO:1901135~carbohydrate derivative metabolic process	4	33.33333333333333	0.04295388803251719	4988, 1812, 2778, 2774	12	1247	16792	4.488639401229618	1.0	0.30678451193541145	50.48476844482723
GOTERM_CC_ALL	GO:0030054~cell junction	4	33.33333333333333	0.04505721292252906	4988, 1132, 7442, 1128	12	1379	18224	4.40512448634276	0.9965548004139293	0.20294447701845042	41.2339653484995
GOTERM_BP_ALL	GO:0051179~localization	8	66.66666666666666	0.049852066696190675	4988, 4985, 1812, 7442, 2778, 3362, 1128, 1268	12	5872	16792	1.9064486830154406	1.0	0.34531586859454266	55.89966995436424
GOTERM_BP_ALL	GO:0044711~single-organism biosynthetic process	4	33.33333333333333	0.05151715708091387	4988, 1812, 2778, 2774	12	1340	16792	4.177114427860696	1.0	0.35266174214282286	57.12082805073928
GOTERM_BP_ALL	GO:0022414~reproductive process	4	33.33333333333333	0.05475216435835065	4988, 1812, 2778, 1268	12	1373	16792	4.076717649915028	1.0	0.36844716505569974	59.403253084075615
GOTERM_BP_ALL	GO:0000003~reproduction	4	33.33333333333333	0.05495150465069742	4988, 1812, 2778, 1268	12	1375	16792	4.070787878787879	1.0	0.3674069455925367	59.54010141999737
GOTERM_BP_ALL	GO:1901566~organonitrogen compound biosynthetic process	4	33.33333333333333	0.05495150465069742	4988, 1812, 2778, 2774	12	1375	16792	4.070787878787879	1.0	0.3674069455925367	59.54010141999737
GOTERM_BP_ALL	GO:0051704~multi-organism process	5	41.66666666666667	0.05520495403920342	5179, 4988, 1812, 2778, 1268	12	2341	16792	2.988751245906308	1.0	0.36667215728810953	59.71347150111042
GOTERM_BP_ALL	GO:0006810~transport	7	58.333333333333336	0.055532817099052986	4988, 4985, 1812, 7442, 2778, 1128, 1268	12	4663	16792	2.100650511115877	1.0	0.36634626188138797	59.93671053555938
GOTERM_BP_ALL	GO:0050790~regulation of catalytic activity	5	41.66666666666667	0.05640354781840597	4988, 1812, 2778, 1268, 2774	12	2357	16792	2.9684627351152595	1.0	0.3689098916153205	60.523966416083695
GOTERM_BP_ALL	GO:0022008~neurogenesis	4	33.33333333333333	0.06237524846399998	5179, 4988, 1812, 1268	12	1447	16792	3.868233126007832	1.0	0.39771331111525	64.33923186079252
GOTERM_BP_ALL	GO:0051234~establishment of localization	7	58.333333333333336	0.06262474966868194	4988, 4985, 1812, 7442, 2778, 1128, 1268	12	4790	16792	2.044954766875435	1.0	0.39681509787957014	64.49085074190144
GOTERM_BP_ALL	GO:0002376~immune system process	5	41.66666666666667	0.0648926785777742	4988, 4985, 7442, 2778, 1268	12	2465	16792	2.8384043272481407	1.0	0.4059545091826091	65.8415979822736
GOTERM_BP_ALL	GO:0007275~multicellular organism development	7	58.333333333333336	0.06782161121080459	5179, 4988, 1812, 2778, 3362, 1128, 1268	12	4877	16792	2.008475155491764	1.0	0.4180464015280886	67.51481456303978
GOTERM_BP_ALL	GO:0048583~regulation of response to stimulus	6	50.0	0.06804822580419559	5179, 4988, 1812, 2778, 3362, 1268	12	3636	16792	2.309130913091309	1.0	0.4169557696725873	67.64101711126958
GOTERM_BP_ALL	GO:0030154~cell differentiation	6	50.0	0.06917270547159239	5179, 4988, 1812, 7442, 2778, 1268	12	3652	16792	2.2990142387732746	1.0	0.4201442840910984	68.26047362567024
GOTERM_BP_ALL	GO:0051641~cellular localization	5	41.66666666666667	0.07128343171414908	4985, 1812, 7442, 2778, 1128	12	2541	16792	2.7535091171454806	1.0	0.42788236053739126	69.39332764982777
GOTERM_BP_ALL	GO:0045595~regulation of cell differentiation	4	33.33333333333333	0.07312621585115037	4988, 7442, 2778, 1268	12	1544	16792	3.625215889464594	1.0	0.43421101255408545	70.35126702997935
GOTERM_BP_ALL	GO:0010647~positive regulation of cell communication	4	33.33333333333333	0.07439870314418365	4988, 1812, 2778, 3362	12	1555	16792	3.5995712754555194	1.0	0.437827331201468	70.99626160537905
GOTERM_BP_ALL	GO:0023056~positive regulation of signaling	4	33.33333333333333	0.07533087689427026	4988, 1812, 2778, 3362	12	1563	16792	3.5811473661761566	1.0	0.43985684588208485	71.46038510067049
GOTERM_BP_ALL	GO:0046907~intracellular transport	4	33.33333333333333	0.07899623263336794	4985, 1812, 2778, 1128	12	1594	16792	3.5115014638226683	1.0	0.45388282223823295	73.21867829309208
GOTERM_BP_ALL	GO:0048869~cellular developmental process	6	50.0	0.09582555920424993	5179, 4988, 1812, 7442, 2778, 1268	12	3992	16792	2.103206412825651	1.0	0.5184801552078154	80.06544384378915
GOTERM_BP_ALL	GO:0033554~cellular response to stress	4	33.33333333333333	0.10176487857525245	5179, 4988, 4985, 7442	12	1773	16792	3.156984395563075	1.0	0.538634583460778	82.0616127530464
GOTERM_BP_ALL	GO:0044710~single-organism metabolic process	6	50.0	0.10206082717479271	4988, 1812, 7442, 2778, 1268, 2774	12	4063	16792	2.0664533595865127	1.0	0.5374191949431595	82.15600193077404
GOTERM_BP_ALL	GO:0019219~regulation of nucleobase-containing compound metabolic process	6	50.0	0.10576696028926619	4988, 4985, 1812, 7442, 2778, 2774	12	4104	16792	2.0458089668615984	1.0	0.5486087433255116	83.29927781095401
GOTERM_BP_ALL	GO:0044093~positive regulation of molecular function	4	33.33333333333333	0.11096063386005599	4985, 1812, 2778, 2774	12	1840	16792	3.042028985507246	1.0	0.5646203179417857	84.78629754985263
GOTERM_BP_ALL	GO:0008283~cell proliferation	4	33.33333333333333	0.11391490233522905	5179, 4988, 1132, 1128	12	1861	16792	3.0077019523553643	1.0	0.5724387952167549	85.57579802362302
GOTERM_BP_ALL	GO:0010646~regulation of cell communication	5	41.66666666666667	0.11938289835914619	4988, 1812, 2778, 3362, 1268	12	3020	16792	2.316777041942605	1.0	0.5883277821308691	86.93671649338654
GOTERM_BP_ALL	GO:0031326~regulation of cellular biosynthetic process	6	50.0	0.12294734354774088	4988, 4985, 1812, 7442, 2778, 2774	12	4284	16792	1.9598506069094306	1.0	0.5975234571702426	87.75801265309455
GOTERM_BP_ALL	GO:0023051~regulation of signaling	5	41.66666666666667	0.12515900540204458	4988, 1812, 2778, 3362, 1268	12	3070	16792	2.2790445168295332	1.0	0.6022267380074833	88.24300076903138
GOTERM_BP_ALL	GO:0006796~phosphate-containing compound metabolic process	5	41.66666666666667	0.12668324720450092	4988, 4985, 1812, 2778, 2774	12	3083	16792	2.269434533463077	1.0	0.6047081782930922	88.56669701707706
GOTERM_BP_ALL	GO:0006793~phosphorus metabolic process	5	41.66666666666667	0.12738984797270397	4988, 4985, 1812, 2778, 2774	12	3089	16792	2.2650264378979177	1.0	0.6046362280487415	88.7139028301384
GOTERM_BP_ALL	GO:0009889~regulation of biosynthetic process	6	50.0	0.12849029075676216	4988, 4985, 1812, 7442, 2778, 2774	12	4339	16792	1.9350080663747409	1.0	0.6057742662654239	88.93962360360047
GOTERM_BP_ALL	GO:0048468~cell development	4	33.33333333333333	0.12948101008480956	4988, 1812, 7442, 1268	12	1968	16792	2.844173441734417	1.0	0.6065660256239362	89.13921100350868
GOTERM_BP_ALL	GO:0034654~nucleobase-containing compound biosynthetic process	6	50.0	0.13033390807481784	4988, 4985, 1812, 7442, 2778, 2774	12	4357	16792	1.9270140004590315	1.0	0.606933744136209	89.3083235520359
GOTERM_BP_ALL	GO:0051171~regulation of nitrogen compound metabolic process	6	50.0	0.13521616317409835	4988, 4985, 1812, 7442, 2778, 2774	12	4404	16792	1.9064486830154403	1.0	0.6192472144945307	90.22982701628067
GOTERM_BP_ALL	GO:0018130~heterocycle biosynthetic process	6	50.0	0.13595173716859582	4988, 4985, 1812, 7442, 2778, 2774	12	4411	16792	1.9034232600317387	1.0	0.6191995006948474	90.36202869692254
GOTERM_BP_ALL	GO:0019438~aromatic compound biosynthetic process	6	50.0	0.1373235815543595	4988, 4985, 1812, 7442, 2778, 2774	12	4424	16792	1.8978300180831826	1.0	0.620993947711195	90.60411560478012
GOTERM_BP_ALL	GO:0080090~regulation of primary metabolic process	7	58.333333333333336	0.14076492406697014	4988, 4985, 1812, 7442, 2778, 1268, 2774	12	5798	16792	1.6894331378636311	1.0	0.6286442934465969	91.18655343529623
GOTERM_BP_ALL	GO:0031323~regulation of cellular metabolic process	7	58.333333333333336	0.14529012058434737	4988, 4985, 1812, 7442, 2778, 1268, 2774	12	5844	16792	1.6761350673054984	1.0	0.6390726550473895	91.90100919933165
GOTERM_BP_ALL	GO:1901362~organic cyclic compound biosynthetic process	6	50.0	0.14934066981312497	4988, 4985, 1812, 7442, 2778, 2774	12	4535	16792	1.8513781697905183	1.0	0.6478894547812316	92.4941167194019
GOTERM_BP_ALL	GO:0050793~regulation of developmental process	4	33.33333333333333	0.1544203115740298	4988, 7442, 2778, 1268	12	2129	16792	2.629090339752622	1.0	0.6591132907129573	93.18041013760481
GOTERM_BP_ALL	GO:0048519~negative regulation of biological process	6	50.0	0.1592489073414552	4988, 4985, 1812, 7442, 2778, 1268	12	4623	16792	1.8161367077655202	1.0	0.6693030242476778	93.77785346800445
GOTERM_BP_ALL	GO:1901564~organonitrogen compound metabolic process	4	33.33333333333333	0.16941971252754026	4988, 1812, 2778, 2774	12	2221	16792	2.5201861023562957	1.0	0.6919301976130545	94.87946591077801
GOTERM_BP_ALL	GO:0019222~regulation of metabolic process	7	58.333333333333336	0.17985304547115374	4988, 4985, 1812, 7442, 2778, 1268, 2774	12	6171	16792	1.5873170204721008	1.0	0.7136280609894662	95.8176311489219
GOTERM_BP_ALL	GO:0044271~cellular nitrogen compound biosynthetic process	6	50.0	0.19851469705938712	4988, 4985, 1812, 7442, 2778, 2774	12	4947	16792	1.6971902162927026	1.0	0.7503617337644828	97.10674655455183
GOTERM_BP_ALL	GO:0009892~negative regulation of metabolic process	4	33.33333333333333	0.22172150520531433	4988, 4985, 7442, 1268	12	2522	16792	2.2194025905366113	1.0	0.7905294650998677	98.1924396382597
GOTERM_BP_ALL	GO:0048523~negative regulation of cellular process	5	41.66666666666667	0.30351208899373494	4988, 4985, 1812, 7442, 1268	12	4300	16792	1.6271317829457366	1.0	0.8938576503072998	99.69445391446723
GOTERM_BP_ALL	GO:0006139~nucleobase-containing compound metabolic process	6	50.0	0.3187654523428035	4988, 4985, 1812, 7442, 2778, 2774	12	5794	16792	1.4490852606144289	1.0	0.9062446419157969	99.78565581118093
GOTERM_BP_ALL	GO:0046483~heterocycle metabolic process	6	50.0	0.3381766395589927	4988, 4985, 1812, 7442, 2778, 2774	12	5919	16792	1.4184828518330799	1.0	0.9204420561772202	99.86506785143654
GOTERM_BP_ALL	GO:0006725~cellular aromatic compound metabolic process	6	50.0	0.3453987432950595	4988, 4985, 1812, 7442, 2778, 2774	12	5965	16792	1.4075440067057836	1.0	0.9245497096941186	99.88680569476664
GOTERM_BP_ALL	GO:0044249~cellular biosynthetic process	6	50.0	0.36968632288921244	4988, 4985, 1812, 7442, 2778, 2774	12	6118	16792	1.3723439032363518	1.0	0.9391589690282796	99.9382066301177
GOTERM_BP_ALL	GO:1901360~organic cyclic compound metabolic process	6	50.0	0.3746519831674403	4988, 4985, 1812, 7442, 2778, 2774	12	6149	16792	1.3654252724020166	1.0	0.9411044531626231	99.94555613760085
GOTERM_BP_ALL	GO:1901576~organic substance biosynthetic process	6	50.0	0.3872038005808328	4988, 4985, 1812, 7442, 2778, 2774	12	6227	16792	1.3483218243134736	1.0	0.9470462917005612	99.96064760701357
GOTERM_BP_ALL	GO:0009058~biosynthetic process	6	50.0	0.4022640626877362	4988, 4985, 1812, 7442, 2778, 2774	12	6320	16792	1.3284810126582278	1.0	0.9536269586399191	99.97357846587128
GOTERM_CC_ALL	GO:0012505~endomembrane system	4	33.33333333333333	0.42504725421396927	4988, 1812, 3360, 2778	12	3878	18224	1.5664431837717037	1.0	0.9120778329839512	99.83079672105735
GOTERM_BP_ALL	GO:0034641~cellular nitrogen compound metabolic process	6	50.0	0.4324537910891955	4988, 4985, 1812, 7442, 2778, 2774	12	6505	16792	1.2906994619523444	1.0	0.9647174117762095	99.98847589944562
GOTERM_BP_ALL	GO:0006807~nitrogen compound metabolic process	6	50.0	0.5051752599621433	4988, 4985, 1812, 7442, 2778, 2774	12	6948	16792	1.208405296488198	1.0	0.9839487724116571	99.99871700234034
GOTERM_BP_ALL	GO:0043412~macromolecule modification	4	33.33333333333333	0.5200584103796089	4988, 4985, 2778, 1128	12	4065	16792	1.3769577695776956	1.0	0.9862763703482427	99.999213158104
GOTERM_BP_ALL	GO:0044237~cellular metabolic process	8	66.66666666666666	0.5536062960009187	4988, 4985, 1812, 7442, 2778, 1128, 1268, 2774	12	10202	16792	1.0973011827746193	1.0	0.9907885056401909	99.99975336560829
GOTERM_BP_ALL	GO:0044238~primary metabolic process	8	66.66666666666666	0.5603339791246942	4988, 4985, 1812, 7442, 2778, 1128, 1268, 2774	12	10243	16792	1.0929089784893748	1.0	0.9913542179648006	99.99980659556346
GOTERM_CC_ALL	GO:0043226~organelle	9	75.0	0.6333060000587774	4988, 4985, 1812, 3360, 2778, 3362, 1128, 1268, 2774	12	13154	18224	1.039075566367645	1.0	0.9858078834840629	99.99905343363083
GOTERM_BP_ALL	GO:0071704~organic substance metabolic process	8	66.66666666666666	0.6355841875667196	4988, 4985, 1812, 7442, 2778, 1128, 1268, 2774	12	10707	16792	1.0455465271940474	1.0	0.9969896562039143	99.99999042241869
GOTERM_MF_ALL	GO:0005515~protein binding	8	66.66666666666666	0.6422720022083238	5179, 4988, 4985, 1812, 7442, 2778, 3362, 2774	12	10806	16881	1.0414584490098093	1.0	0.9999998206552173	99.99942567105428
GOTERM_BP_ALL	GO:0008152~metabolic process	8	66.66666666666666	0.6930212199072827	4988, 4985, 1812, 7442, 2778, 1128, 1268, 2774	12	11075	16792	1.0108051166290444	1.0	0.9988374442487934	99.99999938524284
GOTERM_MF_ALL	GO:0005488~binding	10	83.33333333333334	0.7846163539549084	5179, 4988, 4985, 1812, 7442, 2778, 3362, 1128, 1268, 2774	12	14381	16881	0.9782004033099229	1.0	0.9999999991455374	99.99999851204974
GOTERM_BP_ALL	GO:0060255~regulation of macromolecule metabolic process	4	33.33333333333333	0.7927127872241628	4988, 4985, 7442, 2778	12	5815	16792	0.9625680710805389	1.0	0.9998712579403625	99.99999999885591
GOTERM_CC_ALL	GO:0044444~cytoplasmic part	5	41.66666666666667	0.7976134081324977	4988, 1812, 7442, 3360, 2778	12	8090	18224	0.938607334157396	1.0	0.9985699700871555	99.99999900036231
GOTERM_MF_ALL	GO:0097159~organic cyclic compound binding	4	33.33333333333333	0.8159394154478965	1812, 7442, 2778, 2774	12	6052	16881	0.9297752808988764	1.0	0.9999999991829613	99.99999976483133
GOTERM_BP_ALL	GO:0016043~cellular component organization	4	33.33333333333333	0.8254235468462595	4985, 1812, 7442, 1268	12	6109	16792	0.9162437933104163	1.0	0.999949047708645	99.99999999992683
GOTERM_BP_ALL	GO:0071840~cellular component organization or biogenesis	4	33.33333333333333	0.8412232113649933	4985, 1812, 7442, 1268	12	6265	16792	0.8934291034849694	1.0	0.9999686079100532	99.99999999998398
GOTERM_CC_ALL	GO:0043227~membrane-bounded organelle	7	58.333333333333336	0.882841253957005	4988, 4985, 1812, 3360, 2778, 1268, 2774	12	12209	18224	0.8707237830016108	1.0	0.999798099039807	99.99999999817025
GOTERM_BP_ALL	GO:0044260~cellular macromolecule metabolic process	5	41.66666666666667	0.8861032774961985	4988, 4985, 7442, 2778, 1128	12	8387	16792	0.8342275744207305	1.0	0.9999948625837233	99.99999999999993
GOTERM_CC_ALL	GO:0005737~cytoplasm	6	50.0	0.8895973333140516	4988, 4985, 1812, 7442, 3360, 2778	12	10775	18224	0.845661252900232	1.0	0.9997903703557182	99.99999999907752
GOTERM_CC_ALL	GO:0044424~intracellular part	8	66.66666666666666	0.9016425074272068	4988, 4985, 1812, 7442, 3360, 2778, 1128, 1268	12	13860	18224	0.8765752765752765	1.0	0.9998238353876167	99.99999999975653
GOTERM_CC_ALL	GO:0005622~intracellular	8	66.66666666666666	0.9278834824752755	4988, 4985, 1812, 7442, 3360, 2778, 1128, 1268	12	14216	18224	0.8546238979553554	1.0	0.9999260781614373	99.99999999999321
GOTERM_BP_ALL	GO:0043170~macromolecule metabolic process	5	41.66666666666667	0.9337735862048661	4988, 4985, 7442, 2778, 1128	12	9130	16792	0.7663380795910917	1.0	0.9999997346356452	100.0
GOTERM_CC_ALL	GO:0043229~intracellular organelle	6	50.0	0.9596603305921189	4988, 1812, 3360, 2778, 1128, 1268	12	12099	18224	0.7531200925696339	1.0	0.9999874065401431	99.99999999999999
GOTERM_CC_ALL	GO:0043231~intracellular membrane-bounded organelle	5	41.66666666666667	0.9732461282756103	4988, 1812, 3360, 2778, 1268	12	11035	18224	0.6881135780093641	1.0	0.9999957645032302	100.0

