Annotation Cluster 1	Enrichment Score: 2.9612253873007344
Category	Term	Count	%	PValue	Genes	List Total	Pop Hits	Pop Total	Fold Enrichment	Bonferroni	Benjamini	FDR
GOTERM_CC_ALL	GO:0031966~mitochondrial membrane	9	69.23076923076923	1.7759691063691465E-9	10730, 9512, 23203, 115209, 4976, 65018, 192111, 55486, 55626	13	691	18224	18.2584882555939	2.3797983794704436E-7	2.3797983794704436E-7	2.0793586852363433E-6
GOTERM_CC_ALL	GO:0005740~mitochondrial envelope	9	69.23076923076923	2.7996128341232877E-9	10730, 9512, 23203, 115209, 4976, 65018, 192111, 55486, 55626	13	732	18224	17.235813366960908	3.7514805539817786E-7	1.8757404529612387E-7	3.277871862827908E-6
GOTERM_CC_ALL	GO:0031967~organelle envelope	10	76.92307692307693	2.826404377178113E-9	10730, 9512, 23203, 115209, 4976, 59343, 65018, 192111, 55486, 55626	13	1149	18224	12.20057575148959	3.787381094300102E-7	1.2624605238986675E-7	3.3092401152678974E-6
GOTERM_CC_ALL	GO:0031975~envelope	10	76.92307692307693	2.937141304280824E-9	10730, 9512, 23203, 115209, 4976, 59343, 65018, 192111, 55486, 55626	13	1154	18224	12.147713638181576	3.935768584373278E-7	9.839422909774242E-8	3.438894335960896E-6
GOTERM_CC_ALL	GO:0044429~mitochondrial part	9	69.23076923076923	3.0037426668241117E-8	10730, 9512, 23203, 115209, 4976, 65018, 192111, 55486, 55626	13	990	18224	12.744055944055944	4.025007132146818E-6	8.050027224815182E-7	3.516872719711017E-5
GOTERM_CC_ALL	GO:0005743~mitochondrial inner membrane	7	53.84615384615385	3.285363700235312E-7	10730, 9512, 23203, 115209, 4976, 65018, 55486	13	499	18224	19.665176506859872	4.402291177463269E-5	7.337286550557209E-6	3.8465969929291077E-4
GOTERM_MF_ALL	GO:0004175~endopeptidase activity	7	53.84615384615385	4.904910224459611E-7	10730, 9512, 23203, 115209, 59343, 205564, 55486	13	495	16881	18.363170163170164	4.512416700763744E-5	4.512416700763744E-5	5.358517509934657E-4
GOTERM_CC_ALL	GO:0019866~organelle inner membrane	7	53.84615384615385	6.269160612574351E-7	10730, 9512, 23203, 115209, 4976, 65018, 55486	13	557	18224	17.617456152465127	8.400325007429377E-5	1.2000896352226675E-5	7.340099312691528E-4
GOTERM_CC_ALL	GO:0005739~mitochondrion	9	69.23076923076923	1.9820159445595365E-6	10730, 9512, 23203, 115209, 4976, 65018, 192111, 55486, 55626	13	1700	18224	7.421538461538461	2.6555513376935735E-4	3.3198248898136384E-5	0.0023205799338232858
GOTERM_BP_ALL	GO:0007005~mitochondrion organization	7	53.84615384615385	2.5557929457779785E-6	10730, 23203, 115209, 4976, 65018, 55486, 55626	13	653	16792	13.846625044174814	0.0021981211240008625	0.0021981211240008625	0.00396094277236303
GOTERM_BP_ALL	GO:0010823~negative regulation of mitochondrion organization	4	30.76923076923077	3.38614895500763E-6	115209, 4976, 65018, 55486	13	43	16792	120.15742397137745	0.002911233304208616	0.0014566776069295795	0.005247788761320038
GOTERM_BP_ALL	GO:0006508~proteolysis	9	69.23076923076923	3.585037123325243E-6	10730, 9512, 23203, 115209, 59343, 205564, 65018, 9817, 55486	13	1693	16792	6.866645463219592	0.0030819634661291007	0.0010283783548925562	0.005556013822793915
GOTERM_MF_ALL	GO:0070011~peptidase activity, acting on L-amino acid peptides	7	53.84615384615385	3.964670180536865E-6	10730, 9512, 23203, 115209, 59343, 205564, 55486	13	708	16881	12.83865710560626	3.646838663304841E-4	1.8235856048753885E-4	0.004331249166211748
GOTERM_CC_ALL	GO:0031090~organelle membrane	10	76.92307692307693	4.1047485336171385E-6	10730, 9512, 23203, 115209, 4976, 59343, 65018, 192111, 55486, 55626	13	2646	18224	5.297982440839584	5.498861895322227E-4	6.111340276548916E-5	0.00480585882632889
GOTERM_MF_ALL	GO:0008233~peptidase activity	7	53.84615384615385	4.847602368060067E-6	10730, 9512, 23203, 115209, 59343, 205564, 55486	13	733	16881	12.400776576765661	4.458810643116484E-4	1.4864911690226634E-4	0.005295795303372763
GOTERM_BP_ALL	GO:0010821~regulation of mitochondrion organization	5	38.46153846153847	1.5305785196552217E-5	115209, 4976, 65018, 55486, 55626	13	229	16792	28.202888814242527	0.013091927226724032	0.003289174252353644	0.023718563096541967
GOTERM_MF_ALL	GO:0004222~metalloendopeptidase activity	4	30.76923076923077	6.148851211796252E-5	10730, 9512, 23203, 115209	13	113	16881	45.96596324029952	0.0056411456853523445	0.0014132796385131208	0.06715465460946923
GOTERM_MF_ALL	GO:0016787~hydrolase activity	9	69.23076923076923	8.723642000658519E-5	10730, 9512, 23203, 115209, 4976, 59343, 205564, 192111, 55486	13	2603	16881	4.489760335707319	0.007993977582041567	0.0016039324692046497	0.09526305038781713
GOTERM_CC_ALL	GO:0005741~mitochondrial outer membrane	4	30.76923076923077	1.4564857548023507E-4	4976, 65018, 192111, 55626	13	163	18224	34.401132609721564	0.019329081220643696	0.0016252054674155136	0.17039686207142024
GOTERM_CC_ALL	GO:0031968~organelle outer membrane	4	30.76923076923077	2.15063761457925E-4	4976, 65018, 192111, 55626	13	186	18224	30.14722911497105	0.028410261536004455	0.00221459365270793	0.2515134483849546
GOTERM_CC_ALL	GO:0019867~outer membrane	4	30.76923076923077	2.3614788957474693E-4	4976, 65018, 192111, 55626	13	192	18224	29.205128205128208	0.03115201158833214	0.0022579864832497076	0.27613981460097303
GOTERM_MF_ALL	GO:0008237~metallopeptidase activity	4	30.76923076923077	2.8650407488531933E-4	10730, 9512, 23203, 115209	13	190	16881	27.33765182186235	0.026017703421005844	0.004384053773466179	0.3125561725258019
GOTERM_BP_ALL	GO:0016485~protein processing	4	30.76923076923077	5.490351076109342E-4	9512, 23203, 115209, 55486	13	236	16792	21.893089960886574	0.37677585705836514	0.09023577730274335	0.847526718650482
GOTERM_BP_ALL	GO:0051604~protein maturation	4	30.76923076923077	8.210057385326109E-4	9512, 23203, 115209, 55486	13	271	16792	19.065569117229632	0.5069655743669089	0.11118193267018206	1.2648652854104436
GOTERM_MF_ALL	GO:0003824~catalytic activity	11	84.61538461538461	9.977874840306805E-4	10730, 9512, 23203, 115209, 4976, 59343, 205564, 65018, 9817, 192111, 55486	13	6018	16881	2.3735332464146026	0.08775097795458675	0.013034628830406625	1.0846843652978833
GOTERM_BP_ALL	GO:0010639~negative regulation of organelle organization	4	30.76923076923077	0.0012454961189604882	115209, 4976, 65018, 55486	13	313	16792	16.507249938559845	0.6580328267357336	0.1421203903630236	1.9129626098837504
GOTERM_BP_ALL	GO:0019538~protein metabolic process	10	76.92307692307693	0.0031566312637565756	10730, 9512, 23203, 115209, 59343, 205564, 65018, 9817, 192111, 55486	13	5457	16792	2.367037397273791	0.9342672636152592	0.2884216697906712	4.7818341465391985
GOTERM_BP_ALL	GO:0033043~regulation of organelle organization	5	38.46153846153847	0.006984523604537749	115209, 4976, 65018, 55486, 55626	13	1152	16792	5.606303418803419	0.9976059635706697	0.4530935120178009	10.293527597463381
GOTERM_CC_ALL	GO:0044444~cytoplasmic part	11	84.61538461538461	0.006989021991818795	10730, 9512, 23203, 115209, 4976, 59343, 65018, 9817, 192111, 55486, 55626	13	8090	18224	1.9060948939811733	0.6093006680039285	0.05378300266329017	7.883572185800746
GOTERM_BP_ALL	GO:0006996~organelle organization	8	61.53846153846154	0.007484499935545057	10730, 23203, 115209, 4976, 5757, 65018, 55486, 55626	13	3753	16792	2.7534075303859478	0.998448279695719	0.44458269874646605	10.990978651442084
GOTERM_BP_ALL	GO:0051129~negative regulation of cellular component organization	4	30.76923076923077	0.008740423060350265	115209, 4976, 65018, 55486	13	624	16792	8.280078895463511	0.9994783873015554	0.4673454028276596	12.720641203275928
GOTERM_BP_ALL	GO:0043066~negative regulation of apoptotic process	4	30.76923076923077	0.01821324164746581	4976, 65018, 55486, 55626	13	818	16792	6.3163438028963705	0.9999998660990471	0.5848981698042739	24.789132330444975
GOTERM_BP_ALL	GO:0043069~negative regulation of programmed cell death	4	30.76923076923077	0.018873878850174292	4976, 65018, 55486, 55626	13	829	16792	6.232532244594971	0.9999999249957566	0.5782991099950501	25.569663446791203
GOTERM_BP_ALL	GO:0060548~negative regulation of cell death	4	30.76923076923077	0.0232608747189256	4976, 65018, 55486, 55626	13	897	16792	5.760054883800703	0.9999999984174357	0.5701601032509465	30.56369937935989
GOTERM_BP_ALL	GO:0012501~programmed cell death	5	38.46153846153847	0.035324968482053354	4976, 65018, 192111, 55486, 55626	13	1852	16792	3.487290247549427	0.9999999999999644	0.6317049141903835	42.72905135004827
GOTERM_BP_ALL	GO:0043170~macromolecule metabolic process	11	84.61538461538461	0.038362410059491855	10730, 9512, 23203, 115209, 5757, 59343, 205564, 65018, 9817, 192111, 55486	13	9130	16792	1.5562557924003708	0.9999999999999977	0.6396265398247862	45.460901406662266
GOTERM_BP_ALL	GO:0008219~cell death	5	38.46153846153847	0.04228602625522953	4976, 65018, 192111, 55486, 55626	13	1958	16792	3.2984992535554336	0.9999999999999999	0.6545372118227119	48.80951314101083
GOTERM_CC_ALL	GO:0098805~whole membrane	4	30.76923076923077	0.05516462269575929	4976, 65018, 192111, 55626	13	1363	18224	4.114001918844179	0.9995014329414686	0.24544054406575966	48.540891001219556
GOTERM_BP_ALL	GO:0042981~regulation of apoptotic process	4	30.76923076923077	0.07202709489190834	4976, 65018, 55486, 55626	13	1400	16792	3.690549450549451	1.0	0.768407352470907	68.60533256678846
GOTERM_BP_ALL	GO:0051128~regulation of cellular component organization	5	38.46153846153847	0.0722275904918088	115209, 4976, 65018, 55486, 55626	13	2323	16792	2.7802245107453887	1.0	0.7617425605681774	68.71029316830636
GOTERM_BP_ALL	GO:0043067~regulation of programmed cell death	4	30.76923076923077	0.07365821980630405	4976, 65018, 55486, 55626	13	1413	16792	3.656595350862867	1.0	0.7611943901016511	69.44976232692386
GOTERM_BP_ALL	GO:0048519~negative regulation of biological process	7	53.84615384615385	0.08254197533924773	115209, 4976, 59343, 65018, 9817, 55486, 55626	13	4623	16792	1.9558395314397907	1.0	0.793646855101424	73.68799635977054
GOTERM_BP_ALL	GO:0010941~regulation of cell death	4	30.76923076923077	0.08624530706017342	4976, 65018, 55486, 55626	13	1509	16792	3.423969006473977	1.0	0.7950157591921344	75.28673859774031
GOTERM_CC_ALL	GO:0016020~membrane	10	76.92307692307693	0.09333825476165084	10730, 9512, 23203, 115209, 4976, 59343, 65018, 192111, 55486, 55626	13	9462	18224	1.4815537453457555	0.9999980154176726	0.3641306369205003	68.24906396485251
GOTERM_CC_ALL	GO:0098588~bounding membrane of organelle	4	30.76923076923077	0.09977848371755357	4976, 65018, 192111, 55626	13	1742	18224	3.218934911242604	0.9999992364840663	0.3651493745842659	70.79153339509978
GOTERM_BP_ALL	GO:0016043~cellular component organization	8	61.53846153846154	0.10195403847568002	10730, 23203, 115209, 4976, 5757, 65018, 55486, 55626	13	6109	16792	1.691527003034615	1.0	0.8142579431428991	81.11085365922538
GOTERM_BP_ALL	GO:0071840~cellular component organization or biogenesis	8	61.53846153846154	0.11489912802737941	10730, 23203, 115209, 4976, 5757, 65018, 55486, 55626	13	6265	16792	1.649407575664559	1.0	0.8417616227831524	84.91713233684676
GOTERM_BP_ALL	GO:0006915~apoptotic process	4	30.76923076923077	0.12133163408299891	4976, 65018, 55486, 55626	13	1747	16792	2.9575095768570296	1.0	0.848565189888141	86.52933280804547
GOTERM_MF_ALL	GO:0046872~metal ion binding	6	46.15384615384615	0.15100248576948458	10730, 9512, 23203, 115209, 4976, 65018	13	4166	16881	1.8701946157539053	0.9999997120013059	0.8123858400285419	83.27697726516989
GOTERM_CC_ALL	GO:0016021~integral component of membrane	7	53.84615384615385	0.15612605449282912	10730, 9512, 115209, 4976, 65018, 192111, 55486	13	5872	18224	1.671138126178998	0.999999999867811	0.49807100115782943	86.2963751522678
GOTERM_MF_ALL	GO:0043169~cation binding	6	46.15384615384615	0.15668159714798396	10730, 9512, 23203, 115209, 4976, 65018	13	4213	16881	1.8493308258321315	0.9999998446808026	0.7914921002483051	84.45929775425313
GOTERM_CC_ALL	GO:0031224~intrinsic component of membrane	7	53.84615384615385	0.16751351497792072	10730, 9512, 115209, 4976, 65018, 192111, 55486	13	5981	18224	1.6406826746234873	0.9999999999785936	0.5144963923511292	88.3116841349167
GOTERM_BP_ALL	GO:0048523~negative regulation of cellular process	6	46.15384615384615	0.17036182709823966	115209, 4976, 59343, 65018, 55486, 55626	13	4300	16792	1.802361359570662	1.0	0.9092890733989132	94.46749049750017
GOTERM_MF_ALL	GO:0043167~ion binding	6	46.15384615384615	0.17849587236470243	10730, 9512, 23203, 115209, 4976, 65018	13	4386	16881	1.776386404293381	0.9999999860653204	0.806880112829184	88.32851494899842
GOTERM_CC_ALL	GO:0044425~membrane part	7	53.84615384615385	0.30151013184231895	10730, 9512, 115209, 4976, 65018, 192111, 55486	13	7057	18224	1.3905233210887171	1.0	0.7273491298020905	98.5024574441286
GOTERM_BP_ALL	GO:0051716~cellular response to stimulus	7	53.84615384615385	0.36839194854363705	4976, 59343, 65018, 9817, 192111, 55486, 55626	13	6927	16792	1.305304771740458	1.0	0.9924345893204936	99.91922069291851
GOTERM_BP_ALL	GO:0050896~response to stimulus	8	61.53846153846154	0.37640672655248775	115209, 4976, 59343, 65018, 9817, 192111, 55486, 55626	13	8329	16792	1.2406697636617197	1.0	0.992097953616391	99.93372594920572
GOTERM_BP_ALL	GO:0050794~regulation of cellular process	8	61.53846153846154	0.7282679993173553	115209, 4976, 59343, 65018, 9817, 192111, 55486, 55626	13	10489	16792	0.9851786120257854	1.0	0.9999194914211855	99.99999983009464
GOTERM_BP_ALL	GO:0050789~regulation of biological process	8	61.53846153846154	0.7882805903369616	115209, 4976, 59343, 65018, 9817, 192111, 55486, 55626	13	10922	16792	0.9461214485935234	1.0	0.999977309737243	99.99999999644768
GOTERM_BP_ALL	GO:0065007~biological regulation	8	61.53846153846154	0.8617838953526871	115209, 4976, 59343, 65018, 9817, 192111, 55486, 55626	13	11548	16792	0.8948336042205112	1.0	0.9999979683269402	99.99999999999521

Annotation Cluster 2	Enrichment Score: 1.7329157594140414
Category	Term	Count	%	PValue	Genes	List Total	Pop Hits	Pop Total	Fold Enrichment	Bonferroni	Benjamini	FDR
GOTERM_CC_ALL	GO:0044446~intracellular organelle part	13	100.0	7.195532232529816E-5	10730, 9512, 23203, 115209, 4976, 5757, 59343, 65018, 205564, 9817, 192111, 55486, 55626	13	8233	18224	2.2135309121826796	0.009596021608204497	9.637712843699742E-4	0.08421503062097102
GOTERM_CC_ALL	GO:0044422~organelle part	13	100.0	9.356002945937028E-5	10730, 9512, 23203, 115209, 4976, 5757, 59343, 65018, 205564, 9817, 192111, 55486, 55626	13	8415	18224	2.165656565656566	0.012459361820964854	0.0011391352801911614	0.10948807130922722
GOTERM_MF_ALL	GO:0003824~catalytic activity	11	84.61538461538461	9.977874840306805E-4	10730, 9512, 23203, 115209, 4976, 59343, 205564, 65018, 9817, 192111, 55486	13	6018	16881	2.3735332464146026	0.08775097795458675	0.013034628830406625	1.0846843652978833
GOTERM_CC_ALL	GO:0043231~intracellular membrane-bounded organelle	13	100.0	0.0024239202960677007	10730, 9512, 23203, 115209, 4976, 5757, 59343, 65018, 205564, 9817, 192111, 55486, 55626	13	11035	18224	1.6514725872224738	0.2776168542441829	0.02011981549719777	2.801455341083925
GOTERM_CC_ALL	GO:0044444~cytoplasmic part	11	84.61538461538461	0.006989021991818795	10730, 9512, 23203, 115209, 4976, 59343, 65018, 9817, 192111, 55486, 55626	13	8090	18224	1.9060948939811733	0.6093006680039285	0.05378300266329017	7.883572185800746
GOTERM_CC_ALL	GO:0043229~intracellular organelle	13	100.0	0.007319351182338589	10730, 9512, 23203, 115209, 4976, 5757, 59343, 65018, 205564, 9817, 192111, 55486, 55626	13	12099	18224	1.5062401851392677	0.6263366625494665	0.053220347041702865	8.241710363270249
GOTERM_CC_ALL	GO:0043227~membrane-bounded organelle	13	100.0	0.008159458678919018	10730, 9512, 23203, 115209, 4976, 5757, 59343, 65018, 205564, 9817, 192111, 55486, 55626	13	12209	18224	1.4926693422884756	0.6664133142268817	0.05614404222441838	9.146812636519607
GOTERM_CC_ALL	GO:0005737~cytoplasm	12	92.3076923076923	0.016938730052940377	10730, 9512, 23203, 115209, 4976, 5757, 59343, 65018, 9817, 192111, 55486, 55626	13	10775	18224	1.5612207745850437	0.8986558759470614	0.09882522649692682	18.128782603802684
GOTERM_CC_ALL	GO:0043226~organelle	13	100.0	0.019969309080181772	10730, 9512, 23203, 115209, 4976, 5757, 59343, 65018, 205564, 9817, 192111, 55486, 55626	13	13154	18224	1.3854340884901932	0.9329935457895658	0.11087751569356641	21.03557698362707
GOTERM_BP_ALL	GO:0044237~cellular metabolic process	12	92.3076923076923	0.02209963164484855	10730, 9512, 23203, 115209, 5757, 59343, 205564, 65018, 9817, 192111, 55486, 55626	13	10202	16792	1.5193400992263961	0.9999999955979095	0.5999824934081948	29.273196733766483
GOTERM_BP_ALL	GO:0044238~primary metabolic process	12	92.3076923076923	0.022980272326054943	10730, 9512, 23203, 115209, 5757, 59343, 205564, 65018, 9817, 192111, 55486, 55626	13	10243	16792	1.513258585600673	0.9999999979733925	0.5811741643300473	30.253896837490213
GOTERM_BP_ALL	GO:0071704~organic substance metabolic process	12	92.3076923076923	0.03526963184682398	10730, 9512, 23203, 115209, 5757, 59343, 205564, 65018, 9817, 192111, 55486, 55626	13	10707	16792	1.4476798068840657	0.9999999999999626	0.6431787138185644	42.67811502179419
GOTERM_CC_ALL	GO:0044424~intracellular part	13	100.0	0.03740578835318193	10730, 9512, 23203, 115209, 4976, 5757, 59343, 65018, 205564, 9817, 192111, 55486, 55626	13	13860	18224	1.3148629148629147	0.9939550190174793	0.18481571736310365	36.00464014824883
GOTERM_BP_ALL	GO:0043170~macromolecule metabolic process	11	84.61538461538461	0.038362410059491855	10730, 9512, 23203, 115209, 5757, 59343, 205564, 65018, 9817, 192111, 55486	13	9130	16792	1.5562557924003708	0.9999999999999977	0.6396265398247862	45.460901406662266
GOTERM_BP_ALL	GO:0008152~metabolic process	12	92.3076923076923	0.04868394936895712	10730, 9512, 23203, 115209, 5757, 59343, 205564, 65018, 9817, 192111, 55486, 55626	13	11075	16792	1.3995763153325231	1.0	0.6584597895357678	53.860377814110564
GOTERM_CC_ALL	GO:0005622~intracellular	13	100.0	0.050717851037820734	10730, 9512, 23203, 115209, 4976, 5757, 59343, 65018, 205564, 9817, 192111, 55486, 55626	13	14216	18224	1.2819358469330333	0.9990646544276748	0.23528620141279144	45.63273803230459
GOTERM_MF_ALL	GO:0005488~binding	13	100.0	0.14601439561646384	10730, 9512, 23203, 115209, 4976, 5757, 59343, 65018, 205564, 9817, 192111, 55486, 55626	13	14381	16881	1.1738404839719074	0.9999995063142554	0.8371899073772544	82.17173920946547
GOTERM_CC_ALL	GO:0044464~cell part	13	100.0	0.2922669632014327	10730, 9512, 23203, 115209, 4976, 5757, 59343, 65018, 205564, 9817, 192111, 55486, 55626	13	16449	18224	1.1079092953978964	1.0	0.7337960239684667	98.2532688223887
GOTERM_CC_ALL	GO:0005623~cell	13	100.0	0.2985126709210633	10730, 9512, 23203, 115209, 4976, 5757, 59343, 65018, 205564, 9817, 192111, 55486, 55626	13	16478	18224	1.105959461099648	1.0	0.7327906857877076	98.42546130184576
GOTERM_BP_ALL	GO:0009987~cellular process	13	100.0	0.4000190226835279	10730, 9512, 23203, 115209, 4976, 5757, 59343, 65018, 205564, 9817, 192111, 55486, 55626	13	15558	16792	1.0793161074688264	1.0	0.9936272613825438	99.96356382355047
GOTERM_BP_ALL	GO:0044699~single-organism process	11	84.61538461538461	0.5464040080021885	10730, 9512, 115209, 4976, 59343, 205564, 65018, 9817, 192111, 55486, 55626	13	13377	16792	1.062167555103191	1.0	0.9992267163529888	99.99952247669108

Annotation Cluster 3	Enrichment Score: 1.5749811002830225
Category	Term	Count	%	PValue	Genes	List Total	Pop Hits	Pop Total	Fold Enrichment	Bonferroni	Benjamini	FDR
GOTERM_CC_ALL	GO:0031974~membrane-enclosed lumen	9	69.23076923076923	0.002382876191500379	10730, 9512, 23203, 4976, 5757, 59343, 205564, 65018, 9817	13	4457	18224	2.8307416164719283	0.2736232415419084	0.021086924875923452	2.7546221024566275
GOTERM_CC_ALL	GO:0070013~intracellular organelle lumen	8	61.53846153846154	0.010625886871460242	10730, 9512, 23203, 4976, 5757, 59343, 205564, 9817	13	4328	18224	2.5912128536897483	0.7610468557782406	0.06907297643525356	11.757089271745313
GOTERM_CC_ALL	GO:0043233~organelle lumen	8	61.53846153846154	0.01167545284657277	10730, 9512, 23203, 4976, 5757, 59343, 205564, 9817	13	4400	18224	2.548811188811189	0.7927263927922769	0.07219976869440536	12.846916722828517
GOTERM_CC_ALL	GO:0005654~nucleoplasm	6	46.15384615384615	0.03440051283807124	10730, 4976, 5757, 59343, 205564, 9817	13	2996	18224	2.807435555099107	0.9908208695509145	0.17753631562114902	33.625851784843405
GOTERM_CC_ALL	GO:0031981~nuclear lumen	6	46.15384615384615	0.06870374727339809	10730, 4976, 5757, 59343, 205564, 9817	13	3592	18224	2.3416138427274285	0.9999279269942574	0.2886828031295957	56.541852598804866
GOTERM_CC_ALL	GO:0044428~nuclear part	6	46.15384615384615	0.09955504131872625	10730, 4976, 5757, 59343, 205564, 9817	13	3981	18224	2.1128050547794333	0.9999992106658271	0.37399851490587654	70.70653784579108
GOTERM_CC_ALL	GO:0005634~nucleus	8	61.53846153846154	0.1357635853740037	10730, 4976, 5757, 59343, 205564, 65018, 9817, 55486	13	7048	18224	1.5911988125381997	0.9999999967732656	0.45718873660391934	81.88348105683674

Annotation Cluster 4	Enrichment Score: 1.4025324129389274
Category	Term	Count	%	PValue	Genes	List Total	Pop Hits	Pop Total	Fold Enrichment	Bonferroni	Benjamini	FDR
GOTERM_BP_ALL	GO:0051603~proteolysis involved in cellular protein catabolic process	4	30.76923076923077	0.010068051659881413	10730, 115209, 65018, 9817	13	657	16792	7.864184521718769	0.999835487750663	0.48839082283177115	14.514838075868274
GOTERM_BP_ALL	GO:0044257~cellular protein catabolic process	4	30.76923076923077	0.011464058394894214	10730, 115209, 65018, 9817	13	689	16792	7.498939377023557	0.9999511896777994	0.4840977226746739	16.36419049439135
GOTERM_BP_ALL	GO:0030163~protein catabolic process	4	30.76923076923077	0.017799895384406957	10730, 115209, 65018, 9817	13	811	16792	6.370862183439249	0.9999998076113791	0.5973277250371001	24.296883906998158
GOTERM_BP_ALL	GO:0044265~cellular macromolecule catabolic process	4	30.76923076923077	0.02901875962412477	10730, 115209, 65018, 9817	13	976	16792	5.293820933165196	0.9999999999902606	0.6228778644186992	36.643500659043816
GOTERM_BP_ALL	GO:0044267~cellular protein metabolic process	8	61.53846153846154	0.03327166477246416	10730, 23203, 115209, 59343, 205564, 65018, 9817, 192111	13	4900	16792	2.108885400313972	0.9999999999997776	0.6467259149451274	40.81037848631443
GOTERM_BP_ALL	GO:0009057~macromolecule catabolic process	4	30.76923076923077	0.04933284676136312	10730, 115209, 65018, 9817	13	1201	16792	4.302055978991866	1.0	0.654380479314094	54.34573340514894
GOTERM_BP_ALL	GO:0044248~cellular catabolic process	4	30.76923076923077	0.10136093333752105	10730, 115209, 65018, 9817	13	1616	16792	3.1972581873571975	1.0	0.8180536650641657	80.91658317426177
GOTERM_BP_ALL	GO:1901575~organic substance catabolic process	4	30.76923076923077	0.14465232019513813	10730, 115209, 65018, 9817	13	1889	16792	2.7351875229058926	1.0	0.881800225125494	91.12160486197224
GOTERM_BP_ALL	GO:0009056~catabolic process	4	30.76923076923077	0.1661198192848496	10730, 115209, 65018, 9817	13	2012	16792	2.5679767548554824	1.0	0.9065108359773064	94.01244519651186

Annotation Cluster 5	Enrichment Score: 0.9790252626417832
Category	Term	Count	%	PValue	Genes	List Total	Pop Hits	Pop Total	Fold Enrichment	Bonferroni	Benjamini	FDR
GOTERM_BP_ALL	GO:0007005~mitochondrion organization	7	53.84615384615385	2.5557929457779785E-6	10730, 23203, 115209, 4976, 65018, 55486, 55626	13	653	16792	13.846625044174814	0.0021981211240008625	0.0021981211240008625	0.00396094277236303
GOTERM_BP_ALL	GO:0010821~regulation of mitochondrion organization	5	38.46153846153847	1.5305785196552217E-5	115209, 4976, 65018, 55486, 55626	13	229	16792	28.202888814242527	0.013091927226724032	0.003289174252353644	0.023718563096541967
GOTERM_CC_ALL	GO:0005741~mitochondrial outer membrane	4	30.76923076923077	1.4564857548023507E-4	4976, 65018, 192111, 55626	13	163	18224	34.401132609721564	0.019329081220643696	0.0016252054674155136	0.17039686207142024
GOTERM_CC_ALL	GO:0031968~organelle outer membrane	4	30.76923076923077	2.15063761457925E-4	4976, 65018, 192111, 55626	13	186	18224	30.14722911497105	0.028410261536004455	0.00221459365270793	0.2515134483849546
GOTERM_CC_ALL	GO:0019867~outer membrane	4	30.76923076923077	2.3614788957474693E-4	4976, 65018, 192111, 55626	13	192	18224	29.205128205128208	0.03115201158833214	0.0022579864832497076	0.27613981460097303
GOTERM_BP_ALL	GO:1902532~negative regulation of intracellular signal transduction	4	30.76923076923077	0.0036005068725029135	4976, 59343, 65018, 55486	13	454	16792	11.380548966452052	0.9552037433801512	0.2918292753525422	5.436822848463074
GOTERM_BP_ALL	GO:0033043~regulation of organelle organization	5	38.46153846153847	0.006984523604537749	115209, 4976, 65018, 55486, 55626	13	1152	16792	5.606303418803419	0.9976059635706697	0.4530935120178009	10.293527597463381
GOTERM_BP_ALL	GO:0072594~establishment of protein localization to organelle	4	30.76923076923077	0.010449777963291914	23203, 65018, 9817, 55486	13	666	16792	7.757911757911758	0.9998819731700666	0.4758842678762919	15.02429193011009
GOTERM_BP_ALL	GO:0006605~protein targeting	4	30.76923076923077	0.012015547431514496	23203, 65018, 9817, 55486	13	701	16792	7.3705695160759355	0.9999698112577106	0.4782165334433276	17.084405445548732
GOTERM_BP_ALL	GO:0046907~intracellular transport	5	38.46153846153847	0.021497483707413247	23203, 4976, 65018, 9817, 55486	13	1594	16792	4.051732458256925	0.9999999925211261	0.607633599439693	28.5952225430238
GOTERM_BP_ALL	GO:0033365~protein localization to organelle	4	30.76923076923077	0.023604156973174424	23203, 65018, 9817, 55486	13	902	16792	5.728125533003582	0.9999999988307197	0.5607449681414352	30.940953643875226
GOTERM_BP_ALL	GO:0006886~intracellular protein transport	4	30.76923076923077	0.03253582880046381	23203, 65018, 9817, 55486	13	1020	16792	5.065460030165913	0.9999999999995718	0.6517327652745779	40.10827522587643
GOTERM_BP_ALL	GO:0012501~programmed cell death	5	38.46153846153847	0.035324968482053354	4976, 65018, 192111, 55486, 55626	13	1852	16792	3.487290247549427	0.9999999999999644	0.6317049141903835	42.72905135004827
GOTERM_BP_ALL	GO:0015031~protein transport	5	38.46153846153847	0.035823689790926934	23203, 59343, 65018, 9817, 55486	13	1860	16792	3.4722911497105047	0.9999999999999771	0.6252775936243103	43.18620833253759
GOTERM_BP_ALL	GO:0009968~negative regulation of signal transduction	4	30.76923076923077	0.038498450990856734	4976, 59343, 65018, 55486	13	1089	16792	4.74450801723529	0.9999999999999979	0.6299729054422836	45.580355695635866
GOTERM_BP_ALL	GO:0008219~cell death	5	38.46153846153847	0.04228602625522953	4976, 65018, 192111, 55486, 55626	13	1958	16792	3.2984992535554336	0.9999999999999999	0.6545372118227119	48.80951314101083
GOTERM_BP_ALL	GO:0051649~establishment of localization in cell	5	38.46153846153847	0.04554671957966116	23203, 4976, 65018, 9817, 55486	13	2004	16792	3.222785198833103	1.0	0.6720562872169411	51.44498079401072
GOTERM_BP_ALL	GO:0045184~establishment of protein localization	5	38.46153846153847	0.04678884819562677	23203, 59343, 65018, 9817, 55486	13	2021	16792	3.195676169451528	1.0	0.672112340137643	52.415121012448985
GOTERM_BP_ALL	GO:0010648~negative regulation of cell communication	4	30.76923076923077	0.047394854728477896	4976, 59343, 65018, 55486	13	1182	16792	4.371209163087336	1.0	0.6671786121656789	52.88182092387061
GOTERM_BP_ALL	GO:0023057~negative regulation of signaling	4	30.76923076923077	0.047799476927443886	4976, 59343, 65018, 55486	13	1186	16792	4.35646646776495	1.0	0.6608523048852084	53.19104229347238
GOTERM_BP_ALL	GO:0010467~gene expression	8	61.53846153846154	0.050551642855843563	9512, 23203, 115209, 5757, 59343, 65018, 9817, 55486	13	5306	16792	1.9475194989706865	1.0	0.6547269979515261	55.24447167571947
GOTERM_CC_ALL	GO:0098805~whole membrane	4	30.76923076923077	0.05516462269575929	4976, 65018, 192111, 55626	13	1363	18224	4.114001918844179	0.9995014329414686	0.24544054406575966	48.540891001219556
GOTERM_BP_ALL	GO:0048585~negative regulation of response to stimulus	4	30.76923076923077	0.06820955123391985	4976, 59343, 65018, 55486	13	1369	16792	3.774119233578693	1.0	0.7569746597696938	66.54288301422069
GOTERM_BP_ALL	GO:0051128~regulation of cellular component organization	5	38.46153846153847	0.0722275904918088	115209, 4976, 65018, 55486, 55626	13	2323	16792	2.7802245107453887	1.0	0.7617425605681774	68.71029316830636
GOTERM_BP_ALL	GO:0048519~negative regulation of biological process	7	53.84615384615385	0.08254197533924773	115209, 4976, 59343, 65018, 9817, 55486, 55626	13	4623	16792	1.9558395314397907	1.0	0.793646855101424	73.68799635977054
GOTERM_BP_ALL	GO:0008104~protein localization	5	38.46153846153847	0.08462853397522743	23203, 59343, 65018, 9817, 55486	13	2448	16792	2.63826043237808	1.0	0.7952835071347522	74.60028769733134
GOTERM_BP_ALL	GO:0051641~cellular localization	5	38.46153846153847	0.09455706448438235	23203, 4976, 65018, 9817, 55486	13	2541	16792	2.5417007235189053	1.0	0.8192210427645235	78.55011613730922
GOTERM_BP_ALL	GO:0034613~cellular protein localization	4	30.76923076923077	0.09903021802434203	23203, 65018, 9817, 55486	13	1600	16792	3.229230769230769	1.0	0.8280500564111192	80.13491076116793
GOTERM_CC_ALL	GO:0098588~bounding membrane of organelle	4	30.76923076923077	0.09977848371755357	4976, 65018, 192111, 55626	13	1742	18224	3.218934911242604	0.9999992364840663	0.3651493745842659	70.79153339509978
GOTERM_BP_ALL	GO:1902589~single-organism organelle organization	4	30.76923076923077	0.10077597810593077	115209, 4976, 65018, 55626	13	1612	16792	3.205191830502004	1.0	0.8277501370983711	80.72315270589522
GOTERM_BP_ALL	GO:0070727~cellular macromolecule localization	4	30.76923076923077	0.1009220750098882	23203, 65018, 9817, 55486	13	1613	16792	3.2032047307930758	1.0	0.8224074986744287	80.77163449570224
GOTERM_BP_ALL	GO:0071702~organic substance transport	5	38.46153846153847	0.10776544146008994	23203, 59343, 65018, 9817, 55486	13	2657	16792	2.4307344894473237	1.0	0.8267731337712562	82.9189398601732
GOTERM_BP_ALL	GO:1902531~regulation of intracellular signal transduction	4	30.76923076923077	0.11615538197744164	4976, 59343, 65018, 55486	13	1714	16792	3.0144511264697966	1.0	0.840059001287029	85.24551989159319
GOTERM_BP_ALL	GO:0033554~cellular response to stress	4	30.76923076923077	0.12547642765855999	4976, 59343, 65018, 55626	13	1773	16792	2.914139442058224	1.0	0.8539769839751742	87.48116179696235
GOTERM_BP_ALL	GO:0033036~macromolecule localization	5	38.46153846153847	0.12744229740746002	23203, 59343, 65018, 9817, 55486	13	2817	16792	2.292673602577756	1.0	0.8540096734724884	87.91026831730008
GOTERM_BP_ALL	GO:0065009~regulation of molecular function	5	38.46153846153847	0.13340243788411643	59343, 65018, 9817, 192111, 55626	13	2863	16792	2.2558370724629895	1.0	0.8630805674997574	89.12865441726254
GOTERM_CC_ALL	GO:0005634~nucleus	8	61.53846153846154	0.1357635853740037	10730, 4976, 5757, 59343, 205564, 65018, 9817, 55486	13	7048	18224	1.5911988125381997	0.9999999967732656	0.45718873660391934	81.88348105683674
GOTERM_BP_ALL	GO:0006796~phosphate-containing compound metabolic process	5	38.46153846153847	0.16368052700035876	9512, 59343, 65018, 192111, 55626	13	3083	16792	2.0948626462736097	1.0	0.9097050160027309	93.73516205945536
GOTERM_BP_ALL	GO:0006793~phosphorus metabolic process	5	38.46153846153847	0.16454573494534597	9512, 59343, 65018, 192111, 55626	13	3089	16792	2.090793634982693	1.0	0.9075779039765731	93.83485973656698
GOTERM_BP_ALL	GO:0048523~negative regulation of cellular process	6	46.15384615384615	0.17036182709823966	115209, 4976, 59343, 65018, 55486, 55626	13	4300	16792	1.802361359570662	1.0	0.9092890733989132	94.46749049750017
GOTERM_BP_ALL	GO:0050793~regulation of developmental process	4	30.76923076923077	0.1875101586525521	115209, 4976, 65018, 9817	13	2129	16792	2.426852621310113	1.0	0.9278666717385244	95.99740726013256
GOTERM_BP_ALL	GO:0006810~transport	6	46.15384615384615	0.21976203632012675	23203, 4976, 59343, 65018, 9817, 55486	13	4663	16792	1.6620531516521224	1.0	0.9506753994624989	97.86344092853071
GOTERM_BP_ALL	GO:0051234~establishment of localization	6	46.15384615384615	0.23835249526365396	23203, 4976, 59343, 65018, 9817, 55486	13	4790	16792	1.6179861891761682	1.0	0.961454365495089	98.52971497353501
GOTERM_BP_ALL	GO:0006950~response to stress	5	38.46153846153847	0.25799874457053423	115209, 4976, 59343, 65018, 55626	13	3677	16792	1.7564486098617185	1.0	0.9703868324019923	99.01936667968978
GOTERM_BP_ALL	GO:0051246~regulation of protein metabolic process	4	30.76923076923077	0.2627535561330635	59343, 65018, 9817, 55486	13	2512	16792	2.0568348848603626	1.0	0.9711825388709627	99.11236090818952
GOTERM_BP_ALL	GO:0035556~intracellular signal transduction	4	30.76923076923077	0.29275238904535633	4976, 59343, 65018, 55486	13	2657	16792	1.9445875915578588	1.0	0.9802392548412402	99.53373744534545
GOTERM_BP_ALL	GO:0009966~regulation of signal transduction	4	30.76923076923077	0.3076400555729516	4976, 59343, 65018, 55486	13	2728	16792	1.8939769907511843	1.0	0.9836084236492808	99.66469951966279
GOTERM_BP_ALL	GO:0031325~positive regulation of cellular metabolic process	4	30.76923076923077	0.3311049076685484	59343, 65018, 9817, 55626	13	2839	16792	1.8199257593410465	1.0	0.9875082475279584	99.80349868479668
GOTERM_BP_ALL	GO:0048856~anatomical structure development	6	46.15384615384615	0.3473852080287594	115209, 4976, 59343, 65018, 9817, 55626	13	5473	16792	1.4160704999367526	1.0	0.9898784965425527	99.86587249403082
GOTERM_BP_ALL	GO:0051716~cellular response to stimulus	7	53.84615384615385	0.36839194854363705	4976, 59343, 65018, 9817, 192111, 55486, 55626	13	6927	16792	1.305304771740458	1.0	0.9924345893204936	99.91922069291851
GOTERM_BP_ALL	GO:0010646~regulation of cell communication	4	30.76923076923077	0.3696643530602165	4976, 59343, 65018, 55486	13	3020	16792	1.7108507386653082	1.0	0.9921385145336552	99.9217062717208
GOTERM_BP_ALL	GO:0032502~developmental process	6	46.15384615384615	0.3743688539287292	115209, 4976, 59343, 65018, 9817, 55626	13	5632	16792	1.3760926573426575	1.0	0.9922890169661349	99.93028864731704
GOTERM_BP_ALL	GO:0050896~response to stimulus	8	61.53846153846154	0.37640672655248775	115209, 4976, 59343, 65018, 9817, 192111, 55486, 55626	13	8329	16792	1.2406697636617197	1.0	0.992097953616391	99.93372594920572
GOTERM_BP_ALL	GO:0009893~positive regulation of metabolic process	4	30.76923076923077	0.37649772775678225	59343, 65018, 9817, 55626	13	3052	16792	1.6929125919951609	1.0	0.991647239402916	99.93387567989215
GOTERM_BP_ALL	GO:0023051~regulation of signaling	4	30.76923076923077	0.3803416471068435	4976, 59343, 65018, 55486	13	3070	16792	1.6829867201202706	1.0	0.9916994618631572	99.93991898867493
GOTERM_BP_ALL	GO:0051179~localization	6	46.15384615384615	0.4157396137489432	23203, 4976, 59343, 65018, 9817, 55486	13	5872	16792	1.3198490882414589	1.0	0.994794574852623	99.97585525807442
GOTERM_BP_ALL	GO:0048522~positive regulation of cellular process	5	38.46153846153847	0.4530716493025384	4976, 59343, 65018, 9817, 55626	13	4744	16792	1.361395771176547	1.0	0.9970846022464026	99.99132246401518
GOTERM_BP_ALL	GO:0065008~regulation of biological quality	4	30.76923076923077	0.4813623481290136	115209, 59343, 65018, 9817	13	3548	16792	1.4562483739484868	1.0	0.998128459031696	99.99619013929531
GOTERM_BP_ALL	GO:0048583~regulation of response to stimulus	4	30.76923076923077	0.4995067002427421	4976, 59343, 65018, 55486	13	3636	16792	1.421003638825421	1.0	0.9984626955789859	99.9978060960786
GOTERM_BP_ALL	GO:0030154~cell differentiation	4	30.76923076923077	0.502783567466013	4976, 59343, 9817, 55626	13	3652	16792	1.414777993091246	1.0	0.9984490477989719	99.99801845264729
GOTERM_BP_ALL	GO:0044699~single-organism process	11	84.61538461538461	0.5464040080021885	10730, 9512, 115209, 4976, 59343, 205564, 65018, 9817, 192111, 55486, 55626	13	13377	16792	1.062167555103191	1.0	0.9992267163529888	99.99952247669108
GOTERM_BP_ALL	GO:0048518~positive regulation of biological process	5	38.46153846153847	0.5523775893664992	4976, 59343, 65018, 9817, 55626	13	5285	16792	1.2220362419037916	1.0	0.9992601981697723	99.99961116485721
GOTERM_MF_ALL	GO:0005515~protein binding	9	69.23076923076923	0.5545191614182525	4976, 5757, 59343, 205564, 65018, 9817, 192111, 55486, 55626	13	10806	16881	1.0815145432024942	1.0	0.9979690968247228	99.98542806644417
GOTERM_BP_ALL	GO:0048869~cellular developmental process	4	30.76923076923077	0.5704885672931876	4976, 59343, 9817, 55626	13	3992	16792	1.29428086943117	1.0	0.9994037603852871	99.99979499094238
GOTERM_BP_ALL	GO:0044763~single-organism cellular process	10	76.92307692307693	0.5858531299606817	9512, 115209, 4976, 59343, 205564, 65018, 9817, 192111, 55486, 55626	13	12256	16792	1.053926491263306	1.0	0.9994945255111631	99.99988343011772
GOTERM_BP_ALL	GO:0007165~signal transduction	5	38.46153846153847	0.6367640938430986	4976, 59343, 65018, 192111, 55486	13	5775	16792	1.1183483183483183	1.0	0.9998218777599143	99.99998473409478
GOTERM_BP_ALL	GO:0080090~regulation of primary metabolic process	5	38.46153846153847	0.6405432551825901	59343, 65018, 9817, 55486, 55626	13	5798	16792	1.1139119590309656	1.0	0.9997904600333132	99.99998701841587
GOTERM_BP_ALL	GO:0031323~regulation of cellular metabolic process	5	38.46153846153847	0.6480466321741349	59343, 65018, 9817, 55486, 55626	13	5844	16792	1.1051440004212079	1.0	0.9997928612964937	99.99999063859892
GOTERM_BP_ALL	GO:0044707~single-multicellular organism process	5	38.46153846153847	0.6639396693687553	115209, 4976, 59343, 9817, 55626	13	5943	16792	1.0867342316105568	1.0	0.9998183937640232	99.9999954256948
GOTERM_BP_ALL	GO:0019222~regulation of metabolic process	5	38.46153846153847	0.6991415843617983	59343, 65018, 9817, 55486, 55626	13	6171	16792	1.0465826508607259	1.0	0.9998851154551567	99.99999917669957
GOTERM_BP_ALL	GO:0044700~single organism signaling	5	38.46153846153847	0.7045132482021302	4976, 59343, 65018, 192111, 55486	13	6207	16792	1.0405125726537037	1.0	0.9998913721632933	99.9999993772723
GOTERM_BP_ALL	GO:0023052~signaling	5	38.46153846153847	0.7123259128016619	4976, 59343, 65018, 192111, 55486	13	6260	16792	1.0317031211599903	1.0	0.9999036753550584	99.99999958890558
GOTERM_BP_ALL	GO:0007154~cell communication	5	38.46153846153847	0.7145161772038471	4976, 59343, 65018, 192111, 55486	13	6275	16792	1.0292368985596076	1.0	0.999901454171674	99.99999963482641
GOTERM_BP_ALL	GO:0007275~multicellular organism development	4	30.76923076923077	0.723672519231212	4976, 59343, 9817, 55626	13	4877	16792	1.0594154666330184	1.0	0.9999159980738334	99.99999977966428
GOTERM_BP_ALL	GO:0050794~regulation of cellular process	8	61.53846153846154	0.7282679993173553	115209, 4976, 59343, 65018, 9817, 192111, 55486, 55626	13	10489	16792	0.9851786120257854	1.0	0.9999194914211855	99.99999983009464
GOTERM_BP_ALL	GO:0050789~regulation of biological process	8	61.53846153846154	0.7882805903369616	115209, 4976, 59343, 65018, 9817, 192111, 55486, 55626	13	10922	16792	0.9461214485935234	1.0	0.999977309737243	99.99999999644768
GOTERM_BP_ALL	GO:0044767~single-organism developmental process	4	30.76923076923077	0.8046936553770572	4976, 59343, 9817, 55626	13	5475	16792	0.9437021426062523	1.0	0.9999844621129621	99.99999999898284
GOTERM_BP_ALL	GO:0032501~multicellular organismal process	5	38.46153846153847	0.8119430428204506	115209, 4976, 59343, 9817, 55626	13	7027	16792	0.919092292366805	1.0	0.9999868640246584	99.99999999943402
GOTERM_BP_ALL	GO:0060255~regulation of macromolecule metabolic process	4	30.76923076923077	0.842508770944564	59343, 65018, 9817, 55486	13	5815	16792	0.8885243733051129	1.0	0.9999956131478661	99.99999999996379
GOTERM_BP_ALL	GO:0065007~biological regulation	8	61.53846153846154	0.8617838953526871	115209, 4976, 59343, 65018, 9817, 192111, 55486, 55626	13	11548	16792	0.8948336042205112	1.0	0.9999979683269402	99.99999999999521

Annotation Cluster 6	Enrichment Score: 0.8461984061549269
Category	Term	Count	%	PValue	Genes	List Total	Pop Hits	Pop Total	Fold Enrichment	Bonferroni	Benjamini	FDR
GOTERM_BP_ALL	GO:0032446~protein modification by small protein conjugation	4	30.76923076923077	0.02258284985766618	59343, 205564, 65018, 9817	13	887	16792	5.824993495793947	0.9999999971236528	0.5909602503504536	29.812904498905358
GOTERM_BP_ALL	GO:0044267~cellular protein metabolic process	8	61.53846153846154	0.03327166477246416	10730, 23203, 115209, 59343, 205564, 65018, 9817, 192111	13	4900	16792	2.108885400313972	0.9999999999997776	0.6467259149451274	40.81037848631443
GOTERM_BP_ALL	GO:0070647~protein modification by small protein conjugation or removal	4	30.76923076923077	0.03353359511142416	59343, 205564, 65018, 9817	13	1032	16792	5.006559332140728	0.9999999999998239	0.6367546376244708	41.05843753172604
GOTERM_BP_ALL	GO:0065009~regulation of molecular function	5	38.46153846153847	0.13340243788411643	59343, 65018, 9817, 192111, 55626	13	2863	16792	2.2558370724629895	1.0	0.8630805674997574	89.12865441726254
GOTERM_BP_ALL	GO:0044260~cellular macromolecule metabolic process	9	69.23076923076923	0.19272651951441724	10730, 23203, 115209, 5757, 59343, 205564, 65018, 9817, 192111	13	8387	16792	1.386101200575983	1.0	0.9308519619449842	96.37766146911929
GOTERM_BP_ALL	GO:0006464~cellular protein modification process	5	38.46153846153847	0.2825084753758762	59343, 205564, 65018, 9817, 192111	13	3818	16792	1.6915823830438814	1.0	0.9778804350599801	99.41733200488196
GOTERM_BP_ALL	GO:0036211~protein modification process	5	38.46153846153847	0.2825084753758762	59343, 205564, 65018, 9817, 192111	13	3818	16792	1.6915823830438814	1.0	0.9778804350599801	99.41733200488196
GOTERM_BP_ALL	GO:0043412~macromolecule modification	5	38.46153846153847	0.32680421426076944	59343, 205564, 65018, 9817, 192111	13	4065	16792	1.588797426435803	1.0	0.9873250770509718	99.78297848280589
GOTERM_BP_ALL	GO:0051716~cellular response to stimulus	7	53.84615384615385	0.36839194854363705	4976, 59343, 65018, 9817, 192111, 55486, 55626	13	6927	16792	1.305304771740458	1.0	0.9924345893204936	99.91922069291851
GOTERM_MF_ALL	GO:0005515~protein binding	9	69.23076923076923	0.5545191614182525	4976, 5757, 59343, 205564, 65018, 9817, 192111, 55486, 55626	13	10806	16881	1.0815145432024942	1.0	0.9979690968247228	99.98542806644417

Annotation Cluster 7	Enrichment Score: 0.239334924816705
Category	Term	Count	%	PValue	Genes	List Total	Pop Hits	Pop Total	Fold Enrichment	Bonferroni	Benjamini	FDR
GOTERM_BP_ALL	GO:0010467~gene expression	8	61.53846153846154	0.050551642855843563	9512, 23203, 115209, 5757, 59343, 65018, 9817, 55486	13	5306	16792	1.9475194989706865	1.0	0.6547269979515261	55.24447167571947
GOTERM_CC_ALL	GO:0005634~nucleus	8	61.53846153846154	0.1357635853740037	10730, 4976, 5757, 59343, 205564, 65018, 9817, 55486	13	7048	18224	1.5911988125381997	0.9999999967732656	0.45718873660391934	81.88348105683674
GOTERM_BP_ALL	GO:0006351~transcription, DNA-templated	4	30.76923076923077	0.4931378765795653	5757, 59343, 65018, 9817	13	3605	16792	1.4332230875920198	1.0	0.9983863703768383	99.99733113254472
GOTERM_BP_ALL	GO:0097659~nucleic acid-templated transcription	4	30.76923076923077	0.5269194476578762	5757, 59343, 65018, 9817	13	3771	16792	1.3701323868388309	1.0	0.9989467200976232	99.99908360494608
GOTERM_BP_ALL	GO:0032774~RNA biosynthetic process	4	30.76923076923077	0.5535472748651515	5757, 59343, 65018, 9817	13	3905	16792	1.323116320299419	1.0	0.999221414970304	99.99962661725613
GOTERM_BP_ALL	GO:0034654~nucleobase-containing compound biosynthetic process	4	30.76923076923077	0.6381592031437264	5757, 59343, 65018, 9817	13	4357	16792	1.1858547695132502	1.0	0.999812341356878	99.99998561793157
GOTERM_BP_ALL	GO:0006139~nucleobase-containing compound metabolic process	5	38.46153846153847	0.6398873138848297	9512, 5757, 59343, 65018, 9817	13	5794	16792	1.1146809697034068	1.0	0.9998040389698718	99.99998664638319
GOTERM_BP_ALL	GO:0018130~heterocycle biosynthetic process	4	30.76923076923077	0.6476620188215592	5757, 59343, 65018, 9817	13	4411	16792	1.1713373907887623	1.0	0.9998072175101284	99.99999047878863
GOTERM_BP_ALL	GO:0019438~aromatic compound biosynthetic process	4	30.76923076923077	0.6499290054306257	5757, 59343, 65018, 9817	13	4424	16792	1.167895395743497	1.0	0.9997852427115692	99.99999138519166
GOTERM_BP_ALL	GO:0046483~heterocycle metabolic process	5	38.46153846153847	0.660119466046091	9512, 5757, 59343, 65018, 9817	13	5919	16792	1.0911406552562153	1.0	0.9998165029659244	99.99999454987591
GOTERM_BP_ALL	GO:0006725~cellular aromatic compound metabolic process	5	38.46153846153847	0.6674228343088217	9512, 5757, 59343, 65018, 9817	13	5965	16792	1.082726159004449	1.0	0.9998189820511183	99.9999961077692
GOTERM_BP_ALL	GO:1901362~organic cyclic compound biosynthetic process	4	30.76923076923077	0.6689520579457977	5757, 59343, 65018, 9817	13	4535	16792	1.1393096429480114	1.0	0.9998112397968613	99.99999637608158
GOTERM_BP_ALL	GO:0016070~RNA metabolic process	4	30.76923076923077	0.6876917505073858	5757, 59343, 65018, 9817	13	4648	16792	1.111611280285979	1.0	0.9998698001995266	99.99999853121244
GOTERM_BP_ALL	GO:1901360~organic cyclic compound metabolic process	5	38.46153846153847	0.6958333022175346	9512, 5757, 59343, 65018, 9817	13	6149	16792	1.0503271326169359	1.0	0.9998847647562484	99.99999902463544
GOTERM_BP_ALL	GO:0044271~cellular nitrogen compound biosynthetic process	4	30.76923076923077	0.734127542985046	5757, 59343, 65018, 9817	13	4947	16792	1.044424748487817	1.0	0.9999255214386005	99.9999998788066
GOTERM_BP_ALL	GO:0034645~cellular macromolecule biosynthetic process	4	30.76923076923077	0.7436055799961638	5757, 59343, 65018, 9817	13	5012	16792	1.0308797347903493	1.0	0.9999377743788197	99.99999993095163
GOTERM_BP_ALL	GO:0034641~cellular nitrogen compound metabolic process	5	38.46153846153847	0.7469211154934108	9512, 5757, 59343, 65018, 9817	13	6505	16792	0.9928457399633418	1.0	0.9999385457438935	99.99999994356514
GOTERM_BP_ALL	GO:0090304~nucleic acid metabolic process	4	30.76923076923077	0.7640838426848737	5757, 59343, 65018, 9817	13	5158	16792	1.0017001222894981	1.0	0.9999593272254305	99.99999998099446
GOTERM_BP_ALL	GO:0009059~macromolecule biosynthetic process	4	30.76923076923077	0.7663953075394982	5757, 59343, 65018, 9817	13	5175	16792	0.9984095131921219	1.0	0.9999587882392083	99.99999998368422
GOTERM_BP_ALL	GO:0006807~nitrogen compound metabolic process	5	38.46153846153847	0.8028764817606756	9512, 5757, 59343, 65018, 9817	13	6948	16792	0.9295425357601523	1.0	0.9999848395292936	99.99999999882586
GOTERM_BP_ALL	GO:0044249~cellular biosynthetic process	4	30.76923076923077	0.8714390843351094	5757, 59343, 65018, 9817	13	6118	16792	0.8445193250685242	1.0	0.9999986049119518	99.99999999999845
GOTERM_BP_ALL	GO:1901576~organic substance biosynthetic process	4	30.76923076923077	0.8808047906655873	5757, 59343, 65018, 9817	13	6227	16792	0.82973650726983	1.0	0.9999990566169121	99.99999999999952
GOTERM_BP_ALL	GO:0009058~biosynthetic process	4	30.76923076923077	0.8883787429396703	5757, 59343, 65018, 9817	13	6320	16792	0.817526777020448	1.0	0.9999993154357718	99.99999999999983

