Annotation Cluster 1	Enrichment Score: 2.216307891497659
Category	Term	Count	%	PValue	Genes	List Total	Pop Hits	Pop Total	Fold Enrichment	Bonferroni	Benjamini	FDR
GOTERM_BP_ALL	GO:0036500~ATF6-mediated unfolded protein response	5	71.42857142857143	9.50621232278492E-13	811, 7494, 22926, 3309, 7184	7	10	16792	1199.4285714285713	9.790901422945808E-10	9.790901422945808E-10	1.5075385384477613E-9
GOTERM_BP_ALL	GO:0030968~endoplasmic reticulum unfolded protein response	6	85.71428571428571	1.6585916442846942E-10	811, 7494, 2081, 22926, 3309, 7184	7	132	16792	109.03896103896102	1.7083497716452456E-7	8.541749219048711E-8	2.6303995648291334E-7
GOTERM_BP_ALL	GO:0034620~cellular response to unfolded protein	6	85.71428571428571	1.8587521043702598E-10	811, 7494, 2081, 22926, 3309, 7184	7	135	16792	106.61587301587299	1.9145144192211916E-7	6.381715134118338E-8	2.9478377516767296E-7
GOTERM_BP_ALL	GO:0035967~cellular response to topologically incorrect protein	6	85.71428571428571	3.0638558039174516E-10	811, 7494, 2081, 22926, 3309, 7184	7	149	16792	96.59827420901246	3.155771013396702E-7	7.889428466079096E-8	4.859039726134995E-7
GOTERM_BP_ALL	GO:0006986~response to unfolded protein	6	85.71428571428571	6.330701531546617E-10	811, 7494, 2081, 22926, 3309, 7184	7	172	16792	83.68106312292358	6.52062044026458E-7	1.3041244284472953E-7	1.004000560467233E-6
GOTERM_BP_ALL	GO:0006984~ER-nucleus signaling pathway	5	71.42857142857143	6.722348020985898E-10	811, 7494, 22926, 3309, 7184	7	45	16792	266.5396825396826	6.924016285880796E-7	1.1540030475654106E-7	1.0661127203270837E-6
GOTERM_BP_ALL	GO:0035966~response to topologically incorrect protein	6	85.71428571428571	9.918280477150863E-10	811, 7494, 2081, 22926, 3309, 7184	7	188	16792	76.55927051671732	1.0215823846859706E-6	1.4594040453896895E-7	1.5729630153948904E-6
GOTERM_BP_ALL	GO:0034976~response to endoplasmic reticulum stress	6	85.71428571428571	6.021357362657943E-9	811, 7494, 2081, 22926, 3309, 7184	7	269	16792	53.506107275624	6.201978921427376E-6	7.752494687318645E-7	9.549409296649713E-6
GOTERM_CC_ALL	GO:0005789~endoplasmic reticulum membrane	7	100.0	2.6751938082891416E-8	811, 7494, 2081, 22926, 3309, 7184, 10280	7	999	18224	18.24224224224224	3.611505171585705E-6	3.611505171585705E-6	3.1363184660460064E-5
GOTERM_CC_ALL	GO:0042175~nuclear outer membrane-endoplasmic reticulum membrane network	7	100.0	3.0497047481917414E-8	811, 7494, 2081, 22926, 3309, 7184, 10280	7	1021	18224	17.849167482859944	4.117092992306226E-6	2.0585486150137555E-6	3.575383986653691E-5
GOTERM_CC_ALL	GO:0030176~integral component of endoplasmic reticulum membrane	5	71.42857142857143	6.01990733820998E-8	811, 7494, 2081, 22926, 3309	7	147	18224	88.55199222546162	8.126842129696499E-6	2.7089547149916626E-6	7.057560872381075E-5
GOTERM_CC_ALL	GO:0031227~intrinsic component of endoplasmic reticulum membrane	5	71.42857142857143	6.888034541058319E-8	811, 7494, 2081, 22926, 3309	7	152	18224	85.6390977443609	9.298803718804649E-6	2.3247090360500877E-6	8.075327089240858E-5
GOTERM_CC_ALL	GO:0044432~endoplasmic reticulum part	7	100.0	7.171510375897847E-8	811, 7494, 2081, 22926, 3309, 7184, 10280	7	1177	18224	15.483432455395072	9.681492486701693E-6	1.9363059958754647E-6	8.407665605947301E-5
GOTERM_CC_ALL	GO:0005783~endoplasmic reticulum	7	100.0	5.665198069118213E-7	811, 7494, 2081, 22926, 3309, 7184, 10280	7	1660	18224	10.978313253012049	7.647727106707691E-5	1.2746618028303125E-5	6.641692210651584E-4
GOTERM_BP_ALL	GO:0012501~programmed cell death	7	100.0	1.786892144352726E-6	811, 7494, 2081, 22926, 3309, 7184, 10280	7	1852	16792	9.06695464362851	0.0018388078705586786	2.0447915274124373E-4	0.002833835880344804
GOTERM_BP_ALL	GO:0008219~cell death	7	100.0	2.496429836930947E-6	811, 7494, 2081, 22926, 3309, 7184, 10280	7	1958	16792	8.576098059244126	0.002568022914750223	2.57099538411798E-4	0.003959072277293085
GOTERM_BP_ALL	GO:0042981~regulation of apoptotic process	6	85.71428571428571	2.2349384196864405E-5	811, 7494, 22926, 3309, 7184, 10280	7	1400	16792	10.280816326530612	0.022757181449107322	0.0020905502011336896	0.0354385194943907
GOTERM_BP_ALL	GO:0043067~regulation of programmed cell death	6	85.71428571428571	2.3391796037205222E-5	811, 7494, 22926, 3309, 7184, 10280	7	1413	16792	10.186229905975129	0.02380589251019749	0.0020058049890304686	0.037091142767764484
GOTERM_BP_ALL	GO:0010941~regulation of cell death	6	85.71428571428571	3.234178411724913E-5	811, 7494, 22926, 3309, 7184, 10280	7	1509	16792	9.538199375177506	0.03276382280931278	0.0025592254565892647	0.05127925918464449
GOTERM_BP_ALL	GO:0006457~protein folding	4	57.14285714285714	4.8571809631558546E-5	811, 22926, 3309, 7184	7	229	16792	41.901434809731754	0.048799282179468606	0.003567206558554026	0.0770033621938837
GOTERM_BP_ALL	GO:0006915~apoptotic process	6	85.71428571428571	6.646520532176486E-5	7494, 2081, 22926, 3309, 7184, 10280	7	1747	16792	8.23877667838744	0.06617052900584963	0.004553696119781292	0.10535666748621164
GOTERM_BP_ALL	GO:0033554~cellular response to stress	6	85.71428571428571	7.146542653885795E-5	811, 7494, 2081, 22926, 3309, 7184	7	1773	16792	8.11795987430505	0.07096792995334245	0.004590183988737229	0.11327851122550081
GOTERM_MF_ALL	GO:0019899~enzyme binding	6	85.71428571428571	7.277631550606315E-5	811, 7494, 2081, 22926, 3309, 7184	7	1789	16881	8.08799808352631	0.009777050920574126	0.009777050920574126	0.0852875363026695
GOTERM_CC_ALL	GO:0012505~endomembrane system	7	100.0	9.256812212374639E-5	811, 7494, 2081, 22926, 3309, 7184, 10280	7	3878	18224	4.6993295513151105	0.012419508274204683	0.00178373224394901	0.1084703083642502
GOTERM_MF_ALL	GO:0031625~ubiquitin protein ligase binding	4	57.14285714285714	9.364225949504415E-5	811, 7494, 22926, 3309	7	287	16881	33.610751617720254	0.012562718834518316	0.006301212053933525	0.10972833883157174
GOTERM_MF_ALL	GO:0044389~ubiquitin-like protein ligase binding	4	57.14285714285714	9.857350951812903E-5	811, 7494, 22926, 3309	7	292	16881	33.03522504892368	0.013219918732789382	0.004426201936213681	0.11550363644613482
GOTERM_BP_ALL	GO:0071310~cellular response to organic substance	6	85.71428571428571	1.9924833295610522E-4	811, 7494, 2081, 22926, 3309, 7184	7	2186	16792	6.58423735459417	0.18555325040652992	0.012000717760005664	0.315525185297183
GOTERM_BP_ALL	GO:0070887~cellular response to chemical stimulus	6	85.71428571428571	5.067165870443332E-4	811, 7494, 2081, 22926, 3309, 7184	7	2648	16792	5.435476909797151	0.40669718531877097	0.028586253424282893	0.8005952321663456
GOTERM_BP_ALL	GO:0010033~response to organic substance	6	85.71428571428571	6.897982854871746E-4	811, 7494, 2081, 22926, 3309, 7184	7	2822	16792	5.1003341095474335	0.508718204860001	0.036716223853703434	1.0883783407070635
GOTERM_BP_ALL	GO:0045935~positive regulation of nucleobase-containing compound metabolic process	5	71.42857142857143	0.0012062114785304303	811, 7494, 2081, 22926, 3309	7	1658	16792	7.234189212476306	0.7115252513564053	0.06026502612869378	1.8959104519908565
GOTERM_BP_ALL	GO:0010628~positive regulation of gene expression	5	71.42857142857143	0.0013037529738047008	811, 7494, 2081, 22926, 3309	7	1692	16792	7.088821344140492	0.7391322505336222	0.061983463254147275	2.047743994520923
GOTERM_BP_ALL	GO:0055082~cellular chemical homeostasis	4	57.14285714285714	0.0013846420071430855	811, 7494, 2081, 7184	7	713	16792	13.45782408335003	0.760012767504838	0.06281196896122132	2.1734892101565984
GOTERM_BP_ALL	GO:0051173~positive regulation of nitrogen compound metabolic process	5	71.42857142857143	0.0015389933727737901	811, 7494, 2081, 22926, 3309	7	1767	16792	6.787937585900234	0.7953357003298716	0.0666483309706114	2.4130149899245668
GOTERM_BP_ALL	GO:0007165~signal transduction	7	100.0	0.0016517981374489185	811, 7494, 2081, 22926, 3309, 7184, 10280	7	5775	16792	2.9077056277056275	0.8178197643081351	0.06848993358853772	2.5877201981599596
GOTERM_BP_ALL	GO:0019725~cellular homeostasis	4	57.14285714285714	0.002173051299367508	811, 7494, 2081, 7184	7	833	16792	11.51912193448808	0.8936136793290171	0.08572797459813819	3.39120674148361
GOTERM_BP_ALL	GO:0006950~response to stress	6	85.71428571428571	0.0024648294649819743	811, 7494, 2081, 22926, 3309, 7184	7	3677	16792	3.9143711876918292	0.9212839592385342	0.09313864780002956	3.8382536284062074
GOTERM_BP_ALL	GO:0044700~single organism signaling	7	100.0	0.0025469127718816586	811, 7494, 2081, 22926, 3309, 7184, 10280	7	6207	16792	2.7053326888996296	0.9276808648760572	0.09270165350936255	3.9636675079654515
GOTERM_BP_ALL	GO:0023052~signaling	7	100.0	0.0026802696534065336	811, 7494, 2081, 22926, 3309, 7184, 10280	7	6260	16792	2.6824281150159743	0.9369850984156771	0.09401089798775486	4.167094837712537
GOTERM_BP_ALL	GO:0007154~cell communication	7	100.0	0.002719051039992642	811, 7494, 2081, 22926, 3309, 7184, 10280	7	6275	16792	2.67601593625498	0.9394591542295335	0.0921759750747757	4.226177523746443
GOTERM_CC_ALL	GO:0005634~nucleus	7	100.0	0.003341689530912654	811, 7494, 2081, 22926, 3309, 7184, 10280	7	7048	18224	2.5856980703745744	0.36357171305183755	0.054919757023772386	3.848257822509449
GOTERM_CC_ALL	GO:0044425~membrane part	7	100.0	0.003367383733412147	811, 7494, 2081, 22926, 3309, 7184, 10280	7	7057	18224	2.5824004534504748	0.3657828831494697	0.049337331673089624	3.8773148338093533
GOTERM_BP_ALL	GO:0044265~cellular macromolecule catabolic process	4	57.14285714285714	0.0034284052343883796	7494, 2081, 3309, 7184	7	976	16792	9.831381733021077	0.9709089453724601	0.11122468855021928	5.300861978794025
GOTERM_BP_ALL	GO:0048878~chemical homeostasis	4	57.14285714285714	0.004214460988610302	811, 7494, 2081, 7184	7	1049	16792	9.14721503472695	0.9870940633266743	0.13092406012691604	6.478548669019135
GOTERM_BP_ALL	GO:0042221~response to chemical	6	85.71428571428571	0.004222707991577533	811, 7494, 2081, 22926, 3309, 7184	7	4117	16792	3.496026926680315	0.9872036878840217	0.12733732543976028	6.49083145746957
GOTERM_BP_ALL	GO:0032268~regulation of cellular protein metabolic process	5	71.42857142857143	0.004503332415531952	811, 7494, 2081, 3309, 7184	7	2346	16792	5.112653757155036	0.9904279515906502	0.13140299030751013	6.907883721115016
GOTERM_BP_ALL	GO:0051716~cellular response to stimulus	7	100.0	0.004921572362055664	811, 7494, 2081, 22926, 3309, 7184, 10280	7	6927	16792	2.4241374332322794	0.9937908724163558	0.1388295188947588	7.5262212765652485
GOTERM_BP_ALL	GO:0051246~regulation of protein metabolic process	5	71.42857142857143	0.005816381636703362	811, 7494, 2081, 3309, 7184	7	2512	16792	4.774795268425842	0.9975418925187015	0.1577408472752858	8.836231684972773
GOTERM_BP_ALL	GO:0071495~cellular response to endogenous stimulus	4	57.14285714285714	0.005962719987342555	811, 7494, 3309, 7184	7	1185	16792	8.097408077154913	0.9978877150981423	0.15727171762822556	9.048811028788883
GOTERM_BP_ALL	GO:0009057~macromolecule catabolic process	4	57.14285714285714	0.006193801773414594	7494, 2081, 3309, 7184	7	1201	16792	7.989532532413465	0.9983375366423203	0.1588272572913617	9.383547946092053
GOTERM_BP_ALL	GO:0080134~regulation of response to stress	4	57.14285714285714	0.007498524229769956	7494, 2081, 3309, 7184	7	1285	16792	7.467259588660367	0.999570368582192	0.18455013715295776	11.25196809978556
GOTERM_CC_ALL	GO:0044444~cytoplasmic part	7	100.0	0.007645061143670337	811, 7494, 2081, 22926, 3309, 7184, 10280	7	8090	18224	2.2526576019777504	0.6451459311084482	0.07133153312575546	8.604397626441006
GOTERM_CC_ALL	GO:0044446~intracellular organelle part	7	100.0	0.008492831714280714	811, 7494, 2081, 22926, 3309, 7184, 10280	7	8233	18224	2.2135309121826796	0.6838152792473906	0.07388967669039459	9.515596497708156
GOTERM_BP_ALL	GO:0033036~macromolecule localization	5	71.42857142857143	0.008901771497138484	811, 7494, 3309, 7184, 10280	7	2817	16792	4.257822404787261	0.9998999537366441	0.21033834809013985	13.221158722022274
GOTERM_BP_ALL	GO:0031325~positive regulation of cellular metabolic process	5	71.42857142857143	0.009161222739188447	811, 7494, 2081, 22926, 3309	7	2839	16792	4.224827655613144	0.9999236015502204	0.21099979934525126	13.580734597895772
GOTERM_BP_ALL	GO:0010604~positive regulation of macromolecule metabolic process	5	71.42857142857143	0.009365313893489678	811, 7494, 2081, 22926, 3309	7	2856	16792	4.19967987194878	0.9999382074355384	0.21052222623321426	13.862604941415801
GOTERM_CC_ALL	GO:0044422~organelle part	7	100.0	0.009683796823381134	811, 7494, 2081, 22926, 3309, 7184, 10280	7	8415	18224	2.165656565656566	0.7311720270583996	0.07882497760641738	10.781634364081395
GOTERM_BP_ALL	GO:0051254~positive regulation of RNA metabolic process	4	57.14285714285714	0.009832216211320955	7494, 2081, 22926, 3309	7	1415	16792	6.781221605249874	0.9999619761813537	0.2151923428823701	14.504207717847372
GOTERM_MF_ALL	GO:0005102~receptor binding	4	57.14285714285714	0.010615635885187049	811, 7494, 2081, 7184	7	1462	16881	6.5980066445182715	0.7632550319638428	0.3024582778473387	11.76089047963228
GOTERM_BP_ALL	GO:1901700~response to oxygen-containing compound	4	57.14285714285714	0.01085613224494804	811, 7494, 2081, 7184	7	1466	16792	6.545312804521535	0.9999869007389531	0.2300764568494481	15.895597866820687
GOTERM_BP_ALL	GO:0009893~positive regulation of metabolic process	5	71.42857142857143	0.01195421656244741	811, 7494, 2081, 22926, 3309	7	3052	16792	3.929975659988766	0.9999958276456122	0.24536675118370022	17.36418144498746
GOTERM_BP_ALL	GO:0009719~response to endogenous stimulus	4	57.14285714285714	0.012634837032176046	811, 7494, 3309, 7184	7	1548	16792	6.1985972683647095	0.9999979482047588	0.2525141459446314	18.26234843553435
GOTERM_BP_ALL	GO:0048518~positive regulation of biological process	6	85.71428571428571	0.013655065893173444	811, 7494, 2081, 22926, 3309, 7184	7	5285	16792	2.7233950533855924	0.9999992925708963	0.2649828798894721	19.591557106144908
GOTERM_BP_ALL	GO:0010557~positive regulation of macromolecule biosynthetic process	4	57.14285714285714	0.013777285804834309	811, 7494, 22926, 3309	7	1597	16792	6.008408623311566	0.9999993773402548	0.26215900250395874	19.749426210681232
GOTERM_BP_ALL	GO:0034613~cellular protein localization	4	57.14285714285714	0.0138491930304664	811, 7494, 3309, 7184	7	1600	16792	5.997142857142856	0.9999994223903051	0.2586316328255761	19.84217164828714
GOTERM_BP_ALL	GO:0019220~regulation of phosphate metabolic process	4	57.14285714285714	0.014090528533107728	7494, 2081, 3309, 7184	7	1610	16792	5.959893522626442	0.9999995510995993	0.2579177552441134	20.152710884450677
GOTERM_BP_ALL	GO:0051174~regulation of phosphorus metabolic process	4	57.14285714285714	0.014114801447818822	7494, 2081, 3309, 7184	7	1611	16792	5.956194023233128	0.9999995623400186	0.25385585271803857	20.183881670226135
GOTERM_BP_ALL	GO:0070727~cellular macromolecule localization	4	57.14285714285714	0.01416342339008998	811, 7494, 3309, 7184	7	1613	16792	5.948808785758568	0.9999995840173888	0.25030635921253785	20.246286694473326
GOTERM_BP_ALL	GO:0044248~cellular catabolic process	4	57.14285714285714	0.0142365466986	7494, 2081, 3309, 7184	7	1616	16792	5.937765205091937	0.9999996146154968	0.24724818307694696	20.34005252895441
GOTERM_BP_ALL	GO:0050896~response to stimulus	7	100.0	0.014878128320841637	811, 7494, 2081, 22926, 3309, 7184, 10280	7	8329	16792	2.0160883659502944	0.9999998029119802	0.2527186301021116	21.158333639329364
GOTERM_BP_ALL	GO:0042592~homeostatic process	4	57.14285714285714	0.014955223188395783	811, 7494, 2081, 7184	7	1645	16792	5.833087277464177	0.999999818175801	0.24979710649750875	21.25612960161387
GOTERM_CC_ALL	GO:0016021~integral component of membrane	6	85.71428571428571	0.015228659353562747	811, 7494, 2081, 22926, 3309, 10280	7	5872	18224	2.6601790579992213	0.8740265163866809	0.11473102659060241	16.465439393324733
GOTERM_BP_ALL	GO:0031399~regulation of protein modification process	4	57.14285714285714	0.015437750404670025	7494, 2081, 3309, 7184	7	1664	16792	5.7664835164835155	0.9999998902321158	0.25275470853372195	21.865645223183662
GOTERM_CC_ALL	GO:0031224~intrinsic component of membrane	6	85.71428571428571	0.01658228587829056	811, 7494, 2081, 22926, 3309, 10280	7	5981	18224	2.6116989514414692	0.8953754434450382	0.11786469940074662	17.80171565236014
GOTERM_BP_ALL	GO:0031328~positive regulation of cellular biosynthetic process	4	57.14285714285714	0.017159087703165828	811, 7494, 22926, 3309	7	1729	16792	5.5496984218788725	0.9999999818981415	0.2726472979691832	24.0041718825768
GOTERM_BP_ALL	GO:0009891~positive regulation of biosynthetic process	4	57.14285714285714	0.018018887548163155	811, 7494, 22926, 3309	7	1760	16792	5.451948051948052	0.9999999926509935	0.2800501315774636	25.05169965341795
GOTERM_CC_ALL	GO:0016020~membrane	7	100.0	0.01957511427165173	811, 7494, 2081, 22926, 3309, 7184, 10280	7	9462	18224	1.926019868949482	0.9306679498390853	0.13104651654434607	20.68705538208293
GOTERM_BP_ALL	GO:0006366~transcription from RNA polymerase II promoter	4	57.14285714285714	0.019755196884056102	811, 7494, 22926, 3309	7	1820	16792	5.272213500784929	0.999999998812633	0.29836130202807	27.12600064030092
GOTERM_BP_ALL	GO:0006357~regulation of transcription from RNA polymerase II promoter	4	57.14285714285714	0.020204264824526908	811, 7494, 22926, 3309	7	1835	16792	5.229116387699493	0.9999999992593533	0.29975882294792766	27.653661229984305
GOTERM_BP_ALL	GO:0065008~regulation of biological quality	5	71.42857142857143	0.020658734206499732	811, 7494, 2081, 3309, 7184	7	3548	16792	3.3805765823804155	0.9999999995407215	0.3011758022502028	28.18402242910728
GOTERM_BP_ALL	GO:0080090~regulation of primary metabolic process	6	85.71428571428571	0.020954607450550607	811, 7494, 2081, 22926, 3309, 7184	7	5798	16792	2.4824323658404372	0.999999999663556	0.30063565368987055	28.52734336510001
GOTERM_BP_ALL	GO:0060255~regulation of macromolecule metabolic process	6	85.71428571428571	0.021238532758534632	811, 7494, 2081, 22926, 3309, 7184	7	5815	16792	2.4751750399213854	0.9999999997504433	0.2999716435169125	28.855353933124384
GOTERM_BP_ALL	GO:0031323~regulation of cellular metabolic process	6	85.71428571428571	0.021729570701639358	811, 7494, 2081, 22926, 3309, 7184	7	5844	16792	2.462892343795834	0.9999999998511688	0.3017498887325173	29.41930897567436
GOTERM_BP_ALL	GO:0006355~regulation of transcription, DNA-templated	5	71.42857142857143	0.021833444060630654	811, 7494, 2081, 22926, 3309	7	3603	16792	3.32897188850561	0.9999999998665882	0.29901913913674405	29.538069116194553
GOTERM_BP_ALL	GO:1901575~organic substance catabolic process	4	57.14285714285714	0.02187100834264826	7494, 2081, 3309, 7184	7	1889	16792	5.079633971110943	0.9999999998717624	0.29560604059342055	29.58097086895982
GOTERM_BP_ALL	GO:0006351~transcription, DNA-templated	5	71.42857142857143	0.021877001128318148	811, 7494, 2081, 22926, 3309	7	3605	16792	3.3271250247671884	0.999999999872569	0.2919239228446988	29.58781289935547
GOTERM_BP_ALL	GO:1903506~regulation of nucleic acid-templated transcription	5	71.42857142857143	0.022315842516339366	811, 7494, 2081, 22926, 3309	7	3625	16792	3.308768472906404	0.9999999999197333	0.29315950696693394	30.087153637163222
GOTERM_BP_ALL	GO:0048583~regulation of response to stimulus	5	71.42857142857143	0.022559749081909476	811, 7494, 2081, 3309, 7184	7	3636	16792	3.2987584472732987	0.9999999999379237	0.29222377772089936	30.363249079356013
GOTERM_BP_ALL	GO:2001141~regulation of RNA biosynthetic process	5	71.42857142857143	0.022738274301812807	811, 7494, 2081, 22926, 3309	7	3644	16792	3.291516387015838	0.99999999994857	0.29060650955026823	30.56468677448281
GOTERM_CC_ALL	GO:0044428~nuclear part	5	71.42857142857143	0.023285477137911702	7494, 2081, 22926, 3309, 10280	7	3981	18224	3.269817346682456	0.9584441547836021	0.14703422417572143	24.13545296982964
GOTERM_MF_ALL	GO:1901363~heterocyclic compound binding	6	85.71428571428571	0.023407826402342617	811, 7494, 2081, 22926, 3309, 7184	7	5971	16881	2.423283967748881	0.9591410373374873	0.47245748277399935	24.246791600477348
GOTERM_MF_ALL	GO:0097159~organic cyclic compound binding	6	85.71428571428571	0.02489777408547352	811, 7494, 2081, 22926, 3309, 7184	7	6052	16881	2.3908507223113964	0.9667516608150604	0.43294089765245336	25.590713814611043
GOTERM_BP_ALL	GO:0051252~regulation of RNA metabolic process	5	71.42857142857143	0.025484507148772997	811, 7494, 2081, 22926, 3309	7	3762	16792	3.188273714589504	0.9999999999971659	0.3160341255314849	33.59539996851382
GOTERM_BP_ALL	GO:0097659~nucleic acid-templated transcription	5	71.42857142857143	0.025702772350449137	811, 7494, 2081, 22926, 3309	7	3771	16792	3.180664469447286	0.9999999999977498	0.3145960063047152	33.83087968545523
GOTERM_BP_ALL	GO:0009056~catabolic process	4	57.14285714285714	0.025963764973557176	7494, 2081, 3309, 7184	7	2012	16792	4.769099687588753	0.9999999999982925	0.3136262766039041	34.11142958100367
GOTERM_BP_ALL	GO:0048584~positive regulation of response to stimulus	4	57.14285714285714	0.026597631702782062	811, 7494, 2081, 7184	7	2030	16792	4.726812104152005	0.9999999999991267	0.3163866191234037	34.78816126174522
GOTERM_BP_ALL	GO:0019222~regulation of metabolic process	6	85.71428571428571	0.027878839972183295	811, 7494, 2081, 22926, 3309, 7184	7	6171	16792	2.33238419334676	0.9999999999997751	0.32534585340040134	36.13617404164189
GOTERM_BP_ALL	GO:0032774~RNA biosynthetic process	5	71.42857142857143	0.02910398393085917	811, 7494, 2081, 22926, 3309	7	3905	16792	3.0715200292665084	0.9999999999999386	0.3334408804168424	37.40074136801022
GOTERM_CC_ALL	GO:0070013~intracellular organelle lumen	5	71.42857142857143	0.031355775932524116	811, 7494, 22926, 3309, 7184	7	4328	18224	3.007657776604172	0.9864425011663694	0.18519033789148565	31.16739230838721
GOTERM_BP_ALL	GO:2000112~regulation of cellular macromolecule biosynthetic process	5	71.42857142857143	0.03143966686229743	811, 7494, 2081, 22926, 3309	7	3991	16792	3.005333428786198	0.9999999999999949	0.3513954533136783	39.74684450611501
GOTERM_BP_ALL	GO:0007399~nervous system development	4	57.14285714285714	0.03183629090178598	811, 7494, 3309, 10280	7	2170	16792	4.421856484529295	0.9999999999999967	0.35130226490243177	40.136960231310994
GOTERM_CC_ALL	GO:0043233~organelle lumen	5	71.42857142857143	0.033237955358797436	811, 7494, 22926, 3309, 7184	7	4400	18224	2.9584415584415584	0.98957334849208	0.18732729144521953	32.71919353956076
GOTERM_MF_ALL	GO:0097367~carbohydrate derivative binding	4	57.14285714285714	0.03421698404014868	811, 2081, 3309, 7184	7	2241	16881	4.3044559189137495	0.9909062899399416	0.48903449025499734	33.513659232882
GOTERM_BP_ALL	GO:0019219~regulation of nucleobase-containing compound metabolic process	5	71.42857142857143	0.03469572340567208	811, 7494, 2081, 22926, 3309	7	4104	16792	2.9225842383737124	0.9999999999999999	0.37267991250653676	42.880225098920874
GOTERM_CC_ALL	GO:0031974~membrane-enclosed lumen	5	71.42857142857143	0.03478061066491914	811, 7494, 22926, 3309, 7184	7	4457	18224	2.9206064296932595	0.991595438609724	0.18761569557598146	33.96713157565333
GOTERM_BP_ALL	GO:0010556~regulation of macromolecule biosynthetic process	5	71.42857142857143	0.034785112218573916	811, 7494, 2081, 22926, 3309	7	4107	16792	2.9204494069358935	0.9999999999999999	0.36972764645389866	42.96405303630609
GOTERM_BP_ALL	GO:0031326~regulation of cellular biosynthetic process	5	71.42857142857143	0.040335019943344194	811, 7494, 2081, 22926, 3309	7	4284	16792	2.7997865812991867	1.0	0.4114403921477826	47.94872736923222
GOTERM_BP_ALL	GO:0048731~system development	5	71.42857142857143	0.04056582350157046	811, 7494, 22926, 3309, 10280	7	4291	16792	2.7952192296168064	1.0	0.40938537127449404	48.14690766584291
GOTERM_BP_ALL	GO:0048523~negative regulation of cellular process	5	71.42857142857143	0.040863854017707466	811, 7494, 2081, 3309, 7184	7	4300	16792	2.7893687707641197	1.0	0.40789549680218784	48.40176686718438
GOTERM_BP_ALL	GO:0009889~regulation of biosynthetic process	5	71.42857142857143	0.04217206455117393	811, 7494, 2081, 22926, 3309	7	4339	16792	2.764297237678201	1.0	0.41415243456666495	49.50665627325216
GOTERM_BP_ALL	GO:0010468~regulation of gene expression	5	71.42857142857143	0.04237575196731743	811, 7494, 2081, 22926, 3309	7	4345	16792	2.760480026302811	1.0	0.4119469213505321	49.676678978001256
GOTERM_CC_ALL	GO:0005737~cytoplasm	7	100.0	0.04269669341697833	811, 7494, 2081, 22926, 3309, 7184, 10280	7	10775	18224	1.691322505800464	0.9972350297405094	0.21764516775170673	40.04428633853351
GOTERM_BP_ALL	GO:0034654~nucleobase-containing compound biosynthetic process	5	71.42857142857143	0.04278507384415921	811, 7494, 2081, 22926, 3309	7	4357	16792	2.7528771435129022	1.0	0.4113198876398718	50.01672883198244
GOTERM_BP_ALL	GO:0008104~protein localization	4	57.14285714285714	0.043885117907431076	811, 7494, 3309, 7184	7	2448	16792	3.9197012138188607	1.0	0.4157829985075454	50.91996886628891
GOTERM_BP_ALL	GO:0051171~regulation of nitrogen compound metabolic process	5	71.42857142857143	0.044413357684997885	811, 7494, 2081, 22926, 3309	7	4404	16792	2.7234981185934863	1.0	0.4159960626441518	51.34824728707639
GOTERM_BP_ALL	GO:0018130~heterocycle biosynthetic process	5	71.42857142857143	0.04465930556683875	811, 7494, 2081, 22926, 3309	7	4411	16792	2.7191760857596265	1.0	0.4141834197630495	51.54645627860393
GOTERM_BP_ALL	GO:0019438~aromatic compound biosynthetic process	5	71.42857142857143	0.04511844082527122	811, 7494, 2081, 22926, 3309	7	4424	16792	2.7111857401188324	1.0	0.4139226197295851	51.914449644616134
GOTERM_BP_ALL	GO:0051641~cellular localization	4	57.14285714285714	0.04841067692806307	811, 7494, 3309, 7184	7	2541	16792	3.776241074942373	1.0	0.4332817569172319	54.4774474356549
GOTERM_BP_ALL	GO:1901362~organic cyclic compound biosynthetic process	5	71.42857142857143	0.0491655318376107	811, 7494, 2081, 22926, 3309	7	4535	16792	2.6448259568435977	1.0	0.434833345898755	55.04677856954061
GOTERM_CC_ALL	GO:0043231~intracellular membrane-bounded organelle	7	100.0	0.049265040560377546	811, 7494, 2081, 22926, 3309, 7184, 10280	7	11035	18224	1.6514725872224738	0.9989084903239438	0.23876087112493682	44.69357660786192
GOTERM_BP_ALL	GO:0048519~negative regulation of biological process	5	71.42857142857143	0.052537456866868754	811, 7494, 2081, 3309, 7184	7	4623	16792	2.5944810110936003	1.0	0.4534915767559805	57.50947134489237
GOTERM_BP_ALL	GO:0016070~RNA metabolic process	5	71.42857142857143	0.053522101052475124	811, 7494, 2081, 22926, 3309	7	4648	16792	2.5805261863781657	1.0	0.4562276583364274	58.204401917832136
GOTERM_BP_ALL	GO:0006810~transport	5	71.42857142857143	0.0541186014373999	811, 7494, 3309, 7184, 10280	7	4663	16792	2.572225115652094	1.0	0.45645968791558456	58.62019814586195
GOTERM_BP_ALL	GO:0048522~positive regulation of cellular process	5	71.42857142857143	0.05741423798778636	811, 7494, 2081, 22926, 3309	7	4744	16792	2.5283064321850155	1.0	0.469745464682529	60.84846137978488
GOTERM_BP_ALL	GO:0009966~regulation of signal transduction	4	57.14285714285714	0.05826557953315634	811, 7494, 2081, 3309	7	2728	16792	3.517385839966485	1.0	0.4713628176257836	61.40552140691167
GOTERM_BP_ALL	GO:0051234~establishment of localization	5	71.42857142857143	0.05934224443229412	811, 7494, 3309, 7184, 10280	7	4790	16792	2.5040262451535935	1.0	0.4742719855408227	62.09938528827963
GOTERM_BP_ALL	GO:0050794~regulation of cellular process	7	100.0	0.05936859472253008	811, 7494, 2081, 22926, 3309, 7184, 10280	7	10489	16792	1.600915244541901	1.0	0.4710006478890656	62.116219459998476
GOTERM_BP_ALL	GO:0007275~multicellular organism development	5	71.42857142857143	0.0631016063845026	811, 7494, 22926, 3309, 10280	7	4877	16792	2.4593573332552214	1.0	0.4889861258589855	64.4315669813163
GOTERM_BP_ALL	GO:0044267~cellular protein metabolic process	5	71.42857142857143	0.0641203302137647	811, 7494, 2081, 3309, 7184	7	4900	16792	2.4478134110787173	1.0	0.4912538633897049	65.03999027977332
GOTERM_BP_ALL	GO:0044271~cellular nitrogen compound biosynthetic process	5	71.42857142857143	0.06623463741885165	811, 7494, 2081, 22926, 3309	7	4947	16792	2.424557451846718	1.0	0.4994358603830674	66.2717533183449
GOTERM_BP_ALL	GO:0034645~cellular macromolecule biosynthetic process	5	71.42857142857143	0.06923115488770612	811, 7494, 2081, 22926, 3309	7	5012	16792	2.393113670049025	1.0	0.5120016196116883	67.94797174235053
GOTERM_BP_ALL	GO:0010646~regulation of cell communication	4	57.14285714285714	0.07566470745999065	811, 7494, 2081, 3309	7	3020	16792	3.1772942289498576	1.0	0.5412448259830198	71.28672612716937
GOTERM_BP_ALL	GO:0050789~regulation of biological process	7	100.0	0.07568153299937905	811, 7494, 2081, 22926, 3309, 7184, 10280	7	10922	16792	1.5374473539644755	1.0	0.5379101120205236	71.29501404737904
GOTERM_BP_ALL	GO:0090304~nucleic acid metabolic process	5	71.42857142857143	0.0762716053989691	811, 7494, 2081, 22926, 3309	7	5158	16792	2.3253752838863346	1.0	0.5374117986277052	71.58425812655388
GOTERM_BP_ALL	GO:0009059~macromolecule biosynthetic process	5	71.42857142857143	0.07711948334836786	811, 7494, 2081, 22926, 3309	7	5175	16792	2.317736369910283	1.0	0.5381674880409066	71.99509644132532
GOTERM_BP_ALL	GO:0023051~regulation of signaling	4	57.14285714285714	0.07888773359899448	811, 7494, 2081, 3309	7	3070	16792	3.1255467659376452	1.0	0.5432825360665579	72.83405964494756
GOTERM_BP_ALL	GO:0006796~phosphate-containing compound metabolic process	4	57.14285714285714	0.07973728918207522	7494, 2081, 3309, 7184	7	3083	16792	3.1123673601779345	1.0	0.5439806222125297	73.22871009612645
GOTERM_BP_ALL	GO:0006793~phosphorus metabolic process	4	57.14285714285714	0.08013099861676108	7494, 2081, 3309, 7184	7	3089	16792	3.1063219719742867	1.0	0.5425503462495598	73.409775517322
GOTERM_BP_ALL	GO:0048513~animal organ development	4	57.14285714285714	0.0827816131927089	811, 7494, 22926, 3309	7	3129	16792	3.066611879651189	1.0	0.5514878768116356	74.59923989716086
GOTERM_BP_ALL	GO:0010467~gene expression	5	71.42857142857143	0.08385163184919588	811, 7494, 2081, 22926, 3309	7	5306	16792	2.260513704162404	1.0	0.5530887263410302	75.06513402935472
GOTERM_CC_ALL	GO:0043229~intracellular organelle	7	100.0	0.08559602794937442	811, 7494, 2081, 22926, 3309, 7184, 10280	7	12099	18224	1.5062401851392677	0.9999943292039553	0.3716276336827913	64.9736804197132
GOTERM_CC_ALL	GO:0043227~membrane-bounded organelle	7	100.0	0.09037372149898984	811, 7494, 2081, 22926, 3309, 7184, 10280	7	12209	18224	1.4926693422884756	0.9999972042085267	0.37724819969733103	67.06013354309911
GOTERM_BP_ALL	GO:0019538~protein metabolic process	5	71.42857142857143	0.0920512358213436	811, 7494, 2081, 3309, 7184	7	5457	16792	2.19796329746852	1.0	0.5853064550897027	78.37853391762017
GOTERM_BP_ALL	GO:0048856~anatomical structure development	5	71.42857142857143	0.09294786055592193	811, 7494, 22926, 3309, 10280	7	5473	16792	2.1915376784735456	1.0	0.5858061171762288	78.7146838946308
GOTERM_BP_ALL	GO:0044767~single-organism developmental process	5	71.42857142857143	0.09306031447886434	811, 7494, 22926, 3309, 10280	7	5475	16792	2.190737116764514	1.0	0.5830825515720028	78.75649624663056
GOTERM_BP_ALL	GO:0032502~developmental process	5	71.42857142857143	0.10214940022582593	811, 7494, 22926, 3309, 10280	7	5632	16792	2.129667207792208	1.0	0.6158644706176781	81.89274340952991
GOTERM_BP_ALL	GO:0065007~biological regulation	7	100.0	0.10574257495268108	811, 7494, 2081, 22926, 3309, 7184, 10280	7	11548	16792	1.4541046068583305	1.0	0.6261438388402085	83.00843224535868
GOTERM_BP_ALL	GO:0044260~cellular macromolecule metabolic process	6	85.71428571428571	0.10883151853759018	811, 7494, 2081, 22926, 3309, 7184	7	8387	16792	1.716125295951217	1.0	0.6342295792048196	83.91573559223191
GOTERM_BP_ALL	GO:0006139~nucleobase-containing compound metabolic process	5	71.42857142857143	0.11207182855193895	811, 7494, 2081, 22926, 3309	7	5794	16792	2.0701218008777555	1.0	0.6425738656383935	84.81858786077858
GOTERM_BP_ALL	GO:0051179~localization	5	71.42857142857143	0.1170471745959151	811, 7494, 3309, 7184, 10280	7	5872	16792	2.0426235889451148	1.0	0.6564708878441515	86.1129390405957
GOTERM_BP_ALL	GO:1902578~single-organism localization	4	57.14285714285714	0.11842489661864185	811, 7494, 3309, 10280	7	3614	16792	2.655071547157878	1.0	0.6580004073290898	86.45263389760156
GOTERM_BP_ALL	GO:0046483~heterocycle metabolic process	5	71.42857142857143	0.12010735735416012	811, 7494, 2081, 22926, 3309	7	5919	16792	2.026404074047257	1.0	0.660499206130857	86.85690743681448
GOTERM_BP_ALL	GO:0044707~single-multicellular organism process	5	71.42857142857143	0.12168805861129163	811, 7494, 22926, 3309, 10280	7	5943	16792	2.0182207158481766	1.0	0.6626226972024188	87.2264059349845
GOTERM_BP_ALL	GO:0006725~cellular aromatic compound metabolic process	5	71.42857142857143	0.12314775897597792	811, 7494, 2081, 22926, 3309	7	5965	16792	2.010777152436834	1.0	0.6643234226421886	87.55895502407873
GOTERM_CC_ALL	GO:0043234~protein complex	4	57.14285714285714	0.13327924565261143	811, 2081, 3309, 7184	7	4118	18224	2.528828141261361	0.9999999958914224	0.4746407503007659	81.30549886016169
GOTERM_BP_ALL	GO:0044249~cellular biosynthetic process	5	71.42857142857143	0.13358299214028996	811, 7494, 2081, 22926, 3309	7	6118	16792	1.9604912903376455	1.0	0.6931894959652116	89.71042055266184
GOTERM_BP_ALL	GO:0006464~cellular protein modification process	4	57.14285714285714	0.13527867459935802	7494, 2081, 3309, 7184	7	3818	16792	2.513208111950909	1.0	0.6952191086833429	90.02519073759393
GOTERM_BP_ALL	GO:0036211~protein modification process	4	57.14285714285714	0.13527867459935802	7494, 2081, 3309, 7184	7	3818	16792	2.513208111950909	1.0	0.6952191086833429	90.02519073759393
GOTERM_BP_ALL	GO:1901360~organic cyclic compound metabolic process	5	71.42857142857143	0.13575771228356687	811, 7494, 2081, 22926, 3309	7	6149	16792	1.9506075320028808	1.0	0.6937338212156269	90.1124664967014
GOTERM_BP_ALL	GO:1901576~organic substance biosynthetic process	5	71.42857142857143	0.14131945544424057	811, 7494, 2081, 22926, 3309	7	6227	16792	1.9261740347335337	1.0	0.706538359061756	91.07474907492505
GOTERM_CC_ALL	GO:0043226~organelle	7	100.0	0.1413666521007426	811, 7494, 2081, 22926, 3309, 7184, 10280	7	13154	18224	1.3854340884901932	0.9999999988410986	0.485075643366393	83.25128636169225
GOTERM_BP_ALL	GO:0009058~biosynthetic process	5	71.42857142857143	0.14811851811567733	811, 7494, 2081, 22926, 3309	7	6320	16792	1.8978300180831826	1.0	0.7219564568419845	92.13194645025322
GOTERM_BP_ALL	GO:0044763~single-organism cellular process	7	100.0	0.15112431381997082	811, 7494, 2081, 22926, 3309, 7184, 10280	7	12256	16792	1.3701044386422976	1.0	0.7269599923430865	92.56087135934669
GOTERM_BP_ALL	GO:0043170~macromolecule metabolic process	6	85.71428571428571	0.1558760959487548	811, 7494, 2081, 22926, 3309, 7184	7	9130	16792	1.5764669065873884	1.0	0.7361471944931572	93.19451754442063
GOTERM_BP_ALL	GO:0044710~single-organism metabolic process	4	57.14285714285714	0.15688616515656345	7494, 2081, 3309, 7184	7	4063	16792	2.3616609823845858	1.0	0.7359489517167752	93.32252321135032
GOTERM_BP_ALL	GO:0043412~macromolecule modification	4	57.14285714285714	0.15706846036788058	7494, 2081, 3309, 7184	7	4065	16792	2.360499033561764	1.0	0.7337382266425847	93.34538372770693
GOTERM_MF_ALL	GO:0003676~nucleic acid binding	4	57.14285714285714	0.15801807263537418	811, 7494, 22926, 7184	7	4097	16881	2.3544754001185537	0.9999999999176101	0.9451111364251131	86.68713470580478
GOTERM_BP_ALL	GO:0034641~cellular nitrogen compound metabolic process	5	71.42857142857143	0.16218330406422177	811, 7494, 2081, 22926, 3309	7	6505	16792	1.8438563742176348	1.0	0.7433863765530582	93.9576981179367
GOTERM_MF_ALL	GO:0046872~metal ion binding	4	57.14285714285714	0.16434688649013948	811, 2081, 3309, 7184	7	4166	16881	2.3154790480762637	0.9999999999702481	0.932330879113177	87.81414331430831
GOTERM_MF_ALL	GO:0043169~cation binding	4	57.14285714285714	0.1687195388725473	811, 2081, 3309, 7184	7	4213	16881	2.2896476891254958	0.9999999999853472	0.9174737270793454	88.54107085377267
GOTERM_MF_ALL	GO:0043167~ion binding	4	57.14285714285714	0.1852326547794766	811, 2081, 3309, 7184	7	4386	16881	2.1993355481727574	0.9999999999990238	0.9190643577668123	90.94300472097909
GOTERM_CC_ALL	GO:0044424~intracellular part	7	100.0	0.1934659601277198	811, 7494, 2081, 22926, 3309, 7184, 10280	7	13860	18224	1.3148629148629147	0.9999999999997522	0.5962946338178269	91.95970679388515
GOTERM_CC_ALL	GO:0032991~macromolecular complex	4	57.14285714285714	0.19738608399987317	811, 2081, 3309, 7184	7	4868	18224	2.1392182181007158	0.9999999999998717	0.5932331697249755	92.40610946567743
GOTERM_BP_ALL	GO:0006807~nitrogen compound metabolic process	5	71.42857142857143	0.1987344758854743	811, 7494, 2081, 22926, 3309	7	6948	16792	1.7262932806974258	1.0	0.8155621699239518	97.02169880465657
GOTERM_BP_ALL	GO:0032501~multicellular organismal process	5	71.42857142857143	0.2056686743212663	811, 7494, 22926, 3309, 10280	7	7027	16792	1.7068856858240664	1.0	0.8251523265982121	97.40520103308388
GOTERM_CC_ALL	GO:0005622~intracellular	7	100.0	0.225269006365306	811, 7494, 2081, 22926, 3309, 7184, 10280	7	14216	18224	1.2819358469330333	0.9999999999999989	0.6263720960084236	94.98307096981262
GOTERM_BP_ALL	GO:0044237~cellular metabolic process	6	85.71428571428571	0.24516239807113588	811, 7494, 2081, 22926, 3309, 7184	7	10202	16792	1.4108158064245107	1.0	0.8793096639580631	98.84428466756432
GOTERM_BP_ALL	GO:0044238~primary metabolic process	6	85.71428571428571	0.24909849912416915	811, 7494, 2081, 22926, 3309, 7184	7	10243	16792	1.4051686866291961	1.0	0.8821362767278451	98.93624494419117
GOTERM_BP_ALL	GO:0044699~single-organism process	7	100.0	0.25552814711965305	811, 7494, 2081, 22926, 3309, 7184, 10280	7	13377	16792	1.2552889287583167	1.0	0.8876982422476475	99.071862481898
GOTERM_BP_ALL	GO:0071704~organic substance metabolic process	6	85.71428571428571	0.29631877815484575	811, 7494, 2081, 22926, 3309, 7184	7	10707	16792	1.3442741063923467	1.0	0.9246430786569257	99.6202479347936
GOTERM_MF_ALL	GO:0005515~protein binding	6	85.71428571428571	0.3008366806518956	811, 7494, 2081, 22926, 3309, 7184	7	10806	16881	1.3390180058697547	1.0	0.9821552836105525	98.49379037649273
GOTERM_BP_ALL	GO:0008152~metabolic process	6	85.71428571428571	0.3372002142197498	811, 7494, 2081, 22926, 3309, 7184	7	11075	16792	1.299606578523057	1.0	0.9504316492448996	99.85301886274358
GOTERM_MF_ALL	GO:0005488~binding	7	100.0	0.3821891882862748	811, 7494, 2081, 22926, 3309, 7184, 10280	7	14381	16881	1.1738404839719074	1.0	0.9932684534815851	99.64677522928105
GOTERM_CC_ALL	GO:0044464~cell part	7	100.0	0.5406748661178471	811, 7494, 2081, 22926, 3309, 7184, 10280	7	16449	18224	1.1079092953978964	1.0	0.9414946796250381	99.98906556746326
GOTERM_CC_ALL	GO:0005623~cell	7	100.0	0.5464203511623599	811, 7494, 2081, 22926, 3309, 7184, 10280	7	16478	18224	1.105959461099648	1.0	0.9397139823560352	99.99056576159458
GOTERM_BP_ALL	GO:0009987~cellular process	7	100.0	0.6325243834544252	811, 7494, 2081, 22926, 3309, 7184, 10280	7	15558	16792	1.0793161074688264	1.0	0.9992234377567933	99.99998726910765

Annotation Cluster 2	Enrichment Score: 1.8619752211092213
Category	Term	Count	%	PValue	Genes	List Total	Pop Hits	Pop Total	Fold Enrichment	Bonferroni	Benjamini	FDR
GOTERM_BP_ALL	GO:0042981~regulation of apoptotic process	6	85.71428571428571	2.2349384196864405E-5	811, 7494, 22926, 3309, 7184, 10280	7	1400	16792	10.280816326530612	0.022757181449107322	0.0020905502011336896	0.0354385194943907
GOTERM_BP_ALL	GO:0043067~regulation of programmed cell death	6	85.71428571428571	2.3391796037205222E-5	811, 7494, 22926, 3309, 7184, 10280	7	1413	16792	10.186229905975129	0.02380589251019749	0.0020058049890304686	0.037091142767764484
GOTERM_BP_ALL	GO:0010941~regulation of cell death	6	85.71428571428571	3.234178411724913E-5	811, 7494, 22926, 3309, 7184, 10280	7	1509	16792	9.538199375177506	0.03276382280931278	0.0025592254565892647	0.05127925918464449
GOTERM_CC_ALL	GO:0016023~cytoplasmic, membrane-bounded vesicle	4	57.14285714285714	0.0047030204384944495	811, 3309, 7184, 10280	7	1183	18224	8.802801594010386	0.47080878579082985	0.06165776917310606	5.3767433084537135
GOTERM_CC_ALL	GO:0031410~cytoplasmic vesicle	4	57.14285714285714	0.005936653974155683	811, 3309, 7184, 10280	7	1284	18224	8.110369381397419	0.5523916754772125	0.07046987649226699	6.742621919008462
GOTERM_CC_ALL	GO:0097708~intracellular vesicle	4	57.14285714285714	0.0059629175857740645	811, 3309, 7184, 10280	7	1286	18224	8.097756054210175	0.5539853651376971	0.06507000687430875	6.771503903618125
GOTERM_CC_ALL	GO:0030054~cell junction	4	57.14285714285714	0.007265475384680688	811, 3309, 7184, 10280	7	1379	18224	7.551641976587589	0.6263439890181199	0.07292850323255484	8.193698240316971
GOTERM_BP_ALL	GO:0033036~macromolecule localization	5	71.42857142857143	0.008901771497138484	811, 7494, 3309, 7184, 10280	7	2817	16792	4.257822404787261	0.9998999537366441	0.21033834809013985	13.221158722022274
GOTERM_BP_ALL	GO:0006810~transport	5	71.42857142857143	0.0541186014373999	811, 7494, 3309, 7184, 10280	7	4663	16792	2.572225115652094	1.0	0.45645968791558456	58.62019814586195
GOTERM_BP_ALL	GO:0071702~organic substance transport	4	57.14285714285714	0.054405080964977655	811, 7494, 7184, 10280	7	2657	16792	3.611376955750309	1.0	0.45475403347819265	58.818510809726334
GOTERM_BP_ALL	GO:0051234~establishment of localization	5	71.42857142857143	0.05934224443229412	811, 7494, 3309, 7184, 10280	7	4790	16792	2.5040262451535935	1.0	0.4742719855408227	62.09938528827963
GOTERM_CC_ALL	GO:0031988~membrane-bounded vesicle	4	57.14285714285714	0.09658053946371159	811, 3309, 7184, 10280	7	3611	18224	2.8838865371681766	0.9999988906346521	0.3871924705955243	69.60090016883524
GOTERM_CC_ALL	GO:0031982~vesicle	4	57.14285714285714	0.10634633260210292	811, 3309, 7184, 10280	7	3754	18224	2.774031509247279	0.9999997442311408	0.40750539215465387	73.2377584273248
GOTERM_BP_ALL	GO:0051179~localization	5	71.42857142857143	0.1170471745959151	811, 7494, 3309, 7184, 10280	7	5872	16792	2.0426235889451148	1.0	0.6564708878441515	86.1129390405957
GOTERM_CC_ALL	GO:0005886~plasma membrane	4	57.14285714285714	0.22325412614613474	811, 3309, 7184, 10280	7	5141	18224	2.025620362908828	0.9999999999999984	0.6332729801556288	94.82795154520687
GOTERM_CC_ALL	GO:0071944~cell periphery	4	57.14285714285714	0.2345040676011473	811, 3309, 7184, 10280	7	5256	18224	1.9813002826701458	0.9999999999999998	0.6328987802486574	95.64106509639785
GOTERM_BP_ALL	GO:0016043~cellular component organization	4	57.14285714285714	0.3809591663186255	811, 7494, 7184, 10280	7	6109	16792	1.5707036456749994	1.0	0.9691516796436981	99.95024597118189
GOTERM_BP_ALL	GO:0071840~cellular component organization or biogenesis	4	57.14285714285714	0.40002179486746514	811, 7494, 7184, 10280	7	6265	16792	1.531592748831376	1.0	0.9747678175716484	99.96970302478731

