Annotation Cluster 1	Enrichment Score: 3.9343190699762984
Category	Term	Count	%	PValue	Genes	List Total	Pop Hits	Pop Total	Fold Enrichment	Bonferroni	Benjamini	FDR
GOTERM_CC_ALL	GO:0005829~cytosol	22	91.66666666666666	7.889701149077348E-14	2620, 2395, 840, 4137, 2934, 8678, 22919, 331, 839, 28988, 2288, 836, 118, 5339, 10768, 7431, 7189, 56616, 1639, 10013, 10121, 10134	24	3399	18224	4.914778856526429	1.8865908835152823E-11	1.8865908835152823E-11	1.018185535883731E-10
GOTERM_CC_ALL	GO:0044444~cytoplasmic part	24	100.0	7.593606146053906E-9	2620, 2395, 840, 4137, 2934, 11076, 3710, 8678, 22919, 331, 839, 2288, 28988, 836, 118, 5339, 10768, 7431, 7189, 56616, 1639, 10013, 10121, 10134	24	8090	18224	2.2526576019777504	1.814870238980859E-6	9.074355312721494E-7	9.794959199282971E-6
GOTERM_CC_ALL	GO:0044422~organelle part	24	100.0	1.8810586739850966E-8	2620, 2395, 840, 4137, 2934, 11076, 3710, 8678, 22919, 331, 839, 2288, 28988, 836, 118, 5339, 10768, 7431, 7189, 56616, 1639, 10013, 10121, 10134	24	8415	18224	2.165656565656566	4.495720170916151E-6	1.4985756360275104E-6	2.4263691456027914E-5
GOTERM_CC_ALL	GO:0044446~intracellular organelle part	23	95.83333333333334	3.2952871685198445E-7	2620, 2395, 840, 4137, 2934, 11076, 3710, 8678, 22919, 331, 839, 2288, 28988, 836, 118, 10768, 7431, 7189, 56616, 1639, 10013, 10121, 10134	24	8233	18224	2.121300457508401	7.875427502734844E-5	1.1250990465394572E-5	4.2505682755766827E-4
GOTERM_BP_ALL	GO:0016043~cellular component organization	21	87.5	8.034946082139828E-7	2620, 2395, 840, 4137, 2934, 11076, 3710, 8678, 22919, 331, 839, 28988, 2288, 836, 118, 5339, 7431, 7189, 1639, 10013, 10134	24	6109	16792	2.405139957439843	0.0012117391014192513	1.7319555004069453E-4	0.0013359931207213016
GOTERM_BP_ALL	GO:0071840~cellular component organization or biogenesis	21	87.5	1.2783347578181943E-6	2620, 2395, 840, 4137, 2934, 11076, 3710, 8678, 22919, 331, 839, 28988, 2288, 836, 118, 5339, 7431, 7189, 1639, 10013, 10134	24	6265	16792	2.345251396648045	0.0019271490416026271	2.1431129677673688E-4	0.0021255153283328276
GOTERM_CC_ALL	GO:0005737~cytoplasm	24	100.0	5.579809864172039E-6	2620, 2395, 840, 4137, 2934, 11076, 3710, 8678, 22919, 331, 839, 2288, 28988, 836, 118, 5339, 10768, 7431, 7189, 56616, 1639, 10013, 10121, 10134	24	10775	18224	1.691322505800464	0.0013326894577285753	1.3334893604943776E-4	0.007197133587011351
GOTERM_CC_ALL	GO:0043229~intracellular organelle	24	100.0	8.042245466104918E-5	2620, 2395, 840, 4137, 2934, 11076, 3710, 8678, 22919, 331, 839, 2288, 28988, 836, 118, 5339, 10768, 7431, 7189, 56616, 1639, 10013, 10121, 10134	24	12099	18224	1.5062401851392677	0.019038179960757295	0.0017459050046827462	0.103686954515958
GOTERM_MF_ALL	GO:0005515~protein binding	23	95.83333333333334	4.8445724077049814E-4	2620, 2395, 840, 4137, 2934, 11076, 3710, 8678, 22919, 331, 839, 2288, 28988, 836, 118, 5339, 10768, 7431, 7189, 56616, 1639, 10013, 10134	24	10806	16881	1.497096520451601	0.10242638712339702	0.026653393354388988	0.6162716828887138
GOTERM_CC_ALL	GO:0043226~organelle	24	100.0	5.510599612313094E-4	2620, 2395, 840, 4137, 2934, 11076, 3710, 8678, 22919, 331, 839, 2288, 28988, 836, 118, 5339, 10768, 7431, 7189, 56616, 1639, 10013, 10121, 10134	24	13154	18224	1.3854340884901932	0.12343080431342457	0.008744187411318771	0.708484106272611
GOTERM_BP_ALL	GO:0044763~single-organism cellular process	24	100.0	7.116086397276987E-4	2620, 2395, 840, 4137, 2934, 11076, 3710, 8678, 22919, 331, 839, 2288, 28988, 836, 118, 5339, 10768, 7431, 7189, 56616, 1639, 10013, 10121, 10134	24	12256	16792	1.3701044386422976	0.6584289905383247	0.017176572793392908	1.1766628893004505
GOTERM_CC_ALL	GO:0043227~membrane-bounded organelle	23	95.83333333333334	0.0012234760128083109	2395, 840, 4137, 2934, 11076, 3710, 8678, 22919, 331, 839, 2288, 28988, 836, 118, 5339, 10768, 7431, 7189, 56616, 1639, 10013, 10121, 10134	24	12209	18224	1.4304747863597893	0.25367177218566317	0.016123589041673436	1.5667198321385079
GOTERM_CC_ALL	GO:0044424~intracellular part	24	100.0	0.0018358992870754812	2620, 2395, 840, 4137, 2934, 11076, 3710, 8678, 22919, 331, 839, 2288, 28988, 836, 118, 5339, 10768, 7431, 7189, 56616, 1639, 10013, 10121, 10134	24	13860	18224	1.3148629148629147	0.3554373158085311	0.020696315389910014	2.3424241452567496
GOTERM_BP_ALL	GO:0050794~regulation of cellular process	22	91.66666666666666	0.0021048624683651395	2620, 2395, 840, 4137, 2934, 11076, 3710, 8678, 22919, 331, 839, 2288, 28988, 836, 118, 10768, 7431, 7189, 56616, 1639, 10013, 10134	24	10489	16792	1.467505640830076	0.9583970805217512	0.044406477407230804	3.442861696608568
GOTERM_CC_ALL	GO:0005622~intracellular	24	100.0	0.0032913482326214147	2620, 2395, 840, 4137, 2934, 11076, 3710, 8678, 22919, 331, 839, 2288, 28988, 836, 118, 5339, 10768, 7431, 7189, 56616, 1639, 10013, 10121, 10134	24	14216	18224	1.2819358469330333	0.5452145980903338	0.03367765443127524	4.163347346342794
GOTERM_BP_ALL	GO:0050789~regulation of biological process	22	91.66666666666666	0.004348096983319394	2620, 2395, 840, 4137, 2934, 11076, 3710, 8678, 22919, 331, 839, 2288, 28988, 836, 118, 10768, 7431, 7189, 56616, 1639, 10013, 10134	24	10922	16792	1.4093267411341024	0.998606008925551	0.0752952358454898	6.989251358340587
GOTERM_BP_ALL	GO:0044699~single-organism process	24	100.0	0.005336085704804299	2620, 2395, 840, 4137, 2934, 11076, 3710, 8678, 22919, 331, 839, 2288, 28988, 836, 118, 5339, 10768, 7431, 7189, 56616, 1639, 10013, 10121, 10134	24	13377	16792	1.2552889287583167	0.9996883761015602	0.08672284802451613	8.5120325224183
GOTERM_CC_ALL	GO:0043231~intracellular membrane-bounded organelle	21	87.5	0.00595191614921498	2395, 840, 4137, 2934, 11076, 3710, 8678, 22919, 331, 839, 2288, 28988, 836, 118, 10768, 7431, 7189, 56616, 1639, 10013, 10134	24	11035	18224	1.4450385138196646	0.7599140168429104	0.04967918220254075	7.411282528944396
GOTERM_BP_ALL	GO:0065007~biological regulation	22	91.66666666666666	0.011542128725275099	2620, 2395, 840, 4137, 2934, 11076, 3710, 8678, 22919, 331, 839, 2288, 28988, 836, 118, 10768, 7431, 7189, 56616, 1639, 10013, 10134	24	11548	16792	1.3329292229534695	0.9999999753470061	0.143610343971867	17.554406584024484
GOTERM_MF_ALL	GO:0005488~binding	24	100.0	0.02499530701491704	2620, 2395, 840, 4137, 2934, 11076, 3710, 8678, 22919, 331, 839, 2288, 28988, 836, 118, 5339, 10768, 7431, 7189, 56616, 1639, 10013, 10121, 10134	24	14381	16881	1.1738404839719074	0.9964641367661278	0.33182144535948255	27.596918994636855
GOTERM_CC_ALL	GO:0044464~cell part	24	100.0	0.09456971606724275	2620, 2395, 840, 4137, 2934, 11076, 3710, 8678, 22919, 331, 839, 2288, 28988, 836, 118, 5339, 10768, 7431, 7189, 56616, 1639, 10013, 10121, 10134	24	16449	18224	1.1079092953978964	0.9999999999512079	0.32242630224083024	72.23646715609915
GOTERM_CC_ALL	GO:0005623~cell	24	100.0	0.09848244086897634	2620, 2395, 840, 4137, 2934, 11076, 3710, 8678, 22919, 331, 839, 2288, 28988, 836, 118, 5339, 10768, 7431, 7189, 56616, 1639, 10013, 10121, 10134	24	16478	18224	1.105959461099648	0.9999999999826686	0.32944753279276984	73.74487849829816
GOTERM_BP_ALL	GO:0009987~cellular process	24	100.0	0.17260818187277716	2620, 2395, 840, 4137, 2934, 11076, 3710, 8678, 22919, 331, 839, 2288, 28988, 836, 118, 5339, 10768, 7431, 7189, 56616, 1639, 10013, 10121, 10134	24	15558	16792	1.0793161074688264	1.0	0.7588873094785191	95.71695423280543

Annotation Cluster 2	Enrichment Score: 3.6940739208729965
Category	Term	Count	%	PValue	Genes	List Total	Pop Hits	Pop Total	Fold Enrichment	Bonferroni	Benjamini	FDR
GOTERM_MF_ALL	GO:0008092~cytoskeletal protein binding	11	45.83333333333333	5.976715964637775E-8	5339, 2620, 1639, 4137, 2934, 11076, 10013, 22919, 2288, 28988, 118	24	846	16881	9.145537825059101	1.3327988185318773E-5	1.3327988185318773E-5	7.624575553144552E-5
GOTERM_BP_ALL	GO:0031109~microtubule polymerization or depolymerization	6	25.0	7.243893638626723E-8	1639, 4137, 11076, 10013, 22919, 2288	24	81	16792	51.82716049382716	1.0930438483447436E-4	1.0930438483447436E-4	1.2044694830404268E-4
GOTERM_CC_ALL	GO:0044430~cytoskeletal part	13	54.166666666666664	7.484627662315666E-8	2620, 4137, 11076, 2934, 22919, 331, 28988, 2288, 118, 7431, 1639, 10013, 10121	24	1547	18224	6.3809523809523805	1.7888100787843975E-5	4.472055195825497E-6	9.654384419688355E-5
GOTERM_CC_ALL	GO:0099513~polymeric cytoskeletal fiber	10	41.66666666666667	9.145979270301355E-8	7431, 2620, 1639, 4137, 11076, 10013, 22919, 331, 10121, 2288	24	704	18224	10.78598484848485	2.1858652560435843E-5	4.371768736688431E-6	1.1797352529319127E-4
GOTERM_CC_ALL	GO:0099512~supramolecular fiber	10	41.66666666666667	9.145979270301355E-8	7431, 2620, 1639, 4137, 11076, 10013, 22919, 331, 10121, 2288	24	704	18224	10.78598484848485	2.1858652560435843E-5	4.371768736688431E-6	1.1797352529319127E-4
GOTERM_BP_ALL	GO:0032271~regulation of protein polymerization	7	29.166666666666668	1.2928802148144398E-7	1639, 4137, 2934, 11076, 22919, 2288, 118	24	182	16792	26.910256410256412	1.9507660715545327E-4	9.754306090214993E-5	2.1497196809328045E-4
GOTERM_CC_ALL	GO:0005856~cytoskeleton	14	58.333333333333336	1.7508588707653234E-7	2620, 4137, 11076, 2934, 22919, 331, 28988, 2288, 118, 5339, 7431, 1639, 10013, 10121	24	2054	18224	5.1755923401493025	4.184465517342861E-5	6.974230794210001E-6	2.2584229022459823E-4
GOTERM_CC_ALL	GO:0005874~microtubule	8	33.33333333333333	4.5071033074203175E-7	1639, 4137, 11076, 10013, 22919, 331, 10121, 2288	24	404	18224	15.036303630363035	1.0771399174958063E-4	1.3464883512392944E-5	5.813677394272965E-4
GOTERM_BP_ALL	GO:0043254~regulation of protein complex assembly	8	33.33333333333333	5.249699123847204E-7	1639, 4137, 2934, 11076, 10013, 22919, 2288, 118	24	381	16792	14.69116360454943	7.918661142085615E-4	1.9802534184110154E-4	8.728841622840378E-4
GOTERM_BP_ALL	GO:0046785~microtubule polymerization	5	20.833333333333336	6.930836414451283E-7	1639, 4137, 11076, 22919, 2288	24	52	16792	67.27564102564102	0.0010453168527320145	2.0915084039818677E-4	0.0011524106901417142
GOTERM_BP_ALL	GO:0031110~regulation of microtubule polymerization or depolymerization	5	20.833333333333336	6.930836414451283E-7	1639, 4137, 10013, 22919, 2288	24	52	16792	67.27564102564102	0.0010453168527320145	2.0915084039818677E-4	0.0011524106901417142
GOTERM_BP_ALL	GO:0051258~protein polymerization	7	29.166666666666668	7.619241476800592E-7	1639, 4137, 2934, 11076, 22919, 2288, 118	24	246	16792	19.90921409214092	0.0011490832744635027	1.9160563743347847E-4	0.0012668731564247082
GOTERM_BP_ALL	GO:0022607~cellular component assembly	15	62.5	9.772236011730201E-7	2395, 4137, 11076, 3710, 2934, 22919, 8678, 331, 28988, 2288, 118, 5339, 7189, 1639, 10013	24	2618	16792	4.008785332314744	0.0014735444004100318	1.843119043059005E-4	0.0016248550058772793
GOTERM_CC_ALL	GO:0043228~non-membrane-bounded organelle	17	70.83333333333334	1.5240840260299765E-6	2620, 4137, 2934, 11076, 3710, 22919, 331, 28988, 2288, 118, 5339, 7431, 7189, 1639, 10013, 10121, 10134	24	4026	18224	3.206325550587846	3.641900264952369E-4	4.0472109847478066E-5	0.0019658915408782285
GOTERM_CC_ALL	GO:0043232~intracellular non-membrane-bounded organelle	17	70.83333333333334	1.5240840260299765E-6	2620, 4137, 2934, 11076, 3710, 22919, 331, 28988, 2288, 118, 5339, 7431, 7189, 1639, 10013, 10121, 10134	24	4026	18224	3.206325550587846	3.641900264952369E-4	4.0472109847478066E-5	0.0019658915408782285
GOTERM_BP_ALL	GO:0044085~cellular component biogenesis	15	62.5	3.693316149718289E-6	2395, 4137, 11076, 3710, 2934, 22919, 8678, 331, 28988, 2288, 118, 5339, 7189, 1639, 10013	24	2914	16792	3.6015785861358953	0.005557722758174788	5.571671608711748E-4	0.0061408421463182705
GOTERM_BP_ALL	GO:0031113~regulation of microtubule polymerization	4	16.666666666666664	7.190857378967764E-6	1639, 4137, 22919, 2288	24	28	16792	99.95238095238095	0.01079238260067683	8.343473384623268E-4	0.011955844428557239
GOTERM_BP_ALL	GO:0043623~cellular protein complex assembly	8	33.33333333333333	8.088595931890045E-6	1639, 4137, 2934, 11076, 10013, 22919, 2288, 118	24	575	16792	9.734492753623188	0.012131552719111705	8.714586752092135E-4	0.01344837078032235
GOTERM_BP_ALL	GO:0006461~protein complex assembly	11	45.83333333333333	8.68522794393637E-6	7189, 1639, 4137, 2934, 3710, 11076, 10013, 22919, 2288, 28988, 118	24	1445	16792	5.326182237600922	0.013020555377050047	8.733561278129187E-4	0.014440283848382585
GOTERM_BP_ALL	GO:0070271~protein complex biogenesis	11	45.83333333333333	8.739097160276995E-6	7189, 1639, 4137, 2934, 3710, 11076, 10013, 22919, 2288, 28988, 118	24	1446	16792	5.322498847395113	0.013100783039239672	8.238701348378674E-4	0.014529842080179822
GOTERM_MF_ALL	GO:0008017~microtubule binding	6	25.0	9.763991056891444E-6	2620, 1639, 4137, 11076, 10013, 22919	24	219	16881	19.27054794520548	0.002175011862004639	0.0010880979095326815	0.01245534188696329
GOTERM_BP_ALL	GO:0007010~cytoskeleton organization	10	41.66666666666667	1.0453555569281458E-5	7431, 1639, 4137, 2934, 11076, 10013, 22919, 331, 2288, 118	24	1144	16792	6.115967365967367	0.01565073204895051	9.274812586540504E-4	0.017380110797193815
GOTERM_BP_ALL	GO:0051493~regulation of cytoskeleton organization	7	29.166666666666668	1.707032036480702E-5	1639, 4137, 2934, 10013, 22919, 2288, 118	24	422	16792	11.605845181674566	0.025430392152675063	0.001225882909525633	0.028379695229163726
GOTERM_BP_ALL	GO:0000226~microtubule cytoskeleton organization	7	29.166666666666668	1.8490694202282018E-5	1639, 4137, 11076, 10013, 22919, 331, 2288	24	428	16792	11.443146417445485	0.027517030302701695	0.0012675012918311745	0.030740749503976872
GOTERM_BP_ALL	GO:0051494~negative regulation of cytoskeleton organization	5	20.833333333333336	1.9130984982815107E-5	2934, 10013, 22919, 2288, 118	24	119	16792	29.39775910364146	0.02845620604771426	0.0012021490261350243	0.03180507278501832
GOTERM_BP_ALL	GO:0070507~regulation of microtubule cytoskeleton organization	5	20.833333333333336	1.9772732436447298E-5	1639, 4137, 10013, 22919, 2288	24	120	16792	29.15277777777778	0.029396608930763124	0.0011927819985994015	0.03287180673438028
GOTERM_BP_ALL	GO:1902589~single-organism organelle organization	11	45.83333333333333	2.2912362138021952E-5	7431, 1639, 4137, 2934, 11076, 10013, 22919, 8678, 331, 2288, 118	24	1612	16792	4.774400330851943	0.033984259672014905	0.0012797415635771303	0.038090449389227565
GOTERM_BP_ALL	GO:0071822~protein complex subunit organization	11	45.83333333333333	3.1904644154354895E-5	7189, 1639, 4137, 2934, 3710, 11076, 10013, 22919, 2288, 28988, 118	24	1674	16792	4.597570688968538	0.04700428918380728	0.0016587908230197845	0.05303586098067692
GOTERM_BP_ALL	GO:0065003~macromolecular complex assembly	11	45.83333333333333	3.841786752481978E-5	7189, 1639, 4137, 2934, 3710, 11076, 10013, 22919, 2288, 28988, 118	24	1710	16792	4.500779727095517	0.056325211325639835	0.0017552358206451846	0.06385969975688521
GOTERM_MF_ALL	GO:0015631~tubulin binding	6	25.0	4.028290821106158E-5	2620, 1639, 4137, 11076, 10013, 22919	24	294	16881	14.354591836734695	0.008943040456019902	0.0029899443427103822	0.05137728891398963
GOTERM_BP_ALL	GO:0032886~regulation of microtubule-based process	5	20.833333333333336	4.0459622070739626E-5	1639, 4137, 10013, 22919, 2288	24	144	16792	24.293981481481485	0.05922832047850368	0.0017941181964756803	0.06725251211493477
GOTERM_BP_ALL	GO:0010639~negative regulation of organelle organization	6	25.0	5.564997713966592E-5	2395, 2934, 10013, 22919, 2288, 118	24	313	16792	13.412140575079873	0.080548656150502	0.0021509692971779515	0.0924911410024154
GOTERM_BP_ALL	GO:0044087~regulation of cellular component biogenesis	8	33.33333333333333	7.187100376561043E-5	1639, 4137, 2934, 11076, 10013, 22919, 2288, 118	24	807	16792	6.935976869062371	0.10278274296212775	0.002707758445769537	0.11943560637868167
GOTERM_BP_ALL	GO:0032272~negative regulation of protein polymerization	4	16.666666666666664	8.053165916407593E-5	2934, 22919, 2288, 118	24	62	16792	45.13978494623655	0.11443300529737643	0.002959688707329655	0.133818873665692
GOTERM_BP_ALL	GO:0033043~regulation of organelle organization	9	37.5	9.259663481592534E-5	2395, 1639, 4137, 2934, 10013, 22919, 8678, 2288, 118	24	1152	16792	5.466145833333334	0.13041117285142767	0.0033214904513065857	0.1538526539085927
GOTERM_BP_ALL	GO:0051128~regulation of cellular component organization	12	50.0	9.400787122030083E-5	7431, 2620, 2395, 1639, 4137, 2934, 11076, 10013, 22919, 8678, 2288, 118	24	2323	16792	3.6142918639690054	0.13226121275669067	0.00329373918825393	0.15619575211329728
GOTERM_BP_ALL	GO:0007017~microtubule-based process	7	29.166666666666668	1.4323277013818424E-4	1639, 4137, 11076, 10013, 22919, 331, 2288	24	618	16792	7.925026968716289	0.19438855482321582	0.004588456267525687	0.23789230160363717
GOTERM_BP_ALL	GO:0051129~negative regulation of cellular component organization	7	29.166666666666668	1.510121877670551E-4	7431, 2395, 2934, 10013, 22919, 2288, 118	24	624	16792	7.848824786324787	0.2037918236119427	0.004736551144038259	0.25079773195909594
GOTERM_BP_ALL	GO:0031334~positive regulation of protein complex assembly	5	20.833333333333336	2.2365664066962534E-4	1639, 4137, 2934, 11076, 10013	24	224	16792	15.617559523809526	0.28647344029125943	0.006596492443825874	0.37123334405143593
GOTERM_CC_ALL	GO:0015629~actin cytoskeleton	6	25.0	2.483830558047516E-4	2620, 1639, 2934, 10121, 28988, 118	24	467	18224	9.755888650963598	0.057642838573483846	0.004935357901559745	0.31991519845903094
GOTERM_BP_ALL	GO:0034622~cellular macromolecular complex assembly	8	33.33333333333333	2.811131563254984E-4	1639, 4137, 2934, 11076, 10013, 22919, 2288, 118	24	1004	16792	5.575033200531208	0.34574584586926593	0.007825872488837038	0.4663924069820635
GOTERM_CC_ALL	GO:0015630~microtubule cytoskeleton	8	33.33333333333333	2.9831307305967916E-4	1639, 4137, 11076, 10013, 22919, 331, 10121, 2288	24	1100	18224	5.5224242424242425	0.06882445202167264	0.0054701731221531436	0.38411054418519
GOTERM_BP_ALL	GO:0032273~positive regulation of protein polymerization	4	16.666666666666664	4.888001266339806E-4	1639, 4137, 2934, 11076	24	114	16792	24.54970760233918	0.5218255807376226	0.012426881604617468	0.8096500774465554
GOTERM_BP_ALL	GO:0031333~negative regulation of protein complex assembly	4	16.666666666666664	5.142987075815499E-4	2934, 22919, 2288, 118	24	116	16792	24.126436781609193	0.5398838796567151	0.012854604404217596	0.8517164615147066
GOTERM_BP_ALL	GO:0043933~macromolecular complex subunit organization	11	45.83333333333333	8.210406170666262E-4	7189, 1639, 4137, 2934, 3710, 11076, 10013, 22919, 2288, 28988, 118	24	2461	16792	3.1273195178111877	0.710459236111401	0.019180222899816912	1.356452803438457
GOTERM_CC_ALL	GO:0005875~microtubule associated complex	4	16.666666666666664	8.41297473724526E-4	1639, 4137, 10013, 10121	24	149	18224	20.384787472035793	0.18221410898784574	0.012493470644475813	1.0797708641791748
GOTERM_BP_ALL	GO:0006996~organelle organization	13	54.166666666666664	0.001681897029980399	7431, 2395, 1639, 4137, 2934, 11076, 10013, 8678, 22919, 331, 2288, 28988, 118	24	3753	16792	2.423572253308464	0.9211430105471603	0.03666561609627428	2.760102953768173
GOTERM_BP_ALL	GO:0044089~positive regulation of cellular component biogenesis	5	20.833333333333336	0.00279559815960707	1639, 4137, 2934, 11076, 10013	24	441	16792	7.932728647014362	0.9853668434976798	0.0562267926072233	4.548181670759066
GOTERM_CC_ALL	GO:0005938~cell cortex	4	16.666666666666664	0.0035646629872656678	7189, 2934, 22919, 28988	24	247	18224	12.296896086369768	0.57406841211597	0.034936640603629665	4.501780315836246
GOTERM_BP_ALL	GO:0000902~cell morphogenesis	7	29.166666666666668	0.0054242189861359895	2620, 4137, 2934, 10013, 28988, 836, 118	24	1240	16792	3.9497311827956993	0.9997273784712832	0.08715905317846562	8.646727339407413
GOTERM_CC_ALL	GO:0099568~cytoplasmic region	4	16.666666666666664	0.006072021510355525	7189, 2934, 22919, 28988	24	299	18224	10.158305462653288	0.7667482546265352	0.04895545542107127	7.555479283345068
GOTERM_BP_ALL	GO:0032989~cellular component morphogenesis	7	29.166666666666668	0.007375003816870437	2620, 4137, 2934, 10013, 28988, 836, 118	24	1321	16792	3.7075447893010347	0.9999859110734542	0.10469896167256088	11.580836578729858
GOTERM_BP_ALL	GO:0051641~cellular localization	9	37.5	0.015926540061230503	10768, 1639, 4137, 2934, 3710, 10013, 22919, 8678, 10134	24	2541	16792	2.4781582054309323	0.9999999999699027	0.182813743204842	23.428726537321552
GOTERM_BP_ALL	GO:0098609~cell-cell adhesion	6	25.0	0.018701249816748533	5339, 7189, 2934, 22919, 28988, 118	24	1164	16792	3.606529209621993	0.9999999999995753	0.20525747863425137	26.94059232608257
GOTERM_BP_ALL	GO:0051130~positive regulation of cellular component organization	6	25.0	0.019931150197602204	1639, 4137, 2934, 11076, 10013, 8678	24	1183	16792	3.5486052409129334	0.999999999999936	0.21575906859016503	28.4483128778652
GOTERM_CC_ALL	GO:0042995~cell projection	7	29.166666666666668	0.02386241466714233	7431, 4137, 10013, 22919, 8678, 2288, 28988	24	1846	18224	2.879378837125316	0.9968872988979515	0.12840888238651804	26.767594661261597
GOTERM_BP_ALL	GO:0030030~cell projection organization	6	25.0	0.028797074880535668	7431, 4137, 2934, 10013, 2288, 28988	24	1301	16792	3.226748654880861	1.0	0.28039322684898815	38.48257235946744
GOTERM_BP_ALL	GO:0044765~single-organism transport	10	41.66666666666667	0.03014706875411154	7189, 10768, 2395, 1639, 4137, 2934, 3710, 8678, 2288, 118	24	3415	16792	2.048804294777941	1.0	0.2879771209510751	39.889051725021496
GOTERM_BP_ALL	GO:1902578~single-organism localization	10	41.66666666666667	0.04212915430591582	7189, 10768, 2395, 1639, 4137, 2934, 3710, 8678, 2288, 118	24	3614	16792	1.9359896698026196	1.0	0.3571492262510956	51.114110283776284
GOTERM_BP_ALL	GO:0032879~regulation of localization	8	33.33333333333333	0.0423481631229422	7189, 10768, 4137, 2934, 3710, 10013, 22919, 10134	24	2473	16792	2.263377813721526	1.0	0.3567287012019421	51.29962844893707
GOTERM_BP_ALL	GO:0010638~positive regulation of organelle organization	4	16.666666666666664	0.04727736978921095	1639, 4137, 2934, 8678	24	600	16792	4.664444444444444	1.0	0.3759368811711923	55.304112818992124
GOTERM_BP_ALL	GO:0009653~anatomical structure morphogenesis	8	33.33333333333333	0.05657449486492711	7189, 2620, 4137, 2934, 10013, 28988, 836, 118	24	2631	16792	2.127454706702141	1.0	0.4186922683339178	62.02885295978765
GOTERM_CC_ALL	GO:0005634~nucleus	14	58.333333333333336	0.06294506204453196	840, 4137, 11076, 3710, 2934, 8678, 331, 839, 2288, 118, 836, 7189, 1639, 10013	24	7048	18224	1.5083238743851686	0.9999998214138364	0.23501565363653598	56.768664456988226
GOTERM_BP_ALL	GO:0007155~cell adhesion	6	25.0	0.07598917167056518	5339, 7189, 2934, 22919, 28988, 118	24	1699	16792	2.4708652148322545	1.0	0.4941308472746666	73.12804673403473
GOTERM_BP_ALL	GO:0022610~biological adhesion	6	25.0	0.07691562005428115	5339, 7189, 2934, 22919, 28988, 118	24	1705	16792	2.4621700879765394	1.0	0.49651733626903627	73.57254318539665
GOTERM_BP_ALL	GO:0006928~movement of cell or subcellular component	6	25.0	0.09158233459829757	7431, 1639, 4137, 2934, 10013, 22919	24	1795	16792	2.338718662952646	1.0	0.5550201217429469	79.75125626897072
GOTERM_BP_ALL	GO:0048858~cell projection morphogenesis	4	16.666666666666664	0.09326184479692402	4137, 2934, 10013, 28988	24	797	16792	3.5115014638226683	1.0	0.559894779580451	80.36481550982295
GOTERM_BP_ALL	GO:0051270~regulation of cellular component movement	4	16.666666666666664	0.09461373989566424	4137, 2934, 10013, 22919	24	802	16792	3.4896093100581878	1.0	0.5633600139437871	80.8459516282936
GOTERM_BP_ALL	GO:0032990~cell part morphogenesis	4	16.666666666666664	0.0987198649949187	4137, 2934, 10013, 28988	24	817	16792	3.4255405956752347	1.0	0.5755971006904833	82.24026635212316
GOTERM_BP_ALL	GO:0016477~cell migration	4	16.666666666666664	0.21838660425505674	4137, 2934, 10013, 22919	24	1184	16792	2.3637387387387387	1.0	0.8355096657962295	98.33759603058948
GOTERM_BP_ALL	GO:0048870~cell motility	4	16.666666666666664	0.27296347315314534	4137, 2934, 10013, 22919	24	1330	16792	2.1042606516290725	1.0	0.8954812658392303	99.5010672712748
GOTERM_BP_ALL	GO:0051674~localization of cell	4	16.666666666666664	0.27296347315314534	4137, 2934, 10013, 22919	24	1330	16792	2.1042606516290725	1.0	0.8954812658392303	99.5010672712748
GOTERM_BP_ALL	GO:0040011~locomotion	4	16.666666666666664	0.35025991500191095	4137, 2934, 10013, 22919	24	1530	16792	1.8291938997821349	1.0	0.9494430929660718	99.92302493938509

Annotation Cluster 3	Enrichment Score: 3.072726855425908
Category	Term	Count	%	PValue	Genes	List Total	Pop Hits	Pop Total	Fold Enrichment	Bonferroni	Benjamini	FDR
GOTERM_CC_ALL	GO:0099513~polymeric cytoskeletal fiber	10	41.66666666666667	9.145979270301355E-8	7431, 2620, 1639, 4137, 11076, 10013, 22919, 331, 10121, 2288	24	704	18224	10.78598484848485	2.1858652560435843E-5	4.371768736688431E-6	1.1797352529319127E-4
GOTERM_CC_ALL	GO:0099512~supramolecular fiber	10	41.66666666666667	9.145979270301355E-8	7431, 2620, 1639, 4137, 11076, 10013, 22919, 331, 10121, 2288	24	704	18224	10.78598484848485	2.1858652560435843E-5	4.371768736688431E-6	1.1797352529319127E-4
GOTERM_CC_ALL	GO:0005874~microtubule	8	33.33333333333333	4.5071033074203175E-7	1639, 4137, 11076, 10013, 22919, 331, 10121, 2288	24	404	18224	15.036303630363035	1.0771399174958063E-4	1.3464883512392944E-5	5.813677394272965E-4
GOTERM_CC_ALL	GO:0015630~microtubule cytoskeleton	8	33.33333333333333	2.9831307305967916E-4	1639, 4137, 11076, 10013, 22919, 331, 10121, 2288	24	1100	18224	5.5224242424242425	0.06882445202167264	0.0054701731221531436	0.38411054418519
GOTERM_BP_ALL	GO:0007067~mitotic nuclear division	4	16.666666666666664	0.020313412631869015	1639, 22919, 8678, 331	24	431	16792	6.4934261407579275	0.9999999999999645	0.2163923905198457	28.91093439603829
GOTERM_BP_ALL	GO:1903047~mitotic cell cycle process	5	20.833333333333336	0.031030393505889247	1639, 22919, 8678, 331, 10121	24	890	16792	3.9307116104868918	1.0	0.2933378160034096	40.79291787151933
GOTERM_BP_ALL	GO:0022402~cell cycle process	6	25.0	0.033781333971483335	2620, 1639, 22919, 8678, 331, 10121	24	1357	16792	3.0935887988209285	1.0	0.30954658335520735	43.526682720339835
GOTERM_BP_ALL	GO:0000278~mitotic cell cycle	5	20.833333333333336	0.0404691886610092	1639, 22919, 8678, 331, 10121	24	968	16792	3.6139807162534434	1.0	0.3494374085288957	49.68623506612594
GOTERM_BP_ALL	GO:0000280~nuclear division	4	16.666666666666664	0.04402187310679783	1639, 22919, 8678, 331	24	583	16792	4.800457404230989	1.0	0.36231083259926333	52.695701300906705
GOTERM_BP_ALL	GO:0048285~organelle fission	4	16.666666666666664	0.05166609290272931	1639, 22919, 8678, 331	24	622	16792	4.4994640943194	1.0	0.39556515255895786	58.60705878489294
GOTERM_BP_ALL	GO:0007049~cell cycle	6	25.0	0.07189997870393919	2620, 1639, 22919, 8678, 331, 10121	24	1672	16792	2.5107655502392343	1.0	0.4783921884790209	71.08082235584709

Annotation Cluster 4	Enrichment Score: 2.253251597642701
Category	Term	Count	%	PValue	Genes	List Total	Pop Hits	Pop Total	Fold Enrichment	Bonferroni	Benjamini	FDR
GOTERM_MF_ALL	GO:0008092~cytoskeletal protein binding	11	45.83333333333333	5.976715964637775E-8	5339, 2620, 1639, 4137, 2934, 11076, 10013, 22919, 2288, 28988, 118	24	846	16881	9.145537825059101	1.3327988185318773E-5	1.3327988185318773E-5	7.624575553144552E-5
GOTERM_CC_ALL	GO:0005912~adherens junction	6	25.0	0.0015002872623929425	5339, 7431, 2934, 22919, 28988, 118	24	694	18224	6.564841498559078	0.3015124351121433	0.018708978513766517	1.9180342479078072
GOTERM_CC_ALL	GO:0070161~anchoring junction	6	25.0	0.0016699496887595227	5339, 7431, 2934, 22919, 28988, 118	24	711	18224	6.40787623066104	0.3293122500110046	0.019774449304553188	2.132788852154399
GOTERM_MF_ALL	GO:0003779~actin binding	5	20.833333333333336	0.0018716915207991323	5339, 2934, 10013, 28988, 118	24	397	16881	8.858627204030228	0.34149180127874856	0.08016011438003268	2.361645956964009
GOTERM_CC_ALL	GO:0005886~plasma membrane	14	58.333333333333336	0.004038893355525267	4137, 2934, 3710, 22919, 28988, 118, 836, 5339, 10768, 7431, 7189, 56616, 10013, 10134	24	5141	18224	2.0678207871360956	0.6198731018781447	0.037951107288294206	5.086382952993073
GOTERM_CC_ALL	GO:0071944~cell periphery	14	58.333333333333336	0.00498417457910273	4137, 2934, 3710, 22919, 28988, 118, 836, 5339, 10768, 7431, 7189, 56616, 10013, 10134	24	5256	18224	2.022577371892441	0.6970526479110101	0.04489177925634524	6.24183238794318
GOTERM_MF_ALL	GO:0098641~cadherin binding involved in cell-cell adhesion	4	16.666666666666664	0.00688950646774527	5339, 22919, 28988, 118	24	290	16881	9.701724137931034	0.7859780624746433	0.1752785571368164	8.44172525176755
GOTERM_MF_ALL	GO:0098632~protein binding involved in cell-cell adhesion	4	16.666666666666664	0.007631850874183399	5339, 22919, 28988, 118	24	301	16881	9.347176079734218	0.8188500815350899	0.17289662369552938	9.310988314535019
GOTERM_MF_ALL	GO:0098631~protein binding involved in cell adhesion	4	16.666666666666664	0.007984429096982913	5339, 22919, 28988, 118	24	306	16881	9.194444444444443	0.832651029325225	0.16369959992489724	9.721177010041204
GOTERM_MF_ALL	GO:0045296~cadherin binding	4	16.666666666666664	0.008056089798034592	5339, 22919, 28988, 118	24	307	16881	9.164495114006513	0.8353253452647702	0.15124127634059925	9.804337539114083
GOTERM_CC_ALL	GO:0005913~cell-cell adherens junction	4	16.666666666666664	0.008098744208609395	5339, 22919, 28988, 118	24	332	18224	9.14859437751004	0.8567953291221104	0.05892624465936491	9.957703670612982
GOTERM_BP_ALL	GO:0098609~cell-cell adhesion	6	25.0	0.018701249816748533	5339, 7189, 2934, 22919, 28988, 118	24	1164	16792	3.606529209621993	0.9999999999995753	0.20525747863425137	26.94059232608257
GOTERM_MF_ALL	GO:0050839~cell adhesion molecule binding	4	16.666666666666664	0.02388558296053259	5339, 22919, 28988, 118	24	461	16881	6.103036876355748	0.9954431767653037	0.33946308931601676	26.53857591750105
GOTERM_CC_ALL	GO:0030054~cell junction	6	25.0	0.026315524436159206	5339, 7431, 2934, 22919, 28988, 118	24	1379	18224	3.3038433647570704	0.9982940719349847	0.12938682929204037	29.106330907949875
GOTERM_CC_ALL	GO:0005911~cell-cell junction	4	16.666666666666664	0.04600781695196481	5339, 22919, 28988, 118	24	644	18224	4.716356107660455	0.9999870815307217	0.18508384329850036	45.53099127988882
GOTERM_BP_ALL	GO:0009653~anatomical structure morphogenesis	8	33.33333333333333	0.05657449486492711	7189, 2620, 4137, 2934, 10013, 28988, 836, 118	24	2631	16792	2.127454706702141	1.0	0.4186922683339178	62.02885295978765
GOTERM_BP_ALL	GO:0007155~cell adhesion	6	25.0	0.07598917167056518	5339, 7189, 2934, 22919, 28988, 118	24	1699	16792	2.4708652148322545	1.0	0.4941308472746666	73.12804673403473
GOTERM_BP_ALL	GO:0022610~biological adhesion	6	25.0	0.07691562005428115	5339, 7189, 2934, 22919, 28988, 118	24	1705	16792	2.4621700879765394	1.0	0.49651733626903627	73.57254318539665

Annotation Cluster 5	Enrichment Score: 1.8388660734482138
Category	Term	Count	%	PValue	Genes	List Total	Pop Hits	Pop Total	Fold Enrichment	Bonferroni	Benjamini	FDR
GOTERM_BP_ALL	GO:0007010~cytoskeleton organization	10	41.66666666666667	1.0453555569281458E-5	7431, 1639, 4137, 2934, 11076, 10013, 22919, 331, 2288, 118	24	1144	16792	6.115967365967367	0.01565073204895051	9.274812586540504E-4	0.017380110797193815
GOTERM_BP_ALL	GO:1902589~single-organism organelle organization	11	45.83333333333333	2.2912362138021952E-5	7431, 1639, 4137, 2934, 11076, 10013, 22919, 8678, 331, 2288, 118	24	1612	16792	4.774400330851943	0.033984259672014905	0.0012797415635771303	0.038090449389227565
GOTERM_BP_ALL	GO:0006508~proteolysis	10	41.66666666666667	2.3147161259719074E-4	7189, 56616, 2395, 840, 2934, 10013, 331, 839, 836, 10134	24	1693	16792	4.132703288048829	0.2948403832687555	0.006695390991768968	0.38418146586083335
GOTERM_CC_ALL	GO:0043234~protein complex	14	58.333333333333336	4.385683901451546E-4	4137, 3710, 2934, 8678, 2288, 28988, 118, 836, 7189, 56616, 1639, 10013, 10121, 10134	24	4118	18224	2.581512060870973	0.09953216753479388	0.007460661268308244	0.564233737272335
GOTERM_CC_ALL	GO:0036477~somatodendritic compartment	6	25.0	0.001216117632224668	4137, 3710, 10013, 8678, 2288, 28988	24	662	18224	6.882175226586103	0.2523564792163562	0.016962083854588972	1.5573651400980992
GOTERM_BP_ALL	GO:0006996~organelle organization	13	54.166666666666664	0.001681897029980399	7431, 2395, 1639, 4137, 2934, 11076, 10013, 8678, 22919, 331, 2288, 28988, 118	24	3753	16792	2.423572253308464	0.9211430105471603	0.03666561609627428	2.760102953768173
GOTERM_CC_ALL	GO:0032991~macromolecular complex	14	58.333333333333336	0.002382068048233387	4137, 3710, 2934, 8678, 2288, 28988, 118, 836, 7189, 56616, 1639, 10013, 10121, 10134	24	4868	18224	2.183785264311148	0.43447083726000724	0.02557603878156678	3.029448510645838
GOTERM_BP_ALL	GO:0048519~negative regulation of biological process	14	58.333333333333336	0.0031940503970234644	7189, 7431, 2620, 2395, 4137, 2934, 3710, 10013, 8678, 22919, 331, 2288, 836, 118	24	4623	16792	2.1188261590597737	0.9919937745307867	0.06233932086909777	5.180367679495945
GOTERM_MF_ALL	GO:0032403~protein complex binding	6	25.0	0.003229761317019929	7431, 10013, 28988, 836, 118, 10134	24	766	16881	5.509464751958225	0.513929877525196	0.11328683905537429	4.042920901470604
GOTERM_BP_ALL	GO:0048856~anatomical structure development	15	62.5	0.004908019896213041	7189, 7431, 2620, 2395, 840, 1639, 4137, 2934, 10013, 8678, 839, 2288, 28988, 836, 118	24	5473	16792	1.9175954686643524	0.9994035031546786	0.08179844329673358	7.855156880503711
GOTERM_BP_ALL	GO:0030182~neuron differentiation	7	29.166666666666668	0.0051306955246777294	7431, 4137, 10013, 8678, 2288, 28988, 836	24	1226	16792	3.9948341489940185	0.999574458988488	0.08442797147303871	8.197408315559274
GOTERM_CC_ALL	GO:0097458~neuron part	7	29.166666666666668	0.005179930579180446	7431, 4137, 3710, 10013, 8678, 2288, 28988	24	1333	18224	3.9874968742185546	0.71096887856653	0.04493047950065299	6.4794838655128695
GOTERM_BP_ALL	GO:0000902~cell morphogenesis	7	29.166666666666668	0.0054242189861359895	2620, 4137, 2934, 10013, 28988, 836, 118	24	1240	16792	3.9497311827956993	0.9997273784712832	0.08715905317846562	8.646727339407413
GOTERM_BP_ALL	GO:0010506~regulation of autophagy	4	16.666666666666664	0.005679613464833739	4137, 10013, 8678, 836	24	269	16792	10.403965303593555	0.9998149654394979	0.08919236722536639	9.035996985302786
GOTERM_BP_ALL	GO:0007399~nervous system development	9	37.5	0.006228476174525413	7189, 7431, 1639, 4137, 10013, 8678, 2288, 28988, 836	24	2170	16792	2.90184331797235	0.9999195731647365	0.0926232667993917	9.867298852581019
GOTERM_CC_ALL	GO:0043005~neuron projection	6	25.0	0.0062668827856122164	7431, 4137, 10013, 8678, 2288, 28988	24	966	18224	4.716356107660456	0.7774265028765794	0.048849774981061245	7.788986271563358
GOTERM_BP_ALL	GO:0071310~cellular response to organic substance	9	37.5	0.006514628027365386	7189, 10768, 1639, 10013, 8678, 331, 2288, 836, 118	24	2186	16792	2.8806038426349496	0.9999479202683588	0.09482192162898084	10.297864650825206
GOTERM_BP_ALL	GO:0032502~developmental process	15	62.5	0.006555406607468689	7189, 7431, 2620, 2395, 840, 1639, 4137, 2934, 10013, 8678, 839, 2288, 28988, 836, 118	24	5632	16792	1.8634588068181819	0.9999510481975301	0.09448075068658446	10.359065592465189
GOTERM_MF_ALL	GO:0044877~macromolecular complex binding	7	29.166666666666668	0.006803864343953812	7431, 4137, 10013, 28988, 836, 118, 10134	24	1306	16881	3.77000382848392	0.7818226256103972	0.19546629248905734	8.34094838725199
GOTERM_BP_ALL	GO:0032989~cellular component morphogenesis	7	29.166666666666668	0.007375003816870437	2620, 4137, 2934, 10013, 28988, 836, 118	24	1321	16792	3.7075447893010347	0.9999859110734542	0.10469896167256088	11.580836578729858
GOTERM_BP_ALL	GO:0048699~generation of neurons	7	29.166666666666668	0.008390860661773443	7431, 4137, 10013, 8678, 2288, 28988, 836	24	1357	16792	3.6091869319577503	0.9999969949895601	0.11508335271391879	13.073453186436733
GOTERM_BP_ALL	GO:0048666~neuron development	6	25.0	0.008769731500308912	7431, 4137, 10013, 8678, 2288, 28988	24	965	16792	4.350259067357513	0.9999983118774546	0.11890467900543555	13.624046574286064
GOTERM_BP_ALL	GO:0010033~response to organic substance	10	41.66666666666667	0.009040870442303471	7189, 10768, 1639, 10013, 8678, 331, 2288, 836, 118, 10134	24	2822	16792	2.4793290810300026	0.999998882837493	0.12128072224085829	14.016064736730527
GOTERM_BP_ALL	GO:0048869~cellular developmental process	12	50.0	0.01005718568003071	7189, 7431, 2620, 4137, 2934, 10013, 8678, 839, 2288, 28988, 836, 118	24	3992	16792	2.103206412825651	0.9999997625061622	0.12948019182355364	15.470643299465136
GOTERM_BP_ALL	GO:0022008~neurogenesis	7	29.166666666666668	0.011376419586549958	7431, 4137, 10013, 8678, 2288, 28988, 836	24	1447	16792	3.3847039852568535	0.9999999682512896	0.14286125705272612	17.324289581060636
GOTERM_CC_ALL	GO:0031974~membrane-enclosed lumen	12	50.0	0.012521899991160686	7189, 56616, 2395, 840, 4137, 3710, 10013, 331, 839, 2288, 836, 118	24	4457	18224	2.0444245007852815	0.9507885696610736	0.08244848464169963	15.001725647206888
GOTERM_BP_ALL	GO:0048468~cell development	8	33.33333333333333	0.013486875953489012	7189, 7431, 4137, 10013, 8678, 2288, 28988, 836	24	1968	16792	2.844173441734417	0.9999999987375137	0.16191814714846053	20.210435098219737
GOTERM_BP_ALL	GO:0044767~single-organism developmental process	14	58.333333333333336	0.015302291944963426	7189, 7431, 2620, 2395, 840, 1639, 4137, 2934, 10013, 8678, 2288, 28988, 836, 118	24	5475	16792	1.78910197869102	0.9999999999216359	0.17897397562407114	22.617067684361093
GOTERM_CC_ALL	GO:0044428~nuclear part	11	45.83333333333333	0.016599034887951447	7189, 840, 1639, 4137, 3710, 10013, 331, 839, 2288, 836, 118	24	3981	18224	2.098132797454576	0.9816928554314271	0.09749044084326108	19.418988562853546
GOTERM_CC_ALL	GO:0030425~dendrite	4	16.666666666666664	0.020120893398907606	4137, 10013, 8678, 28988	24	466	18224	6.517882689556509	0.992233471940303	0.11436316159750082	23.063145014288754
GOTERM_BP_ALL	GO:0031175~neuron projection development	5	20.833333333333336	0.02353527748763852	7431, 4137, 10013, 2288, 28988	24	817	16792	4.2819257445940435	0.9999999999999998	0.2431570305366747	32.69991803092389
GOTERM_CC_ALL	GO:0042995~cell projection	7	29.166666666666668	0.02386241466714233	7431, 4137, 10013, 22919, 8678, 2288, 28988	24	1846	18224	2.879378837125316	0.9968872988979515	0.12840888238651804	26.767594661261597
GOTERM_CC_ALL	GO:0031981~nuclear lumen	10	41.66666666666667	0.024942474675974012	7189, 840, 4137, 3710, 10013, 331, 839, 2288, 836, 118	24	3592	18224	2.1139569413511508	0.997610940355832	0.13098247502293536	27.80593065291296
GOTERM_CC_ALL	GO:0098805~whole membrane	6	25.0	0.025159621584749402	7189, 3710, 10013, 8678, 28988, 836	24	1363	18224	3.3426265590608955	0.9977347883122826	0.12925931688943026	28.013042135698306
GOTERM_BP_ALL	GO:0030030~cell projection organization	6	25.0	0.028797074880535668	7431, 4137, 2934, 10013, 2288, 28988	24	1301	16792	3.226748654880861	1.0	0.28039322684898815	38.48257235946744
GOTERM_CC_ALL	GO:0070013~intracellular organelle lumen	11	45.83333333333333	0.029174839016439746	7189, 2395, 840, 4137, 3710, 10013, 331, 839, 2288, 836, 118	24	4328	18224	1.929913739987677	0.9991552958887863	0.13707507660211016	31.745290895273058
GOTERM_CC_ALL	GO:0043233~organelle lumen	11	45.83333333333333	0.032503587926218075	7189, 2395, 840, 4137, 3710, 10013, 331, 839, 2288, 836, 118	24	4400	18224	1.8983333333333332	0.9996282955267236	0.14885405099075966	34.70322107189459
GOTERM_CC_ALL	GO:0012505~endomembrane system	10	41.66666666666667	0.03944549688172065	7189, 10768, 1639, 3710, 10013, 22919, 8678, 2288, 28988, 10134	24	3878	18224	1.9580539797146297	0.9999335092934811	0.16315751342950235	40.49517311108711
GOTERM_BP_ALL	GO:0007275~multicellular organism development	12	50.0	0.04374005822475234	7189, 7431, 2395, 840, 1639, 4137, 10013, 8678, 2288, 28988, 836, 118	24	4877	16792	1.7215501332786551	1.0	0.3623326346437076	52.46329858214693
GOTERM_BP_ALL	GO:0030154~cell differentiation	10	41.66666666666667	0.04475782145892902	7189, 7431, 4137, 10013, 8678, 839, 2288, 28988, 836, 118	24	3652	16792	1.9158451989777292	1.0	0.3652918728276833	53.2975863005982
GOTERM_BP_ALL	GO:0048731~system development	11	45.83333333333333	0.04670782806942826	7189, 7431, 840, 1639, 4137, 10013, 8678, 2288, 28988, 836, 118	24	4291	16792	1.7935990056707838	1.0	0.37419065850032407	54.85775782874407
GOTERM_BP_ALL	GO:0009653~anatomical structure morphogenesis	8	33.33333333333333	0.05657449486492711	7189, 2620, 4137, 2934, 10013, 28988, 836, 118	24	2631	16792	2.127454706702141	1.0	0.4186922683339178	62.02885295978765
GOTERM_BP_ALL	GO:0051239~regulation of multicellular organismal process	8	33.33333333333333	0.05938763293538121	7189, 7431, 10768, 2395, 4137, 3710, 10013, 2288	24	2659	16792	2.1050520245706403	1.0	0.4268167224110896	63.868234335777466
GOTERM_BP_ALL	GO:0050793~regulation of developmental process	7	29.166666666666668	0.06203532966000387	7189, 7431, 2620, 2395, 4137, 2934, 2288	24	2129	16792	2.300454047283545	1.0	0.43551390520323285	65.52265053165198
GOTERM_CC_ALL	GO:0005634~nucleus	14	58.333333333333336	0.06294506204453196	840, 4137, 11076, 3710, 2934, 8678, 331, 839, 2288, 118, 836, 7189, 1639, 10013	24	7048	18224	1.5083238743851686	0.9999998214138364	0.23501565363653598	56.768664456988226
GOTERM_CC_ALL	GO:0005654~nucleoplasm	8	33.33333333333333	0.07036580391395154	840, 3710, 10013, 331, 839, 2288, 836, 118	24	2996	18224	2.0275923453493547	0.9999999732951798	0.2558900482026123	60.982536475417234
GOTERM_BP_ALL	GO:0044707~single-multicellular organism process	13	54.166666666666664	0.0736281519080418	7189, 7431, 2395, 840, 1639, 4137, 3710, 10013, 8678, 2288, 28988, 836, 118	24	5943	16792	1.530484042851534	1.0	0.4848320942166623	71.96328240238978
GOTERM_BP_ALL	GO:0033993~response to lipid	4	16.666666666666664	0.11089814677709442	7189, 10013, 2288, 836	24	860	16792	3.2542635658914727	1.0	0.6068415969011753	85.83563407964819
GOTERM_BP_ALL	GO:0014070~response to organic cyclic compound	4	16.666666666666664	0.12456153500702172	10013, 8678, 2288, 836	24	906	16792	3.089036055923473	1.0	0.6504154851844455	89.0512848973873
GOTERM_BP_ALL	GO:0045595~regulation of cell differentiation	5	20.833333333333336	0.1555571327639728	7189, 7431, 4137, 10013, 2288	24	1544	16792	2.2657599309153715	1.0	0.7261355025555918	93.9874935443889
GOTERM_BP_ALL	GO:0009719~response to endogenous stimulus	5	20.833333333333336	0.15660832214330464	10768, 10013, 8678, 2288, 836	24	1548	16792	2.2599052540913007	1.0	0.7269427634012746	94.11073904288851
GOTERM_MF_ALL	GO:0019899~enzyme binding	5	20.833333333333336	0.22194808688130846	7189, 4137, 10013, 8678, 836	24	1789	16881	1.9658328675237562	1.0	0.9553607031735915	95.93012101166205
GOTERM_MF_ALL	GO:0016787~hydrolase activity	6	25.0	0.27525968917207777	10768, 840, 1639, 10013, 839, 836	24	2603	16881	1.6213023434498655	1.0	0.9771449005445642	98.3543859034287
GOTERM_BP_ALL	GO:2000026~regulation of multicellular organismal development	4	16.666666666666664	0.42412309614435556	7189, 7431, 4137, 2288	24	1721	16792	1.6261863257795854	1.0	0.9769050029108134	99.98965075338548
GOTERM_BP_ALL	GO:0048513~animal organ development	6	25.0	0.4321854506898228	7189, 7431, 840, 2288, 836, 118	24	3129	16792	1.3416426973473954	1.0	0.9786563535525099	99.99181352677104
GOTERM_MF_ALL	GO:0003824~catalytic activity	10	41.66666666666667	0.4398861088966928	7189, 10768, 2395, 840, 1639, 10013, 331, 839, 2288, 836	24	6018	16881	1.1687853107344635	1.0	0.9971917389135911	99.93852098287623

Annotation Cluster 6	Enrichment Score: 1.7841403686837949
Category	Term	Count	%	PValue	Genes	List Total	Pop Hits	Pop Total	Fold Enrichment	Bonferroni	Benjamini	FDR
GOTERM_BP_ALL	GO:0022411~cellular component disassembly	9	37.5	1.992119638270831E-7	840, 1639, 2934, 10013, 8678, 839, 836, 118, 10134	24	502	16792	12.543824701195218	3.0056570441339137E-4	1.001986075634953E-4	3.312369083352529E-4
GOTERM_BP_ALL	GO:0022607~cellular component assembly	15	62.5	9.772236011730201E-7	2395, 4137, 11076, 3710, 2934, 22919, 8678, 331, 28988, 2288, 118, 5339, 7189, 1639, 10013	24	2618	16792	4.008785332314744	0.0014735444004100318	1.843119043059005E-4	0.0016248550058772793
GOTERM_BP_ALL	GO:0044085~cellular component biogenesis	15	62.5	3.693316149718289E-6	2395, 4137, 11076, 3710, 2934, 22919, 8678, 331, 28988, 2288, 118, 5339, 7189, 1639, 10013	24	2914	16792	3.6015785861358953	0.005557722758174788	5.571671608711748E-4	0.0061408421463182705
GOTERM_BP_ALL	GO:0043281~regulation of cysteine-type endopeptidase activity involved in apoptotic process	6	25.0	6.443157018194976E-6	56616, 840, 2934, 331, 836, 10134	24	200	16792	20.99	0.00967564209165761	8.834963291838305E-4	0.010712746606600376
GOTERM_BP_ALL	GO:0043067~regulation of programmed cell death	11	45.83333333333333	7.107554490734567E-6	7189, 56616, 2395, 840, 2934, 10013, 8678, 331, 839, 836, 10134	24	1413	16792	5.4468034913894785	0.010668026483675819	8.933788527795139E-4	0.011817348973985897
GOTERM_BP_ALL	GO:0006461~protein complex assembly	11	45.83333333333333	8.68522794393637E-6	7189, 1639, 4137, 2934, 3710, 11076, 10013, 22919, 2288, 28988, 118	24	1445	16792	5.326182237600922	0.013020555377050047	8.733561278129187E-4	0.014440283848382585
GOTERM_BP_ALL	GO:0070271~protein complex biogenesis	11	45.83333333333333	8.739097160276995E-6	7189, 1639, 4137, 2934, 3710, 11076, 10013, 22919, 2288, 28988, 118	24	1446	16792	5.322498847395113	0.013100783039239672	8.238701348378674E-4	0.014529842080179822
GOTERM_BP_ALL	GO:0012501~programmed cell death	12	50.0	1.0902379940469404E-5	7189, 2620, 56616, 2395, 840, 2934, 10013, 8678, 331, 839, 836, 10134	24	1852	16792	4.533477321814255	0.016317189563405665	9.13570274353348E-4	0.01812626388795202
GOTERM_BP_ALL	GO:2000116~regulation of cysteine-type endopeptidase activity	6	25.0	1.1173351407164897E-5	56616, 840, 2934, 331, 836, 10134	24	224	16792	18.74107142857143	0.016719335689324044	8.870106610914252E-4	0.01857674089676964
GOTERM_BP_ALL	GO:0010941~regulation of cell death	11	45.83333333333333	1.277948933850504E-5	7189, 56616, 2395, 840, 2934, 10013, 8678, 331, 839, 836, 10134	24	1509	16792	5.100287165893528	0.019099618648035	9.63753922303856E-4	0.021246828665466566
GOTERM_BP_ALL	GO:0008219~cell death	12	50.0	1.8655223883143822E-5	7189, 2620, 56616, 2395, 840, 2934, 10013, 8678, 331, 839, 836, 10134	24	1958	16792	4.288049029622063	0.02775844830605756	0.0012232075936572384	0.0310142399649882
GOTERM_BP_ALL	GO:0043280~positive regulation of cysteine-type endopeptidase activity involved in apoptotic process	5	20.833333333333336	1.9130984982815107E-5	56616, 840, 2934, 836, 10134	24	119	16792	29.39775910364146	0.02845620604771426	0.0012021490261350243	0.03180507278501832
GOTERM_BP_ALL	GO:0065009~regulation of molecular function	14	58.333333333333336	2.0846850711201448E-5	2395, 840, 2934, 22919, 8678, 331, 28988, 118, 836, 10768, 7189, 56616, 10013, 10134	24	2863	16792	3.421352893235534	0.030968563710982666	0.0012092000825748572	0.0346572178967719
GOTERM_BP_ALL	GO:2001056~positive regulation of cysteine-type endopeptidase activity	5	20.833333333333336	2.54925646474967E-5	56616, 840, 2934, 836, 10134	24	128	16792	27.330729166666668	0.037738244669025645	0.0013729413092877785	0.042379029366723664
GOTERM_BP_ALL	GO:0071822~protein complex subunit organization	11	45.83333333333333	3.1904644154354895E-5	7189, 1639, 4137, 2934, 3710, 11076, 10013, 22919, 2288, 28988, 118	24	1674	16792	4.597570688968538	0.04700428918380728	0.0016587908230197845	0.05303586098067692
GOTERM_BP_ALL	GO:0006921~cellular component disassembly involved in execution phase of apoptosis	4	16.666666666666664	3.278868611638564E-5	840, 839, 836, 10134	24	46	16792	60.84057971014493	0.048274797341558706	0.0016479386065144652	0.05450504881913121
GOTERM_BP_ALL	GO:0048518~positive regulation of biological process	18	75.0	3.534397794037086E-5	2395, 840, 4137, 2934, 11076, 3710, 8678, 22919, 331, 28988, 836, 10768, 7431, 7189, 56616, 1639, 10013, 10134	24	5285	16792	2.3829706717123935	0.05193764659219535	0.0017190048561844806	0.05875156984550545
GOTERM_BP_ALL	GO:0010950~positive regulation of endopeptidase activity	5	20.833333333333336	3.725965632505339E-5	56616, 840, 2934, 836, 10134	24	141	16792	24.810874704491727	0.05467440785720867	0.0017555156790471926	0.0619350357280557
GOTERM_BP_ALL	GO:0065003~macromolecular complex assembly	11	45.83333333333333	3.841786752481978E-5	7189, 1639, 4137, 2934, 3710, 11076, 10013, 22919, 2288, 28988, 118	24	1710	16792	4.500779727095517	0.056325211325639835	0.0017552358206451846	0.06385969975688521
GOTERM_BP_ALL	GO:0006915~apoptotic process	11	45.83333333333333	4.628230014980126E-5	7189, 2620, 56616, 2395, 840, 2934, 8678, 331, 839, 836, 10134	24	1747	16792	4.40545697385995	0.06745848388627829	0.0019934848545258843	0.07692754391996903
GOTERM_BP_ALL	GO:0033554~cellular response to stress	11	45.83333333333333	5.260903445785734E-5	7189, 56616, 2395, 1639, 10013, 8678, 331, 2288, 28988, 118, 10134	24	1773	16792	4.340853543899229	0.07631956923077388	0.002202823584870006	0.08743912363090578
GOTERM_BP_ALL	GO:0042981~regulation of apoptotic process	10	41.66666666666667	5.27841762899718E-5	7189, 56616, 2395, 840, 2934, 8678, 331, 839, 836, 10134	24	1400	16792	4.9976190476190485	0.07656366843637541	0.002150479648551862	0.08773009899136763
GOTERM_BP_ALL	GO:0010952~positive regulation of peptidase activity	5	20.833333333333336	5.393479833130904E-5	56616, 840, 2934, 836, 10134	24	155	16792	22.56989247311828	0.07816571474187362	0.0021395448926437854	0.08964168796300465
GOTERM_BP_ALL	GO:0033043~regulation of organelle organization	9	37.5	9.259663481592534E-5	2395, 1639, 4137, 2934, 10013, 22919, 8678, 2288, 118	24	1152	16792	5.466145833333334	0.13041117285142767	0.0033214904513065857	0.1538526539085927
GOTERM_BP_ALL	GO:0043068~positive regulation of programmed cell death	7	29.166666666666668	9.82153864850581E-5	7189, 56616, 840, 2934, 10013, 836, 10134	24	577	16792	8.488157134604275	0.13775368147378164	0.0033628396912745995	0.16318124977907633
GOTERM_BP_ALL	GO:0052548~regulation of endopeptidase activity	6	25.0	1.257719717348688E-4	56616, 840, 2934, 331, 836, 10134	24	372	16792	11.28494623655914	0.17287698081659786	0.004208936194787127	0.2089205223668067
GOTERM_BP_ALL	GO:0010942~positive regulation of cell death	7	29.166666666666668	1.2980266762257722E-4	7189, 56616, 840, 2934, 10013, 836, 10134	24	607	16792	8.068643602416255	0.17789317825758577	0.0042493142434850695	0.21560914478976345
GOTERM_BP_ALL	GO:0097194~execution phase of apoptosis	4	16.666666666666664	1.536885350605965E-4	840, 839, 836, 10134	24	77	16792	36.34632034632035	0.2070013998819995	0.00472215870368542	0.25523721485114503
GOTERM_BP_ALL	GO:0052547~regulation of peptidase activity	6	25.0	1.685213675184934E-4	56616, 840, 2934, 331, 836, 10134	24	396	16792	10.6010101010101	0.224556514064717	0.005073489621752469	0.2798383181502717
GOTERM_BP_ALL	GO:0006508~proteolysis	10	41.66666666666667	2.3147161259719074E-4	7189, 56616, 2395, 840, 2934, 10013, 331, 839, 836, 10134	24	1693	16792	4.132703288048829	0.2948403832687555	0.006695390991768968	0.38418146586083335
GOTERM_BP_ALL	GO:0048522~positive regulation of cellular process	16	66.66666666666666	2.4512811948758476E-4	2395, 840, 4137, 11076, 3710, 2934, 8678, 22919, 331, 28988, 836, 7189, 56616, 1639, 10013, 10134	24	4744	16792	2.359752670039348	0.309226763317727	0.006955765254569868	0.4068042527044957
GOTERM_BP_ALL	GO:0030162~regulation of proteolysis	7	29.166666666666668	2.99900689055373E-4	56616, 840, 2934, 10013, 331, 836, 10134	24	708	16792	6.917608286252355	0.36403898418212366	0.00819564945820428	0.497489644379856
GOTERM_BP_ALL	GO:0006950~response to stress	14	58.333333333333336	3.1543105502998444E-4	2395, 3710, 2934, 8678, 331, 28988, 2288, 118, 836, 7189, 56616, 1639, 10013, 10134	24	3677	16792	2.663947058290273	0.378774132954925	0.008465049201641928	0.5231887055301865
GOTERM_BP_ALL	GO:0010035~response to inorganic substance	6	25.0	3.6908766310530893E-4	10768, 2395, 3710, 10013, 8678, 836	24	469	16792	8.950959488272922	0.42710687112012213	0.009725314147027264	0.61192962726353
GOTERM_BP_ALL	GO:0044093~positive regulation of molecular function	10	41.66666666666667	4.351354760888915E-4	7189, 56616, 2395, 840, 2934, 22919, 28988, 836, 118, 10134	24	1840	16792	3.802536231884058	0.4814725616882132	0.011259619124576292	0.7210618011844416
GOTERM_CC_ALL	GO:0043234~protein complex	14	58.333333333333336	4.385683901451546E-4	4137, 3710, 2934, 8678, 2288, 28988, 118, 836, 7189, 56616, 1639, 10013, 10121, 10134	24	4118	18224	2.581512060870973	0.09953216753479388	0.007460661268308244	0.564233737272335
GOTERM_BP_ALL	GO:0050790~regulation of catalytic activity	11	45.83333333333333	5.78577770558152E-4	7189, 56616, 2395, 840, 2934, 10013, 8678, 331, 28988, 836, 10134	24	2357	16792	3.2653090086267853	0.5824397876106138	0.01421482981819655	0.9576866989805644
GOTERM_BP_ALL	GO:0010038~response to metal ion	5	20.833333333333336	7.462091615292955E-4	10768, 2395, 3710, 8678, 836	24	308	16792	11.358225108225108	0.675817924845674	0.017721256550142117	1.2335426562614882
GOTERM_BP_ALL	GO:0043933~macromolecular complex subunit organization	11	45.83333333333333	8.210406170666262E-4	7189, 1639, 4137, 2934, 3710, 11076, 10013, 22919, 2288, 28988, 118	24	2461	16792	3.1273195178111877	0.710459236111401	0.019180222899816912	1.356452803438457
GOTERM_BP_ALL	GO:0043065~positive regulation of apoptotic process	6	25.0	9.108461348008633E-4	7189, 56616, 840, 2934, 836, 10134	24	572	16792	7.33916083916084	0.747183958057799	0.02093307616926099	1.5037679593285058
GOTERM_BP_ALL	GO:0045862~positive regulation of proteolysis	5	20.833333333333336	0.001305108996597201	56616, 840, 2934, 836, 10134	24	358	16792	9.771880819366855	0.8606401360524495	0.02941764960371218	2.148065699357349
GOTERM_BP_ALL	GO:0070887~cellular response to chemical stimulus	11	45.83333333333333	0.0014723755041497635	7189, 10768, 56616, 2395, 1639, 10013, 8678, 331, 2288, 836, 118	24	2648	16792	2.9064702920443097	0.8917651543406909	0.03264124025014781	2.420211287825702
GOTERM_BP_ALL	GO:0032270~positive regulation of cellular protein metabolic process	8	33.33333333333333	0.0022261166839441446	7189, 56616, 840, 2934, 331, 28988, 836, 10134	24	1420	16792	3.9417840375586857	0.965367219464537	0.04626131312580817	3.637759982206301
GOTERM_CC_ALL	GO:0032991~macromolecular complex	14	58.333333333333336	0.002382068048233387	4137, 3710, 2934, 8678, 2288, 28988, 118, 836, 7189, 56616, 1639, 10013, 10121, 10134	24	4868	18224	2.183785264311148	0.43447083726000724	0.02557603878156678	3.029448510645838
GOTERM_BP_ALL	GO:0007165~signal transduction	16	66.66666666666666	0.0024776893098261113	2395, 2934, 3710, 8678, 331, 28988, 2288, 118, 836, 10768, 7431, 7189, 56616, 1639, 10013, 10134	24	5775	16792	1.9384704184704182	0.9763282438962076	0.05066418018227592	4.040947173125009
GOTERM_BP_ALL	GO:0051247~positive regulation of protein metabolic process	8	33.33333333333333	0.003140576255111322	7189, 56616, 840, 2934, 331, 28988, 836, 10134	24	1508	16792	3.711759504862953	0.9913187259895007	0.06212918878215368	5.095754599545133
GOTERM_BP_ALL	GO:0006810~transport	14	58.333333333333336	0.00347085804041406	7189, 10768, 2395, 1639, 4137, 2934, 3710, 10013, 8678, 10121, 2288, 28988, 118, 10134	24	4663	16792	2.100650511115877	0.9947347951290411	0.0667056815090501	5.617233047319859
GOTERM_BP_ALL	GO:0002376~immune system process	10	41.66666666666667	0.0036175280584956	7189, 1639, 2934, 8678, 331, 10121, 28988, 836, 118, 10134	24	2465	16792	2.8384043272481407	0.9957834899216093	0.06771073967228491	5.847944232441559
GOTERM_BP_ALL	GO:0010647~positive regulation of cell communication	8	33.33333333333333	0.003736379851254956	7189, 2934, 3710, 10013, 8678, 331, 28988, 10134	24	1555	16792	3.5995712754555194	0.9964781072819922	0.06900674790129324	6.034508605244482
GOTERM_BP_ALL	GO:0043085~positive regulation of catalytic activity	8	33.33333333333333	0.003790871262840757	7189, 56616, 2395, 840, 2934, 28988, 836, 10134	24	1559	16792	3.590335685268334	0.9967571247271586	0.06913515714892948	6.119928800596641
GOTERM_BP_ALL	GO:0023056~positive regulation of signaling	8	33.33333333333333	0.0038459775414159477	7189, 2934, 3710, 10013, 8678, 331, 28988, 10134	24	1563	16792	3.5811473661761566	0.9970168307199613	0.0692711330964716	6.206238629699879
GOTERM_BP_ALL	GO:0042221~response to chemical	13	54.166666666666664	0.003888924065146821	7189, 10768, 2395, 56616, 1639, 3710, 10013, 8678, 331, 2288, 836, 118, 10134	24	4117	16792	2.20929479394381	0.9972047310159007	0.06919474936480885	6.273451611726111
GOTERM_BP_ALL	GO:0016485~protein processing	4	16.666666666666664	0.003943479022037708	2395, 840, 2934, 331	24	236	16792	11.858757062146893	0.9974264629237617	0.06931744928890393	6.358766968497875
GOTERM_BP_ALL	GO:0009893~positive regulation of metabolic process	11	45.83333333333333	0.004397236692736149	7189, 7431, 56616, 2395, 840, 2934, 10013, 331, 28988, 836, 10134	24	3052	16792	2.521734381826125	0.9987060579354264	0.07525385949967511	7.065549630746482
GOTERM_BP_ALL	GO:0051234~establishment of localization	14	58.333333333333336	0.004488452902273192	7189, 10768, 2395, 1639, 4137, 2934, 3710, 10013, 8678, 10121, 2288, 28988, 118, 10134	24	4790	16792	2.044954766875435	0.9988731412473428	0.07589905877769698	7.207023348978236
GOTERM_BP_ALL	GO:0044700~single organism signaling	16	66.66666666666666	0.00551558487414588	2395, 2934, 3710, 8678, 331, 28988, 2288, 118, 836, 10768, 7431, 7189, 56616, 1639, 10013, 10134	24	6207	16792	1.8035551259330864	0.9997626691694572	0.08763476800090464	8.786165801404898
GOTERM_BP_ALL	GO:0051604~protein maturation	4	16.666666666666664	0.005797389535017497	2395, 840, 2934, 331	24	271	16792	10.327183271832716	0.9998452528066422	0.08911390568779531	9.2149843433724
GOTERM_CC_ALL	GO:0043231~intracellular membrane-bounded organelle	21	87.5	0.00595191614921498	2395, 840, 4137, 2934, 11076, 3710, 8678, 22919, 331, 839, 2288, 28988, 836, 118, 10768, 7431, 7189, 56616, 1639, 10013, 10134	24	11035	18224	1.4450385138196646	0.7599140168429104	0.04967918220254075	7.411282528944396
GOTERM_BP_ALL	GO:0023052~signaling	16	66.66666666666666	0.006048967260056553	2395, 2934, 3710, 8678, 331, 28988, 2288, 118, 836, 10768, 7431, 7189, 56616, 1639, 10013, 10134	24	6260	16792	1.7882854100106496	0.9998943744844686	0.09187645633554176	9.596205468267083
GOTERM_BP_ALL	GO:0007154~cell communication	16	66.66666666666666	0.006207701421121242	2395, 2934, 3710, 8678, 331, 28988, 2288, 118, 836, 10768, 7431, 7189, 56616, 1639, 10013, 10134	24	6275	16792	1.7840106241699865	0.9999169956391722	0.0932435897537306	9.83596407338272
GOTERM_BP_ALL	GO:0080134~regulation of response to stress	7	29.166666666666668	0.006452988038928665	7189, 2934, 10013, 331, 2288, 28988, 10134	24	1285	16792	3.811413748378729	0.9999428089388128	0.09487735575997924	10.205280128355875
GOTERM_BP_ALL	GO:0071310~cellular response to organic substance	9	37.5	0.006514628027365386	7189, 10768, 1639, 10013, 8678, 331, 2288, 836, 118	24	2186	16792	2.8806038426349496	0.9999479202683588	0.09482192162898084	10.297864650825206
GOTERM_BP_ALL	GO:0080135~regulation of cellular response to stress	5	20.833333333333336	0.007439451799471511	7189, 10013, 2288, 28988, 10134	24	581	16792	6.02122776821572	0.9999872260059649	0.10458820509819045	11.67624224998609
GOTERM_BP_ALL	GO:0097190~apoptotic signaling pathway	5	20.833333333333336	0.007528970612456157	56616, 2395, 2934, 836, 10134	24	583	16792	6.000571755288736	0.9999888514563016	0.10481099537156846	11.808601043008359
GOTERM_CC_ALL	GO:0048471~perinuclear region of cytoplasm	5	20.833333333333336	0.007796160332015394	7189, 11076, 10013, 2288, 10134	24	639	18224	5.941575378195097	0.8459662454954653	0.05855693345795099	9.602753939909492
GOTERM_BP_ALL	GO:0010033~response to organic substance	10	41.66666666666667	0.009040870442303471	7189, 10768, 1639, 10013, 8678, 331, 2288, 836, 118, 10134	24	2822	16792	2.4793290810300026	0.999998882837493	0.12128072224085829	14.016064736730527
GOTERM_CC_ALL	GO:0098796~membrane protein complex	6	25.0	0.009732223384610843	7189, 56616, 1639, 8678, 836, 10134	24	1074	18224	4.242085661080075	0.9034209995807662	0.06643704714972132	11.851772866544463
GOTERM_BP_ALL	GO:0010604~positive regulation of macromolecule metabolic process	10	41.66666666666667	0.009782180899666773	7189, 7431, 56616, 840, 2934, 10013, 331, 28988, 836, 10134	24	2856	16792	2.4498132586367882	0.9999996388542456	0.12945459933215842	15.079348001758675
GOTERM_BP_ALL	GO:0051179~localization	15	62.5	0.009912265924993155	2395, 4137, 3710, 2934, 8678, 22919, 28988, 2288, 118, 10768, 7189, 1639, 10013, 10121, 10134	24	5872	16792	1.7872956403269755	0.9999997038011237	0.1299350009747895	15.264653425034226
GOTERM_BP_ALL	GO:0032268~regulation of cellular protein metabolic process	9	37.5	0.009974960996122413	7189, 56616, 840, 2934, 10013, 331, 28988, 836, 10134	24	2346	16792	2.684143222506394	0.9999997307947598	0.12958666329063984	15.353826438264583
GOTERM_BP_ALL	GO:0009967~positive regulation of signal transduction	7	29.166666666666668	0.010690322360838975	7189, 2934, 10013, 8678, 331, 28988, 10134	24	1428	16792	3.4297385620915035	0.9999999095566777	0.1359399368834625	16.365080632149443
GOTERM_BP_ALL	GO:0008104~protein localization	9	37.5	0.012824604356377335	7189, 10768, 2934, 3710, 10013, 22919, 8678, 2288, 10134	24	2448	16792	2.5723039215686274	0.9999999965243774	0.1570563728503741	19.315105528984855
GOTERM_BP_ALL	GO:0065008~regulation of biological quality	11	45.83333333333333	0.01315603394752267	7189, 2620, 2395, 4137, 2934, 3710, 10013, 331, 836, 118, 10134	24	3548	16792	2.1692033070274332	0.9999999979060252	0.15951457555383664	19.76434121456172
GOTERM_BP_ALL	GO:0051246~regulation of protein metabolic process	9	37.5	0.01490447460113017	7189, 56616, 840, 2934, 10013, 331, 28988, 836, 10134	24	2512	16792	2.506767515923567	0.9999999998558466	0.17607555056195323	22.095607160610832
GOTERM_BP_ALL	GO:0023051~regulation of signaling	10	41.66666666666667	0.01560144176388861	7189, 10768, 2395, 2934, 3710, 10013, 8678, 331, 28988, 10134	24	3070	16792	2.2790445168295332	0.9999999999504559	0.18077481440331722	23.007031545300492
GOTERM_BP_ALL	GO:0051641~cellular localization	9	37.5	0.015926540061230503	10768, 1639, 4137, 2934, 3710, 10013, 22919, 8678, 10134	24	2541	16792	2.4781582054309323	0.9999999999699027	0.182813743204842	23.428726537321552
GOTERM_BP_ALL	GO:0006979~response to oxidative stress	4	16.666666666666664	0.016025831388817545	56616, 2395, 10013, 836	24	394	16792	7.10321489001692	0.9999999999741537	0.18247852656345398	23.55708700499567
GOTERM_BP_ALL	GO:0044708~single-organism behavior	4	16.666666666666664	0.01613414241340034	2395, 4137, 3710, 836	24	395	16792	7.085232067510548	0.9999999999781094	0.18224150689168517	23.696877191060505
GOTERM_BP_ALL	GO:0051716~cellular response to stimulus	16	66.66666666666666	0.017506127899151576	2395, 2934, 3710, 8678, 331, 28988, 2288, 118, 836, 10768, 7431, 7189, 56616, 1639, 10013, 10134	24	6927	16792	1.616091622154853	0.9999999999973347	0.19480631737542187	25.446942361431635
GOTERM_BP_ALL	GO:0051130~positive regulation of cellular component organization	6	25.0	0.019931150197602204	1639, 4137, 2934, 11076, 10013, 8678	24	1183	16792	3.5486052409129334	0.999999999999936	0.21575906859016503	28.4483128778652
GOTERM_BP_ALL	GO:0032501~multicellular organismal process	16	66.66666666666666	0.020228267746568745	2395, 840, 4137, 2934, 3710, 8678, 28988, 2288, 118, 836, 10768, 7431, 7189, 1639, 10013, 10134	24	7027	16792	1.5930933067691284	0.9999999999999595	0.21709300102592766	28.80813438998201
GOTERM_BP_ALL	GO:0042592~homeostatic process	7	29.166666666666668	0.020534802673700055	7189, 2395, 3710, 331, 836, 118, 10134	24	1645	16792	2.977304964539007	0.9999999999999747	0.21698719338307382	29.177577909704056
GOTERM_BP_ALL	GO:0043066~negative regulation of apoptotic process	5	20.833333333333336	0.023629405296709483	7189, 2395, 8678, 331, 836	24	818	16792	4.276691116544417	0.9999999999999998	0.24238156746208706	32.80770689161693
GOTERM_BP_ALL	GO:0043069~negative regulation of programmed cell death	5	20.833333333333336	0.02468029523509531	7189, 2395, 8678, 331, 836	24	829	16792	4.219943707277845	1.0	0.2501345142209255	34.00014915469178
GOTERM_CC_ALL	GO:0098805~whole membrane	6	25.0	0.025159621584749402	7189, 3710, 10013, 8678, 28988, 836	24	1363	18224	3.3426265590608955	0.9977347883122826	0.12925931688943026	28.013042135698306
GOTERM_CC_ALL	GO:0031988~membrane-bounded vesicle	10	41.66666666666667	0.02575896032075344	5339, 7431, 10768, 2934, 3710, 8678, 10121, 2288, 28988, 10134	24	3611	18224	2.102833933351796	0.9980444252456268	0.1294251869230083	28.581841796467966
GOTERM_CC_ALL	GO:0016020~membrane	18	75.0	0.026794857674909973	2620, 4137, 2934, 3710, 8678, 22919, 2288, 28988, 836, 118, 5339, 10768, 7431, 7189, 56616, 1639, 10013, 10134	24	9462	18224	1.4445149017121115	0.9984834720681462	0.1290001225382298	29.555189724797803
GOTERM_BP_ALL	GO:0033036~macromolecule localization	9	37.5	0.02846342904646586	7189, 10768, 2934, 3710, 10013, 22919, 8678, 2288, 10134	24	2817	16792	2.235356762513312	1.0	0.27936848894499444	38.13023066311171
GOTERM_CC_ALL	GO:0070013~intracellular organelle lumen	11	45.83333333333333	0.029174839016439746	7189, 2395, 840, 4137, 3710, 10013, 331, 839, 2288, 836, 118	24	4328	18224	1.929913739987677	0.9991552958887863	0.13707507660211016	31.745290895273058
GOTERM_BP_ALL	GO:0031325~positive regulation of cellular metabolic process	9	37.5	0.029703436042270877	7189, 56616, 840, 2934, 10013, 331, 28988, 836, 10134	24	2839	16792	2.2180345191969004	1.0	0.2861263730408903	39.43022557078228
GOTERM_BP_ALL	GO:0044765~single-organism transport	10	41.66666666666667	0.03014706875411154	7189, 10768, 2395, 1639, 4137, 2934, 3710, 8678, 2288, 118	24	3415	16792	2.048804294777941	1.0	0.2879771209510751	39.889051725021496
GOTERM_BP_ALL	GO:0060548~negative regulation of cell death	5	20.833333333333336	0.031816472371757776	7189, 2395, 8678, 331, 836	24	897	16792	3.9000371609067264	1.0	0.29781687783359667	41.586520015442666
GOTERM_BP_ALL	GO:0051336~regulation of hydrolase activity	6	25.0	0.031941902026497146	56616, 840, 2934, 331, 836, 10134	24	1337	16792	3.1398653702318624	1.0	0.2970179802140166	41.712221390528484
GOTERM_CC_ALL	GO:0043233~organelle lumen	11	45.83333333333333	0.032503587926218075	7189, 2395, 840, 4137, 3710, 10013, 331, 839, 2288, 836, 118	24	4400	18224	1.8983333333333332	0.9996282955267236	0.14885405099075966	34.70322107189459
GOTERM_CC_ALL	GO:0031982~vesicle	10	41.66666666666667	0.032557164839271735	5339, 7431, 10768, 2934, 3710, 8678, 10121, 2288, 28988, 10134	24	3754	18224	2.022731308826141	0.9996331827836344	0.1463320154330282	34.74984743956623
GOTERM_BP_ALL	GO:0051345~positive regulation of hydrolase activity	5	20.833333333333336	0.03412832222324934	56616, 840, 2934, 836, 10134	24	917	16792	3.814976372228281	1.0	0.3103863801365597	43.86295293407596
GOTERM_CC_ALL	GO:0005789~endoplasmic reticulum membrane	5	20.833333333333336	0.03455147448792685	10768, 3710, 8678, 2288, 10134	24	999	18224	3.8004671338004674	0.999775993540952	0.15192066453872055	36.46374269504972
GOTERM_CC_ALL	GO:0042175~nuclear outer membrane-endoplasmic reticulum membrane network	5	20.833333333333336	0.03701256642734054	10768, 3710, 8678, 2288, 10134	24	1021	18224	3.7185765589291546	0.9998782894712782	0.1591513155941816	38.52152487317856
GOTERM_CC_ALL	GO:0044459~plasma membrane part	8	33.33333333333333	0.03879682164813924	7189, 10768, 56616, 3710, 10013, 22919, 836, 10134	24	2635	18224	2.3053763440860218	0.9999218673836691	0.1634223244047036	39.97474859378192
GOTERM_BP_ALL	GO:0007610~behavior	4	16.666666666666664	0.039274575911378576	2395, 4137, 3710, 836	24	557	16792	5.024536205864751	1.0	0.3467389643940686	48.63449375126292
GOTERM_CC_ALL	GO:0012505~endomembrane system	10	41.66666666666667	0.03944549688172065	7189, 10768, 1639, 3710, 10013, 22919, 8678, 2288, 28988, 10134	24	3878	18224	1.9580539797146297	0.9999335092934811	0.16315751342950235	40.49517311108711
GOTERM_BP_ALL	GO:0032880~regulation of protein localization	5	20.833333333333336	0.03968978262635574	7189, 2934, 3710, 10013, 10134	24	962	16792	3.6365211365211367	1.0	0.3458344080501541	49.0023640066342
GOTERM_BP_ALL	GO:0010646~regulation of cell communication	9	37.5	0.04142365562434648	7189, 2395, 2934, 3710, 10013, 8678, 331, 28988, 10134	24	3020	16792	2.0850993377483444	1.0	0.3541960541877699	50.51196969165357
GOTERM_BP_ALL	GO:1902578~single-organism localization	10	41.66666666666667	0.04212915430591582	7189, 10768, 2395, 1639, 4137, 2934, 3710, 8678, 2288, 118	24	3614	16792	1.9359896698026196	1.0	0.3571492262510956	51.114110283776284
GOTERM_BP_ALL	GO:0032879~regulation of localization	8	33.33333333333333	0.0423481631229422	7189, 10768, 4137, 2934, 3710, 10013, 22919, 10134	24	2473	16792	2.263377813721526	1.0	0.3567287012019421	51.29962844893707
GOTERM_BP_ALL	GO:0050896~response to stimulus	17	70.83333333333334	0.04284910835073466	2395, 840, 2934, 3710, 8678, 331, 28988, 2288, 118, 836, 10768, 7431, 7189, 56616, 1639, 10013, 10134	24	8329	16792	1.4280625925481252	1.0	0.35823095516290726	51.72148485893062
GOTERM_BP_ALL	GO:0048589~developmental growth	4	16.666666666666664	0.04402187310679783	2395, 4137, 10013, 118	24	583	16792	4.800457404230989	1.0	0.36231083259926333	52.695701300906705
GOTERM_BP_ALL	GO:1901700~response to oxygen-containing compound	6	25.0	0.04499787752140608	7189, 10768, 2395, 10013, 8678, 836	24	1466	16792	2.863574351978172	1.0	0.3649793169670914	53.49235085353449
GOTERM_BP_ALL	GO:0010638~positive regulation of organelle organization	4	16.666666666666664	0.04727736978921095	1639, 4137, 2934, 8678	24	600	16792	4.664444444444444	1.0	0.3759368811711923	55.304112818992124
GOTERM_BP_ALL	GO:0016192~vesicle-mediated transport	6	25.0	0.0482113312895139	1639, 2934, 8678, 10121, 28988, 10134	24	1494	16792	2.8099062918340025	1.0	0.37995830191029545	56.02709997251707
GOTERM_BP_ALL	GO:0051649~establishment of localization in cell	7	29.166666666666668	0.04839198935353786	10768, 1639, 4137, 3710, 10013, 8678, 10134	24	2004	16792	2.4439454424484364	1.0	0.37920147020898376	56.16567402707271
GOTERM_BP_ALL	GO:0048584~positive regulation of response to stimulus	7	29.166666666666668	0.05105252000945916	7189, 2934, 10013, 8678, 331, 28988, 10134	24	2030	16792	2.4126436781609195	1.0	0.39375469951313047	58.15949793375525
GOTERM_BP_ALL	GO:0070848~response to growth factor	4	16.666666666666664	0.05414262464627691	10013, 8678, 331, 836	24	634	16792	4.414300736067298	1.0	0.4084305947038671	60.368197455840345
GOTERM_CC_ALL	GO:0005739~mitochondrion	6	25.0	0.05717541989279445	7189, 56616, 2395, 8678, 2288, 10134	24	1700	18224	2.6799999999999997	0.9999992255663213	0.22218785796339402	53.20653099064061
GOTERM_CC_ALL	GO:0044432~endoplasmic reticulum part	5	20.833333333333336	0.05739472692436111	10768, 3710, 8678, 2288, 10134	24	1177	18224	3.2257150948739732	0.9999992674492447	0.21951317915856638	53.34673504130036
GOTERM_BP_ALL	GO:0070925~organelle assembly	4	16.666666666666664	0.058181714561889926	2934, 8678, 331, 28988	24	653	16792	4.285860132720776	1.0	0.42588855704289286	63.090240102431814
GOTERM_BP_ALL	GO:0035556~intracellular signal transduction	8	33.33333333333333	0.05918371456894968	7189, 56616, 3710, 8678, 331, 28988, 836, 10134	24	2657	16792	2.1066365575210133	1.0	0.42955721490007504	63.73776914443769
GOTERM_BP_ALL	GO:0051239~regulation of multicellular organismal process	8	33.33333333333333	0.05938763293538121	7189, 7431, 10768, 2395, 4137, 3710, 10013, 2288	24	2659	16792	2.1050520245706403	1.0	0.4268167224110896	63.868234335777466
GOTERM_BP_ALL	GO:0046907~intracellular transport	6	25.0	0.06082172048702392	10768, 1639, 4137, 10013, 8678, 10134	24	1594	16792	2.633626097867001	1.0	0.43277776335669327	64.77336661355858
GOTERM_BP_ALL	GO:0034613~cellular protein localization	6	25.0	0.0616351257654336	10768, 2934, 10013, 22919, 8678, 10134	24	1600	16792	2.62375	1.0	0.43527236027203053	65.27723549366479
GOTERM_BP_ALL	GO:0070727~cellular macromolecule localization	6	25.0	0.06341965452023818	10768, 2934, 10013, 22919, 8678, 10134	24	1613	16792	2.6026038437693737	1.0	0.44098896406782595	66.35903939890885
GOTERM_BP_ALL	GO:0009966~regulation of signal transduction	8	33.33333333333333	0.06670620498537652	7189, 2395, 2934, 10013, 8678, 331, 28988, 10134	24	2728	16792	2.0518084066471163	1.0	0.4562173590804527	68.2689822346789
GOTERM_BP_ALL	GO:0044707~single-multicellular organism process	13	54.166666666666664	0.0736281519080418	7189, 7431, 2395, 840, 1639, 4137, 3710, 10013, 8678, 2288, 28988, 836, 118	24	5943	16792	1.530484042851534	1.0	0.4848320942166623	71.96328240238978
GOTERM_CC_ALL	GO:0005768~endosome	4	16.666666666666664	0.080298401434321	7189, 10013, 8678, 28988	24	811	18224	3.745170571311138	0.9999999979506365	0.28353719387589915	66.030944225941
GOTERM_BP_ALL	GO:0019538~protein metabolic process	12	50.0	0.09131200870656109	7189, 56616, 2395, 840, 2934, 10013, 331, 839, 2288, 28988, 836, 10134	24	5457	16792	1.5385743082279641	1.0	0.5559210340258927	79.65083302481314
GOTERM_BP_ALL	GO:0019222~regulation of metabolic process	13	54.166666666666664	0.09522514608263788	7189, 7431, 10768, 2395, 56616, 840, 2934, 10013, 8678, 331, 28988, 836, 10134	24	6171	16792	1.473937233295522	1.0	0.5638173435934022	81.05989084609438
GOTERM_BP_ALL	GO:0070201~regulation of establishment of protein localization	4	16.666666666666664	0.0995500759850316	7189, 3710, 10013, 10134	24	820	16792	3.4130081300813004	1.0	0.576826036843787	82.510329946389
GOTERM_BP_ALL	GO:0044267~cellular protein metabolic process	11	45.83333333333333	0.10285925043050814	7189, 56616, 2395, 840, 2934, 10013, 331, 2288, 28988, 836, 10134	24	4900	16792	1.5706802721088435	1.0	0.5874322793171132	83.5489083972254
GOTERM_BP_ALL	GO:0015031~protein transport	6	25.0	0.10306297529145576	7189, 10768, 3710, 10013, 8678, 10134	24	1860	16792	2.256989247311828	1.0	0.5862268694857578	83.61091411327845
GOTERM_BP_ALL	GO:0048583~regulation of response to stimulus	9	37.5	0.10454867614801858	7189, 2395, 2934, 10013, 8678, 331, 2288, 28988, 10134	24	3636	16792	1.7318481848184817	1.0	0.5878451794317266	84.05650491719076
GOTERM_BP_ALL	GO:0009725~response to hormone	4	16.666666666666664	0.10916347952555423	10768, 10013, 2288, 836	24	854	16792	3.2771272443403587	1.0	0.6026429155431412	85.36906173561518
GOTERM_BP_ALL	GO:1901701~cellular response to oxygen-containing compound	4	16.666666666666664	0.12638976942213787	7189, 10768, 2395, 10013	24	912	16792	3.0687134502923974	1.0	0.654224763470445	89.42532745711738
GOTERM_BP_ALL	GO:1902533~positive regulation of intracellular signal transduction	4	16.666666666666664	0.1273077509115847	7189, 8678, 28988, 10134	24	915	16792	3.0586520947176683	1.0	0.6551631910361848	89.608577868456
GOTERM_BP_ALL	GO:0040007~growth	4	16.666666666666664	0.13255757872476326	2395, 4137, 10013, 118	24	932	16792	3.0028612303290414	1.0	0.6691629173079608	90.60052583903291
GOTERM_BP_ALL	GO:0045184~establishment of protein localization	6	25.0	0.13459487179290325	7189, 10768, 3710, 10013, 8678, 10134	24	2021	16792	2.0771895101434934	1.0	0.6714103061850487	90.96092906163207
GOTERM_CC_ALL	GO:0005783~endoplasmic reticulum	5	20.833333333333336	0.1517972815317341	10768, 3710, 8678, 2288, 10134	24	1660	18224	2.28714859437751	1.0	0.4490881650103793	88.0403018223598
GOTERM_BP_ALL	GO:0009719~response to endogenous stimulus	5	20.833333333333336	0.15660832214330464	10768, 10013, 8678, 2288, 836	24	1548	16792	2.2599052540913007	1.0	0.7269427634012746	94.11073904288851
GOTERM_BP_ALL	GO:0006886~intracellular protein transport	4	16.666666666666664	0.16095256646380485	10768, 10013, 8678, 10134	24	1020	16792	2.7437908496732026	1.0	0.7357106631574497	94.59533312786284
GOTERM_CC_ALL	GO:0098588~bounding membrane of organelle	5	20.833333333333336	0.17193945726048815	7189, 3710, 8678, 28988, 10134	24	1742	18224	2.1794871794871797	1.0	0.48983104668416866	91.22824548904129
GOTERM_BP_ALL	GO:0044248~cellular catabolic process	5	20.833333333333336	0.17491283554109327	10768, 10013, 8678, 836, 10134	24	1616	16792	2.1648102310231025	1.0	0.7605021055788259	95.91106270527823
GOTERM_CC_ALL	GO:0016023~cytoplasmic, membrane-bounded vesicle	4	16.666666666666664	0.1848585671019919	3710, 8678, 28988, 10134	24	1183	18224	2.567483798253029	1.0	0.5023500183131423	92.83860027317645
GOTERM_CC_ALL	GO:0005773~vacuole	4	16.666666666666664	0.19423797259996883	7189, 10013, 8678, 28988	24	1212	18224	2.506050605060506	1.0	0.5166367993134376	93.83169918202324
GOTERM_BP_ALL	GO:0043170~macromolecule metabolic process	16	66.66666666666666	0.20254573519159536	2395, 840, 2934, 8678, 331, 839, 28988, 2288, 118, 836, 10768, 7431, 7189, 56616, 10013, 10134	24	9130	16792	1.2261409273457466	1.0	0.8125385768713059	97.67927257088066
GOTERM_BP_ALL	GO:1902531~regulation of intracellular signal transduction	5	20.833333333333336	0.20262698460098483	7189, 8678, 331, 28988, 10134	24	1714	16792	2.0410346168805913	1.0	0.8111430585440969	97.68320098112142
GOTERM_CC_ALL	GO:0031410~cytoplasmic vesicle	4	16.666666666666664	0.2180672102051058	3710, 8678, 28988, 10134	24	1284	18224	2.3655244029075804	1.0	0.5580411422592977	95.81209273140482
GOTERM_CC_ALL	GO:0097708~intracellular vesicle	4	16.666666666666664	0.2187391831297714	3710, 8678, 28988, 10134	24	1286	18224	2.361845515811301	1.0	0.5543261186127775	95.85827920142341
GOTERM_BP_ALL	GO:0071495~cellular response to endogenous stimulus	4	16.666666666666664	0.21875132971042438	10768, 10013, 8678, 2288	24	1185	16792	2.3617440225035162	1.0	0.8346327629020985	98.35044747253224
GOTERM_BP_ALL	GO:0009057~macromolecule catabolic process	4	16.666666666666664	0.22460679140936057	10013, 8678, 836, 10134	24	1201	16792	2.330280321953927	1.0	0.8420559376758605	98.54440847322721
GOTERM_BP_ALL	GO:0051049~regulation of transport	5	20.833333333333336	0.2268770479708494	7189, 10768, 4137, 3710, 10134	24	1796	16792	1.9478470675575354	1.0	0.8439930463182082	98.61367272411712
GOTERM_BP_ALL	GO:0060255~regulation of macromolecule metabolic process	11	45.83333333333333	0.24682574112928055	7189, 7431, 10768, 56616, 840, 2934, 10013, 331, 28988, 836, 10134	24	5815	16792	1.3235310977357408	1.0	0.8695614352931782	99.10237812468702
GOTERM_BP_ALL	GO:0031323~regulation of cellular metabolic process	11	45.83333333333333	0.25249041398264405	7189, 10768, 56616, 840, 2934, 10013, 8678, 331, 28988, 836, 10134	24	5844	16792	1.3169632671686058	1.0	0.8752184892753301	99.20826986122228
GOTERM_BP_ALL	GO:1901575~organic substance catabolic process	5	20.833333333333336	0.2553617885279751	10768, 10013, 8678, 836, 10134	24	1889	16792	1.8519498853008647	1.0	0.8773926681593982	99.25734797812824
GOTERM_BP_ALL	GO:0071702~organic substance transport	6	25.0	0.2942631632419799	7189, 10768, 3710, 10013, 8678, 10134	24	2657	16792	1.5799774181407602	1.0	0.9143515590312484	99.6956837303082
GOTERM_BP_ALL	GO:0009056~catabolic process	5	20.833333333333336	0.2942978558973068	10768, 10013, 8678, 836, 10134	24	2012	16792	1.7387342611000662	1.0	0.9133968451427572	99.69593237380285
GOTERM_MF_ALL	GO:0046914~transition metal ion binding	4	16.666666666666664	0.30581211476589754	7189, 2395, 10013, 331	24	1423	16881	1.977160927617709	1.0	0.9829207464084332	99.0500498579616
GOTERM_BP_ALL	GO:0006811~ion transport	4	16.666666666666664	0.3222763416320117	10768, 2395, 3710, 2288	24	1458	16792	1.919524462734339	1.0	0.9339739955895259	99.84481593574006
GOTERM_BP_ALL	GO:0044260~cellular macromolecule metabolic process	14	58.333333333333336	0.3368145551331571	2395, 840, 2934, 8678, 331, 28988, 2288, 118, 836, 10768, 7189, 56616, 10013, 10134	24	8387	16792	1.1679186041890228	1.0	0.9425004443836873	99.89179282840588
GOTERM_BP_ALL	GO:0042127~regulation of cell proliferation	4	16.666666666666664	0.35881560284834946	7189, 2395, 8678, 331	24	1552	16792	1.8032646048109964	1.0	0.9532229130597906	99.9382508605069
GOTERM_CC_ALL	GO:0044425~membrane part	11	45.83333333333333	0.3941150043197764	7189, 10768, 56616, 1639, 3710, 10013, 22919, 8678, 2288, 836, 10134	24	7057	18224	1.1836002078314676	1.0	0.7846121274722044	99.84402298346077
GOTERM_BP_ALL	GO:0080090~regulation of primary metabolic process	10	41.66666666666667	0.3952040187044277	7189, 10768, 56616, 840, 2934, 10013, 331, 28988, 836, 10134	24	5798	16792	1.2067379556168794	1.0	0.9682286573091077	99.97662633561713
GOTERM_CC_ALL	GO:0031090~organelle membrane	5	20.833333333333336	0.43406499802498977	7189, 3710, 8678, 28988, 10134	24	2646	18224	1.434870244394054	1.0	0.8213345446551551	99.93529370555655
GOTERM_MF_ALL	GO:0003824~catalytic activity	10	41.66666666666667	0.4398861088966928	7189, 10768, 2395, 840, 1639, 10013, 331, 839, 2288, 836	24	6018	16881	1.1687853107344635	1.0	0.9971917389135911	99.93852098287623
GOTERM_BP_ALL	GO:0007166~cell surface receptor signaling pathway	5	20.833333333333336	0.5085982211682827	7189, 7431, 56616, 331, 836	24	2669	16792	1.3107281129012116	1.0	0.9914774616530083	99.9992597144437
GOTERM_BP_ALL	GO:0071704~organic substance metabolic process	16	66.66666666666666	0.536510518724697	2395, 840, 2934, 8678, 331, 839, 28988, 2288, 118, 836, 10768, 7431, 7189, 56616, 10013, 10134	24	10707	16792	1.0455465271940474	1.0	0.9941095123411892	99.9997200269805
GOTERM_BP_ALL	GO:0009605~response to external stimulus	4	16.666666666666664	0.5530842276325736	7189, 8678, 331, 836	24	2073	16792	1.350056279144557	1.0	0.9952701403364862	99.9998471845156
GOTERM_BP_ALL	GO:0008152~metabolic process	16	66.66666666666666	0.6237777056413457	2395, 840, 2934, 8678, 331, 839, 28988, 2288, 118, 836, 10768, 7431, 7189, 56616, 10013, 10134	24	11075	16792	1.0108051166290444	1.0	0.998450779898271	99.99999127526516
GOTERM_BP_ALL	GO:0010467~gene expression	8	33.33333333333333	0.6248561615605526	7189, 7431, 10768, 2395, 840, 2934, 10013, 331	24	5306	16792	1.0549063952757884	1.0	0.9984362470108862	99.99999168192731
GOTERM_BP_ALL	GO:0006464~cellular protein modification process	6	25.0	0.6258035689387756	7189, 2395, 10013, 331, 2288, 28988	24	3818	16792	1.0995285489785227	1.0	0.9984181604580049	99.99999202440848
GOTERM_BP_ALL	GO:0036211~protein modification process	6	25.0	0.6258035689387756	7189, 2395, 10013, 331, 2288, 28988	24	3818	16792	1.0995285489785227	1.0	0.9984181604580049	99.99999202440848
GOTERM_BP_ALL	GO:0031324~negative regulation of cellular metabolic process	4	16.666666666666664	0.6417366743068178	7189, 10013, 8678, 331	24	2345	16792	1.193461265103056	1.0	0.9987758310908034	99.99999613143054
GOTERM_BP_ALL	GO:0044710~single-organism metabolic process	6	25.0	0.6862091098637121	7189, 10768, 2395, 2934, 28988, 10134	24	4063	16792	1.0332266797932563	1.0	0.9994679009313662	99.99999957298373
GOTERM_BP_ALL	GO:0043412~macromolecule modification	6	25.0	0.6866782202471094	7189, 2395, 10013, 331, 2288, 28988	24	4065	16792	1.0327183271832718	1.0	0.9994557029016726	99.9999995834752
GOTERM_BP_ALL	GO:0009892~negative regulation of metabolic process	4	16.666666666666664	0.69310281657315	7189, 10013, 8678, 331	24	2522	16792	1.1097012952683056	1.0	0.9995082301220365	99.99999970485672
GOTERM_MF_ALL	GO:0046872~metal ion binding	6	25.0	0.7048891497652892	7189, 2395, 2934, 3710, 10013, 331	24	4166	16881	1.0130220835333654	1.0	0.9999812816405892	99.999982680774
GOTERM_MF_ALL	GO:0043169~cation binding	6	25.0	0.7153579076822523	7189, 2395, 2934, 3710, 10013, 331	24	4213	16881	1.0017208639924045	1.0	0.9999791279283966	99.99998907505291
GOTERM_BP_ALL	GO:0044237~cellular metabolic process	14	58.333333333333336	0.7381773110821641	2395, 840, 2934, 8678, 331, 28988, 2288, 118, 836, 10768, 7189, 56616, 10013, 10134	24	10202	16792	0.960138534927792	1.0	0.9998168260291598	99.99999997896307
GOTERM_BP_ALL	GO:0010468~regulation of gene expression	6	25.0	0.7482496247090337	7189, 7431, 10768, 2934, 10013, 331	24	4345	16792	0.9661680092059838	1.0	0.9998521700678599	99.9999999890428
GOTERM_MF_ALL	GO:0043167~ion binding	6	25.0	0.7518964661712241	7189, 2395, 2934, 3710, 10013, 331	24	4386	16881	0.9622093023255814	1.0	0.9999899973150991	99.99999810656753
GOTERM_BP_ALL	GO:0044238~primary metabolic process	13	54.166666666666664	0.8600552199214849	2395, 840, 2934, 331, 839, 28988, 2288, 836, 10768, 7189, 56616, 10013, 10134	24	10243	16792	0.887988545022617	1.0	0.99999635052276	99.99999999999936
GOTERM_BP_ALL	GO:0051252~regulation of RNA metabolic process	4	16.666666666666664	0.9160635265206942	7189, 10768, 10013, 331	24	3762	16792	0.7439305334042176	1.0	0.9999998495175478	100.0
GOTERM_BP_ALL	GO:0034641~cellular nitrogen compound metabolic process	7	29.166666666666668	0.9315406548065318	7189, 10768, 2395, 10013, 8678, 331, 836	24	6505	16792	0.7529080194722009	1.0	0.9999999556241721	100.0
GOTERM_BP_ALL	GO:0006139~nucleobase-containing compound metabolic process	6	25.0	0.9394067992605419	7189, 10768, 2395, 10013, 331, 836	24	5794	16792	0.7245426303072144	1.0	0.9999999778950145	100.0
GOTERM_BP_ALL	GO:0019219~regulation of nucleobase-containing compound metabolic process	4	16.666666666666664	0.9447025243891898	7189, 10768, 10013, 331	24	4104	16792	0.6819363222871995	1.0	0.9999999865859032	100.0
GOTERM_BP_ALL	GO:0046483~heterocycle metabolic process	6	25.0	0.9476263373377236	7189, 10768, 2395, 10013, 331, 836	24	5919	16792	0.7092414259165399	1.0	0.9999999896965862	100.0
GOTERM_BP_ALL	GO:0006725~cellular aromatic compound metabolic process	6	25.0	0.9504080396477029	7189, 10768, 2395, 10013, 331, 836	24	5965	16792	0.7037720033528918	1.0	0.9999999920810959	100.0
GOTERM_BP_ALL	GO:0090304~nucleic acid metabolic process	5	20.833333333333336	0.9536144361474219	7189, 10768, 10013, 331, 836	24	5158	16792	0.678234457800181	1.0	0.9999999943461659	100.0
GOTERM_BP_ALL	GO:0006807~nitrogen compound metabolic process	7	29.166666666666668	0.9590908059619658	7189, 10768, 2395, 10013, 8678, 331, 836	24	6948	16792	0.7049030896181155	1.0	0.9999999971819409	100.0
GOTERM_BP_ALL	GO:1901360~organic cyclic compound metabolic process	6	25.0	0.9603336607694702	7189, 10768, 2395, 10013, 331, 836	24	6149	16792	0.6827126362010083	1.0	0.9999999974735181	100.0
GOTERM_BP_ALL	GO:0051171~regulation of nitrogen compound metabolic process	4	16.666666666666664	0.9624179077101596	7189, 10768, 10013, 331	24	4404	16792	0.63548289433848	1.0	0.9999999980315952	100.0
GOTERM_BP_ALL	GO:0018130~heterocycle biosynthetic process	4	16.666666666666664	0.9627633449445426	7189, 2395, 10013, 331	24	4411	16792	0.6344744200105795	1.0	0.9999999979824818	100.0
GOTERM_BP_ALL	GO:0019438~aromatic compound biosynthetic process	4	16.666666666666664	0.9633974537756528	7189, 2395, 10013, 331	24	4424	16792	0.6326100060277275	1.0	0.9999999980297002	100.0
GOTERM_BP_ALL	GO:1901362~organic cyclic compound biosynthetic process	4	16.666666666666664	0.9684352798485096	7189, 2395, 10013, 331	24	4535	16792	0.6171260565968394	1.0	0.9999999991266608	100.0
GOTERM_BP_ALL	GO:0016070~RNA metabolic process	4	16.666666666666664	0.9729231522676814	7189, 10768, 10013, 331	24	4648	16792	0.6021227768215719	1.0	0.999999999622554	100.0
GOTERM_BP_ALL	GO:0044271~cellular nitrogen compound biosynthetic process	4	16.666666666666664	0.9821831829631331	7189, 2395, 10013, 331	24	4947	16792	0.5657300720975675	1.0	0.9999999999664414	100.0
GOTERM_BP_ALL	GO:0044249~cellular biosynthetic process	4	16.666666666666664	0.9971154366055869	7189, 2395, 10013, 331	24	6118	16792	0.4574479677454506	1.0	0.9999999999999993	100.0
GOTERM_BP_ALL	GO:1901576~organic substance biosynthetic process	4	16.666666666666664	0.9976019665348433	7189, 2395, 10013, 331	24	6227	16792	0.44944060810449116	1.0	0.9999999999999998	100.0
GOTERM_BP_ALL	GO:0009058~biosynthetic process	4	16.666666666666664	0.9979560163085849	7189, 2395, 10013, 331	24	6320	16792	0.44282700421940924	1.0	0.9999999999999999	100.0

Annotation Cluster 7	Enrichment Score: 1.3969248908481582
Category	Term	Count	%	PValue	Genes	List Total	Pop Hits	Pop Total	Fold Enrichment	Bonferroni	Benjamini	FDR
GOTERM_BP_ALL	GO:0065008~regulation of biological quality	11	45.83333333333333	0.01315603394752267	7189, 2620, 2395, 4137, 2934, 3710, 10013, 331, 836, 118, 10134	24	3548	16792	2.1692033070274332	0.9999999979060252	0.15951457555383664	19.76434121456172
GOTERM_BP_ALL	GO:0023051~regulation of signaling	10	41.66666666666667	0.01560144176388861	7189, 10768, 2395, 2934, 3710, 10013, 8678, 331, 28988, 10134	24	3070	16792	2.2790445168295332	0.9999999999504559	0.18077481440331722	23.007031545300492
GOTERM_BP_ALL	GO:0042592~homeostatic process	7	29.166666666666668	0.020534802673700055	7189, 2395, 3710, 331, 836, 118, 10134	24	1645	16792	2.977304964539007	0.9999999999999747	0.21698719338307382	29.177577909704056
GOTERM_BP_ALL	GO:0055065~metal ion homeostasis	4	16.666666666666664	0.039451948378979314	2395, 3710, 331, 10134	24	558	16792	5.015531660692951	1.0	0.34606637196230905	48.791948615355274
GOTERM_BP_ALL	GO:0010646~regulation of cell communication	9	37.5	0.04142365562434648	7189, 2395, 2934, 3710, 10013, 8678, 331, 28988, 10134	24	3020	16792	2.0850993377483444	1.0	0.3541960541877699	50.51196969165357
GOTERM_BP_ALL	GO:0055080~cation homeostasis	4	16.666666666666664	0.05603795250182341	2395, 3710, 331, 10134	24	643	16792	4.352514256091239	1.0	0.4175520939637938	61.66818706569428
GOTERM_BP_ALL	GO:0098771~inorganic ion homeostasis	4	16.666666666666664	0.0592684419749548	2395, 3710, 331, 10134	24	658	16792	4.253292806484295	1.0	0.42808447433862007	63.792030670808096
GOTERM_BP_ALL	GO:0050801~ion homeostasis	4	16.666666666666664	0.068547238589921	2395, 3710, 331, 10134	24	699	16792	4.003814973772055	1.0	0.46366009277873765	69.29385551754386
GOTERM_BP_ALL	GO:0048878~chemical homeostasis	4	16.666666666666664	0.17071949453974528	2395, 3710, 331, 10134	24	1049	16792	2.667937718462027	1.0	0.7564419506919425	95.55145772122438

Annotation Cluster 8	Enrichment Score: 1.3156965701031191
Category	Term	Count	%	PValue	Genes	List Total	Pop Hits	Pop Total	Fold Enrichment	Bonferroni	Benjamini	FDR
GOTERM_BP_ALL	GO:0051129~negative regulation of cellular component organization	7	29.166666666666668	1.510121877670551E-4	7431, 2395, 2934, 10013, 22919, 2288, 118	24	624	16792	7.848824786324787	0.2037918236119427	0.004736551144038259	0.25079773195909594
GOTERM_CC_ALL	GO:0005912~adherens junction	6	25.0	0.0015002872623929425	5339, 7431, 2934, 22919, 28988, 118	24	694	18224	6.564841498559078	0.3015124351121433	0.018708978513766517	1.9180342479078072
GOTERM_CC_ALL	GO:0070161~anchoring junction	6	25.0	0.0016699496887595227	5339, 7431, 2934, 22919, 28988, 118	24	711	18224	6.40787623066104	0.3293122500110046	0.019774449304553188	2.132788852154399
GOTERM_CC_ALL	GO:0005925~focal adhesion	4	16.666666666666664	0.012622195577095652	5339, 7431, 2934, 118	24	391	18224	7.768115942028985	0.9519688346486508	0.0808727495667616	15.113015769998327
GOTERM_CC_ALL	GO:0005924~cell-substrate adherens junction	4	16.666666666666664	0.012884035213002	5339, 7431, 2934, 118	24	394	18224	7.70896785109983	0.9549189486997698	0.08035236059975426	15.40292539651742
GOTERM_CC_ALL	GO:0030055~cell-substrate junction	4	16.666666666666664	0.013327403460328754	5339, 7431, 2934, 118	24	399	18224	7.612364243943191	0.9595085918638822	0.08092351474391635	15.891742216905257
GOTERM_BP_ALL	GO:0098609~cell-cell adhesion	6	25.0	0.018701249816748533	5339, 7189, 2934, 22919, 28988, 118	24	1164	16792	3.606529209621993	0.9999999999995753	0.20525747863425137	26.94059232608257
GOTERM_CC_ALL	GO:0030054~cell junction	6	25.0	0.026315524436159206	5339, 7431, 2934, 22919, 28988, 118	24	1379	18224	3.3038433647570704	0.9982940719349847	0.12938682929204037	29.106330907949875
GOTERM_MF_ALL	GO:0003723~RNA binding	6	25.0	0.06826993371912078	5339, 7431, 10768, 22919, 2288, 118	24	1656	16881	2.548460144927536	0.9999998581940182	0.6505007054927601	59.42768973936412
GOTERM_BP_ALL	GO:0007155~cell adhesion	6	25.0	0.07598917167056518	5339, 7189, 2934, 22919, 28988, 118	24	1699	16792	2.4708652148322545	1.0	0.4941308472746666	73.12804673403473
GOTERM_BP_ALL	GO:0022610~biological adhesion	6	25.0	0.07691562005428115	5339, 7189, 2934, 22919, 28988, 118	24	1705	16792	2.4621700879765394	1.0	0.49651733626903627	73.57254318539665
GOTERM_CC_ALL	GO:0070062~extracellular exosome	7	29.166666666666668	0.1314167337274619	5339, 7431, 10768, 2934, 10121, 2288, 28988	24	2811	18224	1.890904778845014	0.9999999999999977	0.41403450936412556	83.75455334808854
GOTERM_CC_ALL	GO:1903561~extracellular vesicle	7	29.166666666666668	0.13378281083141907	5339, 7431, 10768, 2934, 10121, 2288, 28988	24	2825	18224	1.881533923303835	0.9999999999999988	0.41510882012962735	84.31621895000643
GOTERM_CC_ALL	GO:0043230~extracellular organelle	7	29.166666666666668	0.13395266702806752	5339, 7431, 10768, 2934, 10121, 2288, 28988	24	2826	18224	1.880868129275773	0.9999999999999988	0.4106878802187889	84.3558424973097
GOTERM_MF_ALL	GO:0044822~poly(A) RNA binding	4	16.666666666666664	0.2204659170976844	5339, 22919, 2288, 118	24	1196	16881	2.3524247491638794	1.0	0.9618819104887328	95.83009947603925
GOTERM_CC_ALL	GO:0044421~extracellular region part	7	29.166666666666668	0.3622503285247677	5339, 7431, 10768, 2934, 10121, 2288, 28988	24	3878	18224	1.3706377858002408	1.0	0.7569607457945555	99.69787130492465
GOTERM_MF_ALL	GO:0003676~nucleic acid binding	7	29.166666666666668	0.4988284662896181	5339, 7431, 10768, 10013, 22919, 2288, 118	24	4097	16881	1.2017634854771786	1.0	0.9987664054513231	99.98511717251799
GOTERM_CC_ALL	GO:0005576~extracellular region	7	29.166666666666668	0.5478630239061006	5339, 7431, 10768, 2934, 10121, 2288, 28988	24	4623	18224	1.1497584541062804	1.0	0.9066489513522316	99.99642444858095
GOTERM_MF_ALL	GO:1901363~heterocyclic compound binding	8	33.33333333333333	0.7584699525272365	5339, 7431, 10768, 10013, 22919, 10121, 2288, 118	24	5971	16881	0.9423882096801205	1.0	0.9999878155458561	99.99999865575369
GOTERM_MF_ALL	GO:0097159~organic cyclic compound binding	8	33.33333333333333	0.7731323400636948	5339, 7431, 10768, 10013, 22919, 10121, 2288, 118	24	6052	16881	0.9297752808988764	1.0	0.9999888797800909	99.9999993953516

Annotation Cluster 9	Enrichment Score: 0.5650999098341083
Category	Term	Count	%	PValue	Genes	List Total	Pop Hits	Pop Total	Fold Enrichment	Bonferroni	Benjamini	FDR
GOTERM_CC_ALL	GO:0044459~plasma membrane part	8	33.33333333333333	0.03879682164813924	7189, 10768, 56616, 3710, 10013, 22919, 836, 10134	24	2635	18224	2.3053763440860218	0.9999218673836691	0.1634223244047036	39.97474859378192
GOTERM_BP_ALL	GO:0035556~intracellular signal transduction	8	33.33333333333333	0.05918371456894968	7189, 56616, 3710, 8678, 331, 28988, 836, 10134	24	2657	16792	2.1066365575210133	1.0	0.42955721490007504	63.73776914443769
GOTERM_CC_ALL	GO:0005887~integral component of plasma membrane	4	16.666666666666664	0.341130622512677	7189, 56616, 3710, 10134	24	1635	18224	1.8576962283384302	1.0	0.735409746056201	99.54006089251713
GOTERM_CC_ALL	GO:0031226~intrinsic component of plasma membrane	4	16.666666666666664	0.36477777002490724	7189, 56616, 3710, 10134	24	1701	18224	1.7856163041348225	1.0	0.7554870805829846	99.71295696813488
GOTERM_CC_ALL	GO:0044425~membrane part	11	45.83333333333333	0.3941150043197764	7189, 10768, 56616, 1639, 3710, 10013, 22919, 8678, 2288, 836, 10134	24	7057	18224	1.1836002078314676	1.0	0.7846121274722044	99.84402298346077
GOTERM_CC_ALL	GO:0016021~integral component of membrane	4	16.666666666666664	0.991022809611509	7189, 56616, 3710, 10134	24	5872	18224	0.5172570390554041	1.0	0.9999990869368994	100.0
GOTERM_CC_ALL	GO:0031224~intrinsic component of membrane	4	16.666666666666664	0.9923081834001412	7189, 56616, 3710, 10134	24	5981	18224	0.5078303516691746	1.0	0.9999993104786666	100.0

