Annotation Cluster 1	Enrichment Score: 10.101771375767475
Category	Term	Count	%	PValue	Genes	List Total	Pop Hits	Pop Total	Fold Enrichment	Bonferroni	Benjamini	FDR
GOTERM_BP_ALL	GO:0045333~cellular respiration	18	51.42857142857142	1.6366932545788692E-25	1351, 9377, 3420, 1350, 1340, 4728, 1329, 10891, 1327, 54205, 6392, 6390, 3419, 6391, 1349, 1337, 1345, 3421	35	174	16792	49.63152709359605	2.276640317119207E-22	2.276640317119207E-22	2.6946060280486026E-22
GOTERM_BP_ALL	GO:0006091~generation of precursor metabolites and energy	20	57.14285714285714	4.462473455594077E-23	1351, 9377, 3420, 1350, 1340, 4728, 1329, 10891, 1327, 4899, 5465, 54205, 6392, 3419, 6390, 6391, 1349, 1337, 1345, 3421	35	379	16792	25.317753486618923	6.207300576731362E-20	3.103650288365681E-20	7.346891569211412E-20
GOTERM_BP_ALL	GO:0022904~respiratory electron transport chain	15	42.857142857142854	1.2320506635389673E-22	9377, 1351, 1350, 1340, 4728, 1329, 10891, 1327, 54205, 6392, 6390, 6391, 1349, 1337, 1345	35	109	16792	66.02359108781127	1.7137824729827034E-19	5.712608243275679E-20	2.028413776097348E-19
GOTERM_BP_ALL	GO:0022900~electron transport chain	15	42.857142857142854	1.6116076543296936E-22	9377, 1351, 1350, 1340, 4728, 1329, 10891, 1327, 54205, 6392, 6390, 6391, 1349, 1337, 1345	35	111	16792	64.83397683397683	2.241746247172604E-19	5.60436561793151E-20	2.653305796951824E-19
GOTERM_BP_ALL	GO:0015980~energy derivation by oxidation of organic compounds	18	51.42857142857142	3.715966736120435E-22	1351, 9377, 3420, 1350, 1340, 4728, 1329, 10891, 1327, 54205, 6392, 6390, 3419, 6391, 1349, 1337, 1345, 3421	35	271	16792	31.86673695308381	5.168909729943525E-19	1.033781945988705E-19	6.117863771458285E-19
GOTERM_MF_ALL	GO:0009055~electron carrier activity	15	42.857142857142854	4.1721096951905666E-22	1351, 3420, 9377, 1350, 54205, 1340, 1329, 6392, 6390, 6391, 1349, 1327, 1337, 1347, 1345	35	119	16881	60.795918367346935	8.928314747707813E-20	8.928314747707813E-20	5.287203491951051E-19
GOTERM_BP_ALL	GO:0006123~mitochondrial electron transport, cytochrome c to oxygen	10	28.57142857142857	2.9690025803821656E-20	1351, 9377, 54205, 1350, 1340, 1329, 1349, 1327, 1337, 1345	35	20	16792	239.88571428571427	4.1298825893115927E-17	6.883137648852654E-18	4.88808286342462E-17
GOTERM_CC_ALL	GO:0044429~mitochondrial part	23	65.71428571428571	3.368364820374642E-20	1351, 9377, 3420, 1350, 1340, 4728, 1329, 51106, 1327, 54205, 23408, 6392, 3419, 6390, 6391, 7019, 1349, 1337, 1347, 64216, 1345, 3421, 5442	35	990	18224	12.096738816738815	5.35570006439568E-18	5.35570006439568E-18	4.062903828330263E-17
GOTERM_CC_ALL	GO:0070469~respiratory chain	13	37.142857142857146	1.1084098835689342E-19	1351, 9377, 54205, 1350, 4728, 1329, 6392, 6390, 6391, 1349, 1327, 1337, 1347	35	96	18224	70.50952380952381	1.7623717148746055E-17	8.811858574373028E-18	1.336958138284571E-16
GOTERM_BP_ALL	GO:0042775~mitochondrial ATP synthesis coupled electron transport	13	37.142857142857146	1.4919761193566386E-19	1351, 9377, 54205, 1350, 1340, 4728, 1329, 6392, 6391, 1349, 1327, 1337, 1345	35	91	16792	68.53877551020409	2.0753387820250843E-16	2.964769688607263E-17	2.456347781525747E-16
GOTERM_BP_ALL	GO:0042773~ATP synthesis coupled electron transport	13	37.142857142857146	1.713512373507002E-19	1351, 9377, 54205, 1350, 1340, 4728, 1329, 6392, 6391, 1349, 1327, 1337, 1345	35	92	16792	67.79378881987579	2.38349571154824E-16	2.9793696394353E-17	2.8210788783240143E-16
GOTERM_CC_ALL	GO:0005739~mitochondrion	26	74.28571428571429	3.292679993400697E-19	1351, 3420, 1350, 823, 10891, 51106, 6392, 23408, 3419, 6390, 6391, 7019, 1349, 1347, 64216, 1345, 5442, 9377, 1340, 4728, 1329, 1327, 835, 54205, 1337, 3421	35	1700	18224	7.9634285714285715	5.235361189507108E-17	1.7451203965023694E-17	3.9716131903925497E-16
GOTERM_BP_ALL	GO:0006119~oxidative phosphorylation	13	37.142857142857146	1.2894770704628117E-18	1351, 9377, 54205, 1350, 1340, 4728, 1329, 6392, 6391, 1349, 1327, 1337, 1345	35	108	16792	57.75026455026455	1.793662605013771E-15	1.992958450015301E-16	2.1229590073636547E-15
GOTERM_MF_ALL	GO:0015002~heme-copper terminal oxidase activity	10	28.57142857142857	2.3762001098552098E-18	1351, 9377, 1350, 1340, 1329, 1349, 1327, 1337, 1347, 1345	35	30	16881	160.77142857142857	5.085068235090149E-16	2.5425341175450743E-16	3.0112951087751983E-15
GOTERM_MF_ALL	GO:0016676~oxidoreductase activity, acting on a heme group of donors, oxygen as acceptor	10	28.57142857142857	2.3762001098552098E-18	1351, 9377, 1350, 1340, 1329, 1349, 1327, 1337, 1347, 1345	35	30	16881	160.77142857142857	5.085068235090149E-16	2.5425341175450743E-16	3.0112951087751983E-15
GOTERM_MF_ALL	GO:0004129~cytochrome-c oxidase activity	10	28.57142857142857	2.3762001098552098E-18	1351, 9377, 1350, 1340, 1329, 1349, 1327, 1337, 1347, 1345	35	30	16881	160.77142857142857	5.085068235090149E-16	2.5425341175450743E-16	3.0112951087751983E-15
GOTERM_MF_ALL	GO:0016675~oxidoreductase activity, acting on a heme group of donors	10	28.57142857142857	3.3433144902904207E-18	1351, 9377, 1350, 1340, 1329, 1349, 1327, 1337, 1347, 1345	35	31	16881	155.58525345622118	7.1546930092215E-16	2.3848976697405E-16	4.236893403864984E-15
GOTERM_CC_ALL	GO:0005746~mitochondrial respiratory chain	12	34.285714285714285	4.516340548049346E-18	1351, 9377, 1350, 4728, 1329, 6392, 6390, 6391, 1349, 1327, 1337, 1347	35	88	18224	71.0025974025974	7.18098147139846E-16	1.795245367849615E-16	5.4475860784794664E-15
GOTERM_BP_ALL	GO:0046034~ATP metabolic process	15	42.857142857142854	1.2819398237152712E-17	9377, 1351, 1350, 1340, 4728, 1329, 10891, 1327, 5465, 54205, 6392, 6391, 1349, 1337, 1345	35	243	16792	29.615520282186946	1.7831782947879423E-14	1.783178294787942E-15	2.110549894987837E-14
GOTERM_BP_ALL	GO:0009205~purine ribonucleoside triphosphate metabolic process	15	42.857142857142854	4.820389292618503E-17	9377, 1351, 1350, 1340, 4728, 1329, 10891, 1327, 5465, 54205, 6392, 6391, 1349, 1337, 1345	35	267	16792	26.95345104333868	6.705161506032338E-14	6.095601369120307E-15	7.936154199384734E-14
GOTERM_BP_ALL	GO:0009199~ribonucleoside triphosphate metabolic process	15	42.857142857142854	6.58280852311013E-17	9377, 1351, 1350, 1340, 4728, 1329, 10891, 1327, 5465, 54205, 6392, 6391, 1349, 1337, 1345	35	273	16792	26.361067503924648	1.5443202272535927E-13	1.2878587085651816E-14	1.7763568394002505E-13
GOTERM_BP_ALL	GO:0009144~purine nucleoside triphosphate metabolic process	15	42.857142857142854	6.928868305895806E-17	9377, 1351, 1350, 1340, 4728, 1329, 10891, 1327, 5465, 54205, 6392, 6391, 1349, 1337, 1345	35	274	16792	26.26485922836288	1.5443202272535927E-13	1.1879386363489175E-14	1.7763568394002505E-13
GOTERM_BP_ALL	GO:0009167~purine ribonucleoside monophosphate metabolic process	15	42.857142857142854	1.2021150375783616E-16	9377, 1351, 1350, 1340, 4728, 1329, 10891, 1327, 5465, 54205, 6392, 6391, 1349, 1337, 1345	35	285	16792	25.251127819548874	1.5443202272535927E-13	1.099120794378905E-14	1.7763568394002505E-13
GOTERM_BP_ALL	GO:0009126~purine nucleoside monophosphate metabolic process	15	42.857142857142854	1.2624571479095015E-16	9377, 1351, 1350, 1340, 4728, 1329, 10891, 1327, 5465, 54205, 6392, 6391, 1349, 1337, 1345	35	286	16792	25.162837162837164	1.5443202272535927E-13	1.0325074129013956E-14	1.7763568394002505E-13
GOTERM_BP_ALL	GO:0009141~nucleoside triphosphate metabolic process	15	42.857142857142854	2.1388012781753696E-16	9377, 1351, 1350, 1340, 4728, 1329, 10891, 1327, 5465, 54205, 6392, 6391, 1349, 1337, 1345	35	297	16792	24.23088023088023	3.0886404545071855E-13	1.9317880628477724E-14	3.6637359812630166E-13
GOTERM_BP_ALL	GO:0009161~ribonucleoside monophosphate metabolic process	15	42.857142857142854	2.1388012781753696E-16	9377, 1351, 1350, 1340, 4728, 1329, 10891, 1327, 5465, 54205, 6392, 6391, 1349, 1337, 1345	35	297	16792	24.23088023088023	3.0886404545071855E-13	1.9317880628477724E-14	3.6637359812630166E-13
GOTERM_CC_ALL	GO:0098803~respiratory chain complex	11	31.428571428571427	2.2964231293748337E-16	1351, 9377, 1350, 4728, 1329, 6392, 6390, 6391, 1349, 1327, 1337	35	82	18224	69.84808362369338	3.530509218307998E-14	7.105427357601002E-15	2.6645352591003757E-13
GOTERM_BP_ALL	GO:0009123~nucleoside monophosphate metabolic process	15	42.857142857142854	4.064618824560335E-16	9377, 1351, 1350, 1340, 4728, 1329, 10891, 1327, 5465, 54205, 6392, 6391, 1349, 1337, 1345	35	311	16792	23.14010105649977	6.177280909014371E-13	3.630429290524262E-14	7.327471962526033E-13
GOTERM_BP_ALL	GO:0046128~purine ribonucleoside metabolic process	15	42.857142857142854	2.7621114791045198E-15	9377, 1351, 1350, 1340, 4728, 1329, 10891, 1327, 5465, 54205, 6392, 6391, 1349, 1337, 1345	35	356	16792	20.215088282504013	3.860800568133982E-12	2.1449508835758024E-13	4.574118861455645E-12
GOTERM_BP_ALL	GO:0042278~purine nucleoside metabolic process	15	42.857142857142854	3.0882490101580935E-15	9377, 1351, 1350, 1340, 4728, 1329, 10891, 1327, 5465, 54205, 6392, 6391, 1349, 1337, 1345	35	359	16792	20.04615996816554	4.32409663631006E-12	2.275957200481571E-13	5.118128143521972E-12
GOTERM_CC_ALL	GO:0005743~mitochondrial inner membrane	16	45.714285714285715	3.4088988484294687E-15	9377, 1351, 1350, 1340, 4728, 1329, 1327, 54205, 6392, 23408, 6390, 6391, 1349, 1337, 1347, 1345	35	499	18224	16.69533352419124	5.472289288377397E-13	9.126033262418787E-14	4.1522341120980855E-12
GOTERM_BP_ALL	GO:0009119~ribonucleoside metabolic process	15	42.857142857142854	8.034684924388776E-15	9377, 1351, 1350, 1340, 4728, 1329, 10891, 1327, 5465, 54205, 6392, 6391, 1349, 1337, 1345	35	385	16792	18.692393320964747	1.1119105636225868E-11	5.559996907322784E-13	1.3156142841808105E-11
GOTERM_CC_ALL	GO:0019866~organelle inner membrane	16	45.714285714285715	1.715494548496321E-14	9377, 1351, 1350, 1340, 4728, 1329, 1327, 54205, 6392, 23408, 6390, 6391, 1349, 1337, 1347, 1345	35	557	18224	14.956860733521415	2.7361446441886983E-12	3.909095269705176E-13	2.0761170560490427E-11
GOTERM_BP_ALL	GO:0009116~nucleoside metabolic process	15	42.857142857142854	2.1174191224559117E-14	9377, 1351, 1350, 1340, 4728, 1329, 10891, 1327, 5465, 54205, 6392, 6391, 1349, 1337, 1345	35	413	16792	17.425112417848492	2.949651634054362E-11	1.4045431484532855E-12	3.491651412446117E-11
GOTERM_BP_ALL	GO:1901657~glycosyl compound metabolic process	15	42.857142857142854	4.320102577010181E-14	9377, 1351, 1350, 1340, 4728, 1329, 10891, 1327, 5465, 54205, 6392, 6391, 1349, 1337, 1345	35	435	16792	16.54384236453202	6.007405684016476E-11	2.7305935290655725E-12	7.109868249699502E-11
GOTERM_BP_ALL	GO:0055114~oxidation-reduction process	19	54.285714285714285	5.056836191556839E-14	1351, 9377, 3420, 1350, 1340, 4728, 1329, 10891, 1327, 5465, 54205, 6392, 3419, 6390, 6391, 1349, 1337, 1345, 3421	35	983	16792	9.273303298939107	7.026657034003847E-11	3.0551117191635058E-12	8.316680677467048E-11
GOTERM_CC_ALL	GO:0044455~mitochondrial membrane part	12	34.285714285714285	5.4062904739094485E-14	1351, 9377, 1350, 4728, 1329, 6392, 6390, 6391, 1349, 1327, 1337, 1347	35	202	18224	30.931824611032532	8.596789946579975E-12	1.074584865534689E-12	6.52145004664817E-11
GOTERM_MF_ALL	GO:0016491~oxidoreductase activity	17	48.57142857142857	2.367092583226911E-13	1351, 9377, 3420, 1350, 1340, 4728, 1329, 1327, 6392, 6390, 3419, 6391, 1349, 1337, 1347, 1345, 3421	35	757	16881	10.831364408378938	5.065370345391784E-11	1.266342586347946E-11	2.999600567932248E-10
GOTERM_CC_ALL	GO:0045277~respiratory chain complex IV	7	20.0	3.2269817763260836E-13	1351, 9377, 1350, 1329, 1349, 1327, 1337	35	17	18224	214.4	5.131595148810675E-11	5.7017723875674164E-12	3.892886013545649E-10
GOTERM_CC_ALL	GO:0031966~mitochondrial membrane	16	45.714285714285715	3.936538601853758E-13	9377, 1351, 1350, 1340, 4728, 1329, 1327, 54205, 6392, 23408, 6390, 6391, 1349, 1337, 1347, 1345	35	691	18224	12.05639859416994	6.25959284406008E-11	6.259548435139095E-12	4.74864592092672E-10
GOTERM_BP_ALL	GO:0009150~purine ribonucleotide metabolic process	15	42.857142857142854	4.944436900544504E-13	9377, 1351, 1350, 1340, 4728, 1329, 10891, 1327, 5465, 54205, 6392, 6391, 1349, 1337, 1345	35	520	16792	13.83956043956044	6.878402292187502E-10	2.8659963291488566E-11	8.14115441727381E-10
GOTERM_BP_ALL	GO:0009259~ribonucleotide metabolic process	15	42.857142857142854	7.273634801234735E-13	9377, 1351, 1350, 1340, 4728, 1329, 10891, 1327, 5465, 54205, 6392, 6391, 1349, 1337, 1345	35	535	16792	13.451535380507343	1.011838612896554E-9	4.047351342961747E-11	1.1975975766631564E-9
GOTERM_BP_ALL	GO:0009117~nucleotide metabolic process	16	45.714285714285715	7.617086552163758E-13	1351, 9377, 3420, 1350, 1340, 4728, 1329, 10891, 1327, 5465, 54205, 6392, 6391, 1349, 1337, 1345	35	667	16792	11.508759905761405	1.05955810791869E-9	4.0752290431100846E-11	1.2540857241560843E-9
GOTERM_MF_ALL	GO:0015078~hydrogen ion transmembrane transporter activity	10	28.57142857142857	8.900803269724832E-13	1351, 9377, 1350, 1340, 1329, 1349, 1327, 1337, 1347, 1345	35	113	16881	42.6826801517067	1.9047408095218543E-10	3.809486059935807E-11	1.1279532863284203E-9
GOTERM_CC_ALL	GO:0005740~mitochondrial envelope	16	45.714285714285715	9.042904412276337E-13	9377, 1351, 1350, 1340, 4728, 1329, 1327, 54205, 6392, 23408, 6390, 6391, 1349, 1337, 1347, 1345	35	732	18224	11.381108508977361	1.437799879155932E-10	1.3070877713516893E-11	1.090738610542985E-9
GOTERM_BP_ALL	GO:0006753~nucleoside phosphate metabolic process	16	45.714285714285715	9.045537687613048E-13	1351, 9377, 3420, 1350, 1340, 4728, 1329, 10891, 1327, 5465, 54205, 6392, 6391, 1349, 1337, 1345	35	675	16792	11.372359788359788	1.258157689143502E-9	4.659839181186953E-11	1.4891421429297225E-9
GOTERM_BP_ALL	GO:1902600~hydrogen ion transmembrane transport	10	28.57142857142857	9.328099519103568E-13	1351, 9377, 1350, 1340, 1329, 1349, 1327, 1337, 1347, 1345	35	113	16792	42.45764854614412	1.2975378549384686E-9	4.634059802555157E-11	1.5357493055034865E-9
GOTERM_BP_ALL	GO:0006163~purine nucleotide metabolic process	15	42.857142857142854	9.82473081397546E-13	9377, 1351, 1350, 1340, 4728, 1329, 10891, 1327, 5465, 54205, 6392, 6391, 1349, 1337, 1345	35	547	16792	13.156437712196395	1.3665689690967042E-9	4.712308321330738E-11	1.6174506178856518E-9
GOTERM_BP_ALL	GO:0019693~ribose phosphate metabolic process	15	42.857142857142854	1.0322365406605677E-12	9377, 1351, 1350, 1340, 4728, 1329, 10891, 1327, 5465, 54205, 6392, 6391, 1349, 1337, 1345	35	549	16792	13.108508977361435	1.4359089473003905E-9	4.786360197073236E-11	1.6995294060961896E-9
GOTERM_BP_ALL	GO:0072521~purine-containing compound metabolic process	15	42.857142857142854	1.9296298797623583E-12	9377, 1351, 1350, 1340, 4728, 1329, 10891, 1327, 5465, 54205, 6392, 6391, 1349, 1337, 1345	35	575	16792	12.515776397515527	2.6841829869894696E-9	8.658651573512088E-11	3.176969798346363E-9
GOTERM_CC_ALL	GO:0098800~inner mitochondrial membrane protein complex	10	28.57142857142857	2.0074330498487017E-12	1351, 9377, 1350, 4728, 1329, 6392, 6390, 6391, 1327, 1337	35	133	18224	39.149301825993554	3.1917568588113454E-10	2.6597946067852263E-11	2.4213075988654964E-9
GOTERM_BP_ALL	GO:0055086~nucleobase-containing small molecule metabolic process	16	45.714285714285715	2.6823063119560435E-12	1351, 9377, 3420, 1350, 1340, 4728, 1329, 10891, 1327, 5465, 54205, 6392, 6391, 1349, 1337, 1345	35	728	16792	10.54442700156986	3.73107766904468E-9	1.1659617715764625E-10	4.416056409439761E-9
GOTERM_BP_ALL	GO:0044281~small molecule metabolic process	22	62.857142857142854	4.347299228888316E-12	1351, 3420, 9377, 1350, 1340, 4728, 1329, 10891, 5629, 1327, 2648, 5465, 54205, 23408, 6392, 3419, 6390, 6391, 1349, 1337, 1345, 3421	35	1951	16792	5.410031485684997	6.047094713856893E-9	1.8324530781654857E-10	7.157274772850997E-9
GOTERM_BP_ALL	GO:0015992~proton transport	10	28.57142857142857	1.4747364583686284E-11	1351, 9377, 1350, 1340, 1329, 1349, 1327, 1337, 1347, 1345	35	153	16792	31.357609710550886	2.0513514220610318E-8	6.033387123238754E-10	2.4279567245599765E-8
GOTERM_BP_ALL	GO:0006818~hydrogen transport	10	28.57142857142857	1.6583368226702138E-11	1351, 9377, 1350, 1340, 1329, 1349, 1327, 1337, 1347, 1345	35	155	16792	30.952995391705066	2.306751101244231E-8	6.590717971377558E-10	2.7302449190358402E-8
GOTERM_CC_ALL	GO:0098798~mitochondrial protein complex	10	28.57142857142857	1.668508158519184E-11	1351, 9377, 1350, 4728, 1329, 6392, 6390, 6391, 1327, 1337	35	168	18224	30.993197278911563	2.6529305419131788E-9	2.0407153744628204E-10	2.0125479061050555E-8
GOTERM_CC_ALL	GO:0005751~mitochondrial respiratory chain complex IV	6	17.142857142857142	2.1164694292620302E-11	1351, 9377, 1350, 1329, 1327, 1337	35	13	18224	240.31648351648354	3.365193124160726E-9	2.403709453702163E-10	2.552879019290799E-8
GOTERM_CC_ALL	GO:0070069~cytochrome complex	7	20.0	2.8276665307667918E-11	1351, 9377, 1350, 1329, 1349, 1327, 1337	35	33	18224	110.44848484848485	4.495997574238686E-9	2.997331272069914E-10	3.410722815289091E-8
GOTERM_CC_ALL	GO:0031967~organelle envelope	16	45.714285714285715	5.381292947987282E-10	9377, 1351, 1350, 1340, 4728, 1329, 1327, 54205, 6392, 23408, 6390, 6391, 1349, 1337, 1347, 1345	35	1149	18224	7.250627875170956	8.556255803870982E-8	5.347660092525075E-9	6.490887383137078E-7
GOTERM_CC_ALL	GO:0031975~envelope	16	45.714285714285715	5.716110467701146E-10	9377, 1351, 1350, 1340, 4728, 1329, 1327, 54205, 6392, 23408, 6390, 6391, 1349, 1337, 1347, 1345	35	1154	18224	7.219212676405051	9.088615948726897E-8	5.346244891235585E-9	6.89474277670854E-7
GOTERM_BP_ALL	GO:0019637~organophosphate metabolic process	16	45.714285714285715	1.0057580532323454E-9	1351, 9377, 3420, 1350, 1340, 4728, 1329, 10891, 1327, 5465, 54205, 6392, 6391, 1349, 1337, 1345	35	1108	16792	6.928107271789583	1.3990084452020213E-6	3.886137212028018E-8	1.6558519000398064E-6
GOTERM_BP_ALL	GO:0009060~aerobic respiration	7	20.0	2.4528657853968785E-9	3420, 6392, 6390, 3419, 6391, 1337, 3421	35	62	16792	54.167741935483875	3.4119305104551856E-6	9.221449115415226E-8	4.038329615152492E-6
GOTERM_BP_ALL	GO:0006099~tricarboxylic acid cycle	6	17.142857142857142	2.8708243281519737E-9	3420, 6392, 6390, 3419, 6391, 3421	35	29	16792	99.26305418719213	3.993308711702781E-6	1.0508727565916587E-7	4.726444868818902E-6
GOTERM_BP_ALL	GO:1901135~carbohydrate derivative metabolic process	16	45.714285714285715	5.1147009920125865E-9	1351, 9377, 1350, 1340, 4728, 1329, 10891, 1327, 5465, 54205, 6392, 23408, 6391, 1349, 1337, 1345	35	1247	16792	6.1558483216863324	7.114523795426209E-6	1.8242431931714265E-7	8.420700425837424E-6
GOTERM_MF_ALL	GO:0015077~monovalent inorganic cation transmembrane transporter activity	10	28.57142857142857	2.283904268191348E-8	1351, 9377, 1350, 1340, 1329, 1349, 1327, 1337, 1347, 1345	35	353	16881	13.663294212869284	4.887543240350567E-6	8.145921989166638E-7	2.8943306584761075E-5
GOTERM_BP_ALL	GO:0006139~nucleobase-containing compound metabolic process	28	80.0	1.0320125181091842E-7	1351, 3420, 1350, 10891, 51106, 4899, 155061, 2648, 5465, 6392, 23408, 6391, 7019, 1349, 2101, 64216, 1345, 5442, 9377, 2551, 7528, 1340, 4728, 1329, 5629, 1327, 54205, 1337	35	5794	16792	2.318536416983086	1.4354264538318784E-4	3.588817275579359E-6	1.6990752080836558E-4
GOTERM_BP_ALL	GO:0046483~heterocycle metabolic process	28	80.0	1.705469381472551E-7	1351, 3420, 1350, 10891, 51106, 4899, 155061, 2648, 5465, 6392, 23408, 6391, 7019, 1349, 2101, 64216, 1345, 5442, 9377, 2551, 7528, 1340, 4728, 1329, 5629, 1327, 54205, 1337	35	5919	16792	2.269572562932928	2.372026741609412E-4	5.786100605975619E-6	2.8078334182168874E-4
GOTERM_BP_ALL	GO:0006725~cellular aromatic compound metabolic process	28	80.0	2.0450554199165434E-7	1351, 3420, 1350, 10891, 51106, 4899, 155061, 2648, 5465, 6392, 23408, 6391, 7019, 1349, 2101, 64216, 1345, 5442, 9377, 2551, 7528, 1340, 4728, 1329, 5629, 1327, 54205, 1337	35	5965	16792	2.252070410729254	2.844267809650747E-4	6.773006537730275E-6	3.3669167586181104E-4
GOTERM_BP_ALL	GO:0015672~monovalent inorganic cation transport	10	28.57142857142857	3.643721290049022E-7	1351, 9377, 1350, 1340, 1329, 1349, 1327, 1337, 1347, 1345	35	486	16792	9.871840094062316	5.067133012439662E-4	1.178694736625463E-5	5.998903988113646E-4
GOTERM_BP_ALL	GO:1901360~organic cyclic compound metabolic process	28	80.0	4.1569351881735936E-7	1351, 3420, 1350, 10891, 51106, 4899, 155061, 2648, 5465, 6392, 23408, 6391, 7019, 1349, 2101, 64216, 1345, 5442, 9377, 2551, 7528, 1340, 4728, 1329, 5629, 1327, 54205, 1337	35	6149	16792	2.1846804358432266	5.780626622383656E-4	1.2849468664311026E-5	6.843839909120852E-4
GOTERM_MF_ALL	GO:0022890~inorganic cation transmembrane transporter activity	10	28.57142857142857	5.952688091847323E-7	1351, 9377, 1350, 1340, 1329, 1349, 1327, 1337, 1347, 1345	35	518	16881	9.311086596800882	1.2737944961849212E-4	1.8198057708973536E-5	7.543656859176906E-4
GOTERM_BP_ALL	GO:0034641~cellular nitrogen compound metabolic process	28	80.0	1.5246168031834259E-6	1351, 3420, 1350, 10891, 51106, 4899, 155061, 2648, 5465, 6392, 23408, 6391, 7019, 1349, 2101, 64216, 1345, 5442, 9377, 2551, 7528, 1340, 4728, 1329, 5629, 1327, 54205, 1337	35	6505	16792	2.065119139123751	0.0021184964019911323	4.418118210425259E-5	0.00251005690199424
GOTERM_MF_ALL	GO:0008324~cation transmembrane transporter activity	10	28.57142857142857	2.5047145866974644E-6	1351, 9377, 1350, 1340, 1329, 1349, 1327, 1337, 1347, 1345	35	616	16881	7.82977736549165	5.358659653588171E-4	6.699895457451532E-5	0.003174111681525371
GOTERM_BP_ALL	GO:0098662~inorganic cation transmembrane transport	10	28.57142857142857	3.3548424868278928E-6	1351, 9377, 1350, 1340, 1329, 1349, 1327, 1337, 1347, 1345	35	635	16792	7.555455568053993	0.00465572209623466	9.523207181194593E-5	0.005523175632971
GOTERM_BP_ALL	GO:0044710~single-organism metabolic process	22	62.857142857142854	3.4623129065900778E-6	1351, 3420, 9377, 1350, 1340, 4728, 1329, 10891, 5629, 1327, 2648, 5465, 54205, 23408, 6392, 3419, 6390, 6391, 1349, 1337, 1345, 3421	35	4063	16792	2.5978270806230443	0.004804506845807355	9.631707302248937E-5	0.005700102602301804
GOTERM_BP_ALL	GO:0006807~nitrogen compound metabolic process	28	80.0	6.795301239508383E-6	1351, 3420, 1350, 10891, 51106, 4899, 155061, 2648, 5465, 6392, 23408, 6391, 7019, 1349, 2101, 64216, 1345, 5442, 9377, 2551, 7528, 1340, 4728, 1329, 5629, 1327, 54205, 1337	35	6948	16792	1.9334484743811169	0.009407763610602027	1.817584057036692E-4	0.011187006248547515
GOTERM_MF_ALL	GO:0003824~catalytic activity	26	74.28571428571429	7.55640991424645E-6	824, 1351, 3420, 1350, 823, 51106, 2648, 6392, 23408, 3419, 6390, 6391, 1349, 1347, 64216, 1345, 5442, 9377, 1340, 4728, 1329, 1327, 835, 54205, 1337, 3421	35	6018	16881	2.0837772397094434	0.0016157710654244317	1.616947091316323E-4	0.009575614707357794
GOTERM_BP_ALL	GO:0098655~cation transmembrane transport	10	28.57142857142857	7.67433092978271E-6	1351, 9377, 1350, 1340, 1329, 1349, 1327, 1337, 1347, 1345	35	703	16792	6.8246291404186135	0.010618259304156386	2.0139547730568808E-4	0.012634054260052263
GOTERM_BP_ALL	GO:1901564~organonitrogen compound metabolic process	16	45.714285714285715	9.829571739891644E-6	1351, 9377, 3420, 1350, 1340, 4728, 1329, 10891, 1327, 5465, 54205, 6392, 6391, 1349, 1337, 1345	35	2221	16792	3.4562552260886346	0.013579950583146094	2.5317167794025597E-4	0.016181902297829343
GOTERM_BP_ALL	GO:0098660~inorganic ion transmembrane transport	10	28.57142857142857	9.839768303729934E-6	1351, 9377, 1350, 1340, 1329, 1349, 1327, 1337, 1347, 1345	35	725	16792	6.617536945812807	0.013593941431643275	2.4882694743766365E-4	0.016198687082646934
GOTERM_BP_ALL	GO:0016310~phosphorylation	16	45.714285714285715	1.0277195794935398E-5	1351, 9377, 1350, 1340, 4728, 1329, 10891, 5629, 1327, 5465, 54205, 6392, 6391, 1349, 1337, 1345	35	2229	16792	3.44385054156252	0.0141939551540895	2.552469334303753E-4	0.01691874346995137
GOTERM_BP_ALL	GO:0034220~ion transmembrane transport	11	31.428571428571427	1.3615908226632027E-5	1351, 9377, 1350, 1340, 1329, 10891, 1349, 1327, 1337, 1347, 1345	35	963	16792	5.48025515502151	0.01876162519215907	3.2649595213174454E-4	0.022414490925659614
GOTERM_CC_ALL	GO:0098796~membrane protein complex	11	31.428571428571427	1.7312299689819808E-5	1351, 9377, 1350, 4728, 1329, 6392, 6390, 6391, 1349, 1327, 1337	35	1074	18224	5.33290768821495	0.0027488943300973956	1.1010111756126761E-4	0.020880004890444503
GOTERM_MF_ALL	GO:0015075~ion transmembrane transporter activity	10	28.57142857142857	2.449342333548778E-5	1351, 9377, 1350, 1340, 1329, 1349, 1327, 1337, 1347, 1345	35	817	16881	5.9034796293058225	0.005227943275137981	4.7640073848753683E-4	0.031035426164416346
GOTERM_CC_ALL	GO:0031090~organelle membrane	16	45.714285714285715	3.084634180744701E-5	9377, 1351, 1350, 1340, 4728, 1329, 1327, 54205, 6392, 23408, 6390, 6391, 1349, 1337, 1347, 1345	35	2646	18224	3.148515279127524	0.0048926358664782565	1.8862236213978978E-4	0.03720034712834108
GOTERM_MF_ALL	GO:0022891~substrate-specific transmembrane transporter activity	10	28.57142857142857	8.233636385394351E-5	1351, 9377, 1350, 1340, 1329, 1349, 1327, 1337, 1347, 1345	35	954	16881	5.055705300988319	0.017466370462074	0.0013545208295172584	0.10429255417833128
GOTERM_BP_ALL	GO:0006811~ion transport	12	34.285714285714285	8.909510645302261E-5	5465, 1351, 9377, 1350, 1340, 1329, 10891, 1349, 1327, 1337, 1347, 1345	35	1458	16792	3.9487360376249265	0.11656434032718688	0.002098419203703017	0.14658269027910675
GOTERM_BP_ALL	GO:0006812~cation transport	10	28.57142857142857	1.0139204836421282E-4	1351, 9377, 1350, 1340, 1329, 1349, 1327, 1337, 1347, 1345	35	975	16792	4.920732600732601	0.13154845785509095	0.002309517307942377	0.1667982345496033
GOTERM_BP_ALL	GO:0006796~phosphate-containing compound metabolic process	17	48.57142857142857	1.2179488325908293E-4	1351, 9377, 3420, 1350, 1340, 4728, 1329, 10891, 5629, 1327, 5465, 54205, 6392, 6391, 1349, 1337, 1345	35	3083	16792	2.6455122561512443	0.15585162535413877	0.002728963148107	0.20033097281598744
GOTERM_BP_ALL	GO:0006793~phosphorus metabolic process	17	48.57142857142857	1.2475192331623495E-4	1351, 9377, 3420, 1350, 1340, 4728, 1329, 10891, 5629, 1327, 5465, 54205, 6392, 6391, 1349, 1337, 1345	35	3089	16792	2.6403736761781436	0.1593171076406561	0.002750824613684588	0.20519008874476663
GOTERM_CC_ALL	GO:0044444~cytoplasmic part	27	77.14285714285715	1.432002250781264E-4	824, 1351, 3420, 1350, 823, 10891, 51106, 6392, 23408, 3419, 6390, 6391, 7019, 1349, 1347, 64216, 1345, 5442, 9377, 1340, 4728, 1329, 1327, 835, 54205, 1337, 3421	35	8090	18224	1.7377644358114075	0.022513175703743893	7.587275603790911E-4	0.17259061327685732
GOTERM_MF_ALL	GO:0022857~transmembrane transporter activity	10	28.57142857142857	1.5033320818658464E-4	1351, 9377, 1350, 1340, 1329, 1349, 1327, 1337, 1347, 1345	35	1032	16881	4.673588039867109	0.03166165711478175	0.0022954845509983723	0.19034620365805388
GOTERM_BP_ALL	GO:0055085~transmembrane transport	11	31.428571428571427	2.0079189258903661E-4	1351, 9377, 1350, 1340, 1329, 10891, 1349, 1327, 1337, 1347, 1345	35	1322	16792	3.992046682515669	0.24370938635533312	0.004288157439269247	0.33006543534238597
GOTERM_MF_ALL	GO:0022892~substrate-specific transporter activity	10	28.57142857142857	3.1171312379063446E-4	1351, 9377, 1350, 1340, 1329, 1349, 1327, 1337, 1347, 1345	35	1137	16881	4.2419901997738405	0.06454010781105901	0.003699639812632549	0.39430787628688124
GOTERM_MF_ALL	GO:0005215~transporter activity	10	28.57142857142857	9.645717757264706E-4	1351, 9377, 1350, 1340, 1329, 1349, 1327, 1337, 1347, 1345	35	1327	16881	3.634621595435461	0.1865883611566731	0.007911536844325107	1.215518196813059
GOTERM_CC_ALL	GO:0005737~cytoplasm	30	85.71428571428571	9.790769970580448E-4	824, 3420, 1351, 1350, 823, 10891, 51106, 155061, 23408, 6392, 3419, 6390, 6391, 7019, 1349, 1347, 64216, 1345, 5442, 9377, 7528, 1340, 4728, 1329, 5629, 1327, 835, 54205, 1337, 3421	35	10775	18224	1.449705004971826	0.1442264655114036	0.004708561632178476	1.174583269883911
GOTERM_CC_ALL	GO:1990204~oxidoreductase complex	4	11.428571428571429	0.0010596210456117908	4728, 6392, 6390, 6391	35	108	18224	19.28465608465608	0.15512709540519265	0.0049456437050926505	1.2706451965068921
GOTERM_CC_ALL	GO:0032991~macromolecular complex	18	51.42857142857142	0.003136377101269062	824, 1351, 9377, 2551, 1350, 7528, 4728, 1329, 10891, 1327, 4899, 2648, 54205, 6392, 6390, 6391, 1349, 1337	35	4868	18224	1.9252963962906442	0.39314635474107673	0.01340842051085922	3.718140988788754
GOTERM_CC_ALL	GO:0043234~protein complex	16	45.714285714285715	0.004326344672804931	1351, 9377, 1350, 7528, 4728, 1329, 10891, 4899, 1327, 2648, 54205, 6392, 6390, 6391, 1349, 1337	35	4118	18224	2.023062513009089	0.4981134248702779	0.01752112746459278	5.095337462375705
GOTERM_BP_ALL	GO:0044765~single-organism transport	12	34.285714285714285	0.06847069169192889	5465, 1351, 9377, 1350, 1340, 1329, 10891, 1349, 1327, 1337, 1347, 1345	35	3415	16792	1.6858732482744196	1.0	0.5759550825953167	68.89285367403733
GOTERM_BP_ALL	GO:0044763~single-organism cellular process	30	85.71428571428571	0.07141520917165828	824, 1351, 3420, 1350, 823, 10891, 155061, 2648, 5465, 23408, 6392, 3419, 6390, 6391, 1349, 2101, 1347, 1345, 9377, 2551, 7528, 1340, 4728, 1329, 5629, 1327, 835, 54205, 1337, 3421	35	12256	16792	1.1743752331219695	1.0	0.5887213229216305	70.47273247788463
GOTERM_BP_ALL	GO:1902578~single-organism localization	12	34.285714285714285	0.09560271757356167	5465, 1351, 9377, 1350, 1340, 1329, 10891, 1349, 1327, 1337, 1347, 1345	35	3614	16792	1.593042928294727	1.0	0.676071385168787	80.87898825858072
GOTERM_BP_ALL	GO:0044699~single-organism process	31	88.57142857142857	0.15030450315240734	824, 1351, 3420, 1350, 823, 10891, 4899, 155061, 2648, 5465, 23408, 6392, 3419, 6390, 6391, 1349, 2101, 1347, 1345, 9377, 2551, 7528, 1340, 4728, 1329, 5629, 1327, 835, 54205, 1337, 3421	35	13377	16792	1.1118273369002232	1.0	0.8086668079886039	93.15440792814867
GOTERM_BP_ALL	GO:0006810~transport	13	37.142857142857146	0.211969459190695	5465, 1351, 9377, 1350, 1340, 1329, 10891, 1349, 1327, 1337, 1347, 1345, 2648	35	4663	16792	1.337557060139089	1.0	0.8966466564000296	98.01977891740844
GOTERM_BP_ALL	GO:0051234~establishment of localization	13	37.142857142857146	0.24235190260031528	5465, 1351, 9377, 1350, 1340, 1329, 10891, 1349, 1327, 1337, 1347, 1345, 2648	35	4790	16792	1.3020936474798688	1.0	0.9184743179011186	98.96345725069246
GOTERM_BP_ALL	GO:0051179~localization	15	42.857142857142854	0.2772819986416257	5465, 1351, 9377, 1350, 7528, 1340, 1329, 10891, 5629, 1349, 1327, 1337, 1347, 1345, 2648	35	5872	16792	1.225574153367069	1.0	0.9363475313908122	99.52345608248604
GOTERM_CC_ALL	GO:0044425~membrane part	15	42.857142857142854	0.4480605868137034	824, 1351, 9377, 1350, 54205, 4728, 1329, 6392, 6390, 6391, 1349, 1327, 1337, 1347, 1345	35	7057	18224	1.1067430514787748	1.0	0.8150067166197134	99.92296150130412
GOTERM_CC_ALL	GO:0016020~membrane	19	54.285714285714285	0.521787939701039	824, 1351, 9377, 1350, 823, 1340, 4728, 1329, 1327, 835, 54205, 6392, 23408, 6390, 6391, 1349, 1337, 1347, 1345	35	9462	18224	1.0455536431440045	1.0	0.8630366201094788	99.98633531214082
GOTERM_CC_ALL	GO:0016021~integral component of membrane	9	25.71428571428571	0.900860692531938	1351, 1350, 6392, 6391, 1349, 1327, 1337, 1347, 1345	35	5872	18224	0.7980537173997664	1.0	0.9970710241253693	99.99999999992187
GOTERM_CC_ALL	GO:0031224~intrinsic component of membrane	9	25.71428571428571	0.9129450933736375	1351, 1350, 6392, 6391, 1349, 1327, 1337, 1347, 1345	35	5981	18224	0.7835096854324408	1.0	0.9976770018416392	99.99999999998371

Annotation Cluster 2	Enrichment Score: 4.638848003177675
Category	Term	Count	%	PValue	Genes	List Total	Pop Hits	Pop Total	Fold Enrichment	Bonferroni	Benjamini	FDR
GOTERM_BP_ALL	GO:0009060~aerobic respiration	7	20.0	2.4528657853968785E-9	3420, 6392, 6390, 3419, 6391, 1337, 3421	35	62	16792	54.167741935483875	3.4119305104551856E-6	9.221449115415226E-8	4.038329615152492E-6
GOTERM_BP_ALL	GO:0006099~tricarboxylic acid cycle	6	17.142857142857142	2.8708243281519737E-9	3420, 6392, 6390, 3419, 6391, 3421	35	29	16792	99.26305418719213	3.993308711702781E-6	1.0508727565916587E-7	4.726444868818902E-6
GOTERM_MF_ALL	GO:0048037~cofactor binding	6	17.142857142857142	2.020934804902795E-4	3420, 6392, 23408, 6390, 3419, 3421	35	273	16881	10.600313971742544	0.04233033277962883	0.0026996229142324246	0.2558058252264739
GOTERM_MF_ALL	GO:0046872~metal ion binding	17	48.57142857142857	0.0037594750137382995	824, 3420, 9377, 7528, 823, 4728, 1329, 155061, 5465, 54205, 23408, 6392, 3419, 6390, 6391, 2101, 3421	35	4166	16881	1.968157190864824	0.5533784801465531	0.02342836191094333	4.661131716499578
GOTERM_MF_ALL	GO:0043169~cation binding	17	48.57142857142857	0.004239119309557024	824, 3420, 9377, 7528, 823, 4728, 1329, 155061, 5465, 54205, 23408, 6392, 3419, 6390, 6391, 2101, 3421	35	4213	16881	1.9462005357566714	0.5971132555839378	0.024936587738403126	5.241195047534431
GOTERM_MF_ALL	GO:0043167~ion binding	17	48.57142857142857	0.006475546577625934	824, 3420, 9377, 7528, 823, 4728, 1329, 155061, 5465, 54205, 23408, 6392, 3419, 6390, 6391, 2101, 3421	35	4386	16881	1.869435215946844	0.7509927411907046	0.03502012382630637	7.903176281769975

Annotation Cluster 3	Enrichment Score: 4.4802722126320385
Category	Term	Count	%	PValue	Genes	List Total	Pop Hits	Pop Total	Fold Enrichment	Bonferroni	Benjamini	FDR
GOTERM_CC_ALL	GO:0043231~intracellular membrane-bounded organelle	35	100.0	3.833978216717441E-8	824, 3420, 1351, 1350, 823, 10891, 51106, 4899, 155061, 2648, 5465, 23408, 6392, 3419, 6390, 6391, 7019, 1349, 2101, 1347, 64216, 1345, 5442, 9377, 2551, 7528, 1340, 4728, 1329, 5629, 1327, 835, 54205, 1337, 3421	35	11035	18224	1.6514725872224738	6.09600689427392E-6	3.386680246242335E-7	4.624523258778268E-5
GOTERM_CC_ALL	GO:0043229~intracellular organelle	35	100.0	8.806792667773246E-7	824, 3420, 1351, 1350, 823, 10891, 51106, 4899, 155061, 2648, 5465, 23408, 6392, 3419, 6390, 6391, 7019, 1349, 2101, 1347, 64216, 1345, 5442, 9377, 2551, 7528, 1340, 4728, 1329, 5629, 1327, 835, 54205, 1337, 3421	35	12099	18224	1.5062401851392677	1.400182615988177E-4	6.364891792620675E-6	0.0010622654985859015
GOTERM_BP_ALL	GO:0044237~cellular metabolic process	34	97.14285714285714	9.88079763025199E-7	824, 3420, 1351, 1350, 823, 10891, 51106, 4899, 155061, 2648, 5465, 23408, 6392, 3419, 6390, 6391, 7019, 1349, 2101, 64216, 1345, 5442, 9377, 2551, 7528, 1340, 4728, 1329, 5629, 1327, 835, 54205, 1337, 3421	35	10202	16792	1.5989245806144454	0.0013734755472762927	2.987824123135141E-5	0.0016267344767673109
GOTERM_BP_ALL	GO:0044238~primary metabolic process	34	97.14285714285714	1.1216242717842969E-6	824, 3420, 1351, 1350, 823, 10891, 51106, 4899, 155061, 2648, 5465, 23408, 6392, 3419, 6390, 6391, 7019, 1349, 2101, 64216, 1345, 5442, 9377, 2551, 7528, 1340, 4728, 1329, 5629, 1327, 835, 54205, 1337, 3421	35	10243	16792	1.592524511513089	0.0015589637885558005	3.3194773233491404E-5	0.001846594837029425
GOTERM_CC_ALL	GO:0043227~membrane-bounded organelle	35	100.0	1.1985068345946432E-6	824, 3420, 1351, 1350, 823, 10891, 51106, 4899, 155061, 2648, 5465, 23408, 6392, 3419, 6390, 6391, 7019, 1349, 2101, 1347, 64216, 1345, 5442, 9377, 2551, 7528, 1340, 4728, 1329, 5629, 1327, 835, 54205, 1337, 3421	35	12209	18224	1.4926693422884756	1.9054454497136053E-4	8.285300498012127E-6	0.001445623021034681
GOTERM_BP_ALL	GO:0071704~organic substance metabolic process	34	97.14285714285714	4.531298340828425E-6	824, 3420, 1351, 1350, 823, 10891, 51106, 4899, 155061, 2648, 5465, 23408, 6392, 3419, 6390, 6391, 7019, 1349, 2101, 64216, 1345, 5442, 9377, 2551, 7528, 1340, 4728, 1329, 5629, 1327, 835, 54205, 1337, 3421	35	10707	16792	1.5235106539113263	0.006283227720688345	1.2358158419978338E-4	0.007459941571441586
GOTERM_BP_ALL	GO:0008152~metabolic process	34	97.14285714285714	1.307064923599197E-5	824, 3420, 1351, 1350, 823, 10891, 51106, 4899, 155061, 2648, 5465, 23408, 6392, 3419, 6390, 6391, 7019, 1349, 2101, 64216, 1345, 5442, 9377, 2551, 7528, 1340, 4728, 1329, 5629, 1327, 835, 54205, 1337, 3421	35	11075	16792	1.4728874556594647	0.01801710754900998	3.189209217806521E-4	0.021516976973978696
GOTERM_CC_ALL	GO:0043226~organelle	35	100.0	1.5167708731169691E-5	824, 3420, 1351, 1350, 823, 10891, 51106, 4899, 155061, 2648, 5465, 23408, 6392, 3419, 6390, 6391, 7019, 1349, 2101, 1347, 64216, 1345, 5442, 9377, 2551, 7528, 1340, 4728, 1329, 5629, 1327, 835, 54205, 1337, 3421	35	13154	18224	1.3854340884901932	0.0024087782047705897	1.0048178379118422E-4	0.018293675290059763
GOTERM_CC_ALL	GO:0044424~intracellular part	35	100.0	8.99183592492394E-5	824, 3420, 1351, 1350, 823, 10891, 51106, 4899, 155061, 2648, 5465, 23408, 6392, 3419, 6390, 6391, 7019, 1349, 2101, 1347, 64216, 1345, 5442, 9377, 2551, 7528, 1340, 4728, 1329, 5629, 1327, 835, 54205, 1337, 3421	35	13860	18224	1.3148629148629147	0.014195935765497936	5.105004339109875E-4	0.10840512494284527
GOTERM_CC_ALL	GO:0005622~intracellular	35	100.0	2.1319231999655355E-4	824, 3420, 1351, 1350, 823, 10891, 51106, 4899, 155061, 2648, 5465, 23408, 6392, 3419, 6390, 6391, 7019, 1349, 2101, 1347, 64216, 1345, 5442, 9377, 2551, 7528, 1340, 4728, 1329, 5629, 1327, 835, 54205, 1337, 3421	35	14216	18224	1.2819358469330333	0.033332986366778505	0.0010929891145395887	0.25684844236535387
GOTERM_CC_ALL	GO:0044464~cell part	35	100.0	0.03057823901359631	824, 3420, 1351, 1350, 823, 10891, 51106, 4899, 155061, 2648, 5465, 23408, 6392, 3419, 6390, 6391, 7019, 1349, 2101, 1347, 64216, 1345, 5442, 9377, 2551, 7528, 1340, 4728, 1329, 5629, 1327, 835, 54205, 1337, 3421	35	16449	18224	1.1079092953978964	0.9928298288977033	0.11091930763633595	31.242880186905808
GOTERM_CC_ALL	GO:0005623~cell	35	100.0	0.03246747413724681	824, 3420, 1351, 1350, 823, 10891, 51106, 4899, 155061, 2648, 5465, 23408, 6392, 3419, 6390, 6391, 7019, 1349, 2101, 1347, 64216, 1345, 5442, 9377, 2551, 7528, 1340, 4728, 1329, 5629, 1327, 835, 54205, 1337, 3421	35	16478	18224	1.105959461099648	0.9947419316456825	0.11489262635318431	32.84182142593212
GOTERM_BP_ALL	GO:0009987~cellular process	35	100.0	0.07443774414582639	824, 3420, 1351, 1350, 823, 10891, 51106, 4899, 155061, 2648, 5465, 23408, 6392, 3419, 6390, 6391, 7019, 1349, 2101, 1347, 64216, 1345, 5442, 9377, 2551, 7528, 1340, 4728, 1329, 5629, 1327, 835, 54205, 1337, 3421	35	15558	16792	1.0793161074688264	1.0	0.5982229914108614	72.01587195109329

Annotation Cluster 4	Enrichment Score: 2.447602180630305
Category	Term	Count	%	PValue	Genes	List Total	Pop Hits	Pop Total	Fold Enrichment	Bonferroni	Benjamini	FDR
GOTERM_CC_ALL	GO:0005759~mitochondrial matrix	9	25.71428571428571	8.737227778210567E-7	3420, 4728, 23408, 3419, 7019, 51106, 64216, 3421, 5442	35	425	18224	11.026285714285713	1.3891233314722307E-4	6.615310611968184E-6	0.0010538746998522974
GOTERM_MF_ALL	GO:0051287~NAD binding	4	11.428571428571429	1.6323885216913342E-4	3420, 23408, 3419, 3421	35	53	16881	36.4010781671159	0.034332750084375196	0.0023263542270035575	0.20667127597809865
GOTERM_MF_ALL	GO:0048037~cofactor binding	6	17.142857142857142	2.020934804902795E-4	3420, 6392, 23408, 6390, 3419, 3421	35	273	16881	10.600313971742544	0.04233033277962883	0.0026996229142324246	0.2558058252264739
GOTERM_BP_ALL	GO:0006082~organic acid metabolic process	9	25.71428571428571	3.6295105760556575E-4	5465, 3420, 6392, 10891, 6390, 3419, 5629, 6391, 3421	35	907	16792	4.760686722318475	0.3964682100950696	0.0072914981681260205	0.5958785037305514
GOTERM_MF_ALL	GO:0050662~coenzyme binding	4	11.428571428571429	0.006037047468560172	3420, 23408, 3419, 3421	35	185	16881	10.428416988416988	0.7263331096030179	0.03352625761672068	7.386731209117503
GOTERM_MF_ALL	GO:0000166~nucleotide binding	5	14.285714285714285	0.7286381586458031	3420, 23408, 10891, 3419, 3421	35	2389	16881	1.0094480655384799	1.0	0.9918718760622195	99.99999336998467
GOTERM_MF_ALL	GO:1901265~nucleoside phosphate binding	5	14.285714285714285	0.7289582438623743	3420, 23408, 10891, 3419, 3421	35	2390	16881	1.0090257023311417	1.0	0.9912187763225989	99.99999346841165
GOTERM_MF_ALL	GO:0036094~small molecule binding	5	14.285714285714285	0.7826108078180789	3420, 23408, 10891, 3419, 3421	35	2571	16881	0.9379896649441574	1.0	0.9948429427579416	99.99999960098148

Annotation Cluster 5	Enrichment Score: 1.2126643759203635
Category	Term	Count	%	PValue	Genes	List Total	Pop Hits	Pop Total	Fold Enrichment	Bonferroni	Benjamini	FDR
GOTERM_BP_ALL	GO:0007005~mitochondrion organization	11	31.428571428571427	4.154162591363588E-7	54205, 2551, 4728, 10891, 7019, 51106, 2101, 4899, 64216, 5442, 2648	35	653	16792	8.081907678844892	5.776772167576105E-4	1.3132735049659061E-5	6.839275212944251E-4
GOTERM_MF_ALL	GO:0000982~transcription factor activity, RNA polymerase II core promoter proximal region sequence-specific binding	8	22.857142857142858	4.511690831212927E-6	5465, 2551, 7528, 5629, 7019, 2101, 4899, 155061	35	343	16881	11.249312786339026	9.650380668886349E-4	1.0727246988828654E-4	0.005717395069582132
GOTERM_MF_ALL	GO:0001078~transcriptional repressor activity, RNA polymerase II core promoter proximal region sequence-specific binding	5	14.285714285714285	7.052290861764662E-5	5465, 7528, 5629, 2101, 155061	35	111	16881	21.725868725868725	0.01497911464783619	0.001256912309165692	0.0893350277137328
GOTERM_CC_ALL	GO:0042645~mitochondrial nucleoid	4	11.428571428571429	7.979873433456326E-5	7019, 51106, 64216, 5442	35	45	18224	46.2831746031746	0.01260834534303068	4.6983422403101827E-4	0.09621034001040529
GOTERM_CC_ALL	GO:0009295~nucleoid	4	11.428571428571429	9.095435925621418E-5	7019, 51106, 64216, 5442	35	47	18224	44.31367781155015	0.014358322666075729	4.985791453627764E-4	0.1096534931193327
GOTERM_BP_ALL	GO:0006352~DNA-templated transcription, initiation	6	17.142857142857142	9.47964019732153E-5	5465, 10891, 7019, 2101, 64216, 5442	35	231	16792	12.461595547309834	0.12354336019824586	0.0021953873634825705	0.15595580686336152
GOTERM_BP_ALL	GO:0045944~positive regulation of transcription from RNA polymerase II promoter	10	28.57142857142857	1.6713272485189423E-4	5465, 2551, 7528, 10891, 5629, 7019, 2101, 4899, 155061, 2648	35	1041	16792	4.608755317689035	0.20745108289127412	0.003626238167947382	0.2748073550533303
GOTERM_BP_ALL	GO:0045893~positive regulation of transcription, DNA-templated	11	31.428571428571427	2.3697881350777896E-4	5465, 2551, 7528, 10891, 5629, 7019, 2101, 4899, 64216, 155061, 2648	35	1349	16792	3.9121465635920787	0.2808437249460597	0.004982645148539855	0.38944123451486456
GOTERM_BP_ALL	GO:1903508~positive regulation of nucleic acid-templated transcription	11	31.428571428571427	2.3697881350777896E-4	5465, 2551, 7528, 10891, 5629, 7019, 2101, 4899, 64216, 155061, 2648	35	1349	16792	3.9121465635920787	0.2808437249460597	0.004982645148539855	0.38944123451486456
GOTERM_BP_ALL	GO:1902680~positive regulation of RNA biosynthetic process	11	31.428571428571427	2.6722125940282175E-4	5465, 2551, 7528, 10891, 5629, 7019, 2101, 4899, 64216, 155061, 2648	35	1369	16792	3.8549932171553793	0.3104764618874173	0.005533208892138375	0.4390378032503306
GOTERM_MF_ALL	GO:0000981~RNA polymerase II transcription factor activity, sequence-specific DNA binding	8	22.857142857142858	2.946917723953696E-4	5465, 2551, 7528, 5629, 7019, 2101, 4899, 155061	35	662	16881	5.828571428571428	0.061125379652218426	0.003703321805926252	0.3728133906658271
GOTERM_CC_ALL	GO:0031974~membrane-enclosed lumen	19	54.285714285714285	3.2517032497515985E-4	3420, 2551, 7528, 1340, 4728, 10891, 51106, 4899, 2648, 5465, 54205, 23408, 3419, 6390, 7019, 2101, 64216, 3421, 5442	35	4457	18224	2.219660886566877	0.0503962526795817	0.001614647847695605	0.3915140859599986
GOTERM_BP_ALL	GO:0051254~positive regulation of RNA metabolic process	11	31.428571428571427	3.4938821282638467E-4	5465, 2551, 7528, 10891, 5629, 7019, 2101, 4899, 64216, 155061, 2648	35	1415	16792	3.7296718828874305	0.3849698112512604	0.00712280473668081	0.573671683157928
GOTERM_MF_ALL	GO:0000976~transcription regulatory region sequence-specific DNA binding	8	22.857142857142858	3.8557552138322493E-4	5465, 2551, 7528, 5629, 7019, 2101, 4899, 155061	35	692	16881	5.57588769611891	0.07921533268348957	0.004334215490740978	0.487531502740457
GOTERM_MF_ALL	GO:0001227~transcriptional repressor activity, RNA polymerase II transcription regulatory region sequence-specific binding	5	14.285714285714285	4.1476824941923004E-4	5465, 7528, 5629, 2101, 155061	35	176	16881	13.70211038961039	0.08495205664149064	0.004429103361623388	0.5243542300237714
GOTERM_MF_ALL	GO:1990837~sequence-specific double-stranded DNA binding	8	22.857142857142858	5.103458772568733E-4	5465, 2551, 7528, 5629, 7019, 2101, 4899, 155061	35	725	16881	5.322088669950739	0.10348647148269896	0.0051884880873990236	0.6448248496673692
GOTERM_MF_ALL	GO:0000978~RNA polymerase II core promoter proximal region sequence-specific DNA binding	6	17.142857142857142	6.822878366061553E-4	5465, 2551, 7019, 2101, 4899, 155061	35	356	16881	8.128892455858747	0.13589365217124738	0.006617075098460101	0.8612104579223567
GOTERM_MF_ALL	GO:0000987~core promoter proximal region sequence-specific DNA binding	6	17.142857142857142	8.726397200088396E-4	5465, 2551, 7019, 2101, 4899, 155061	35	376	16881	7.696504559270516	0.17041228293088317	0.008089986664158721	1.100258260804965
GOTERM_MF_ALL	GO:0001159~core promoter proximal region DNA binding	6	17.142857142857142	8.93652556262546E-4	5465, 2551, 7019, 2101, 4899, 155061	35	378	16881	7.65578231292517	0.17413763673651506	0.007940272735784792	1.126614047366159
GOTERM_BP_ALL	GO:0010557~positive regulation of macromolecule biosynthetic process	11	31.428571428571427	9.13769507287747E-4	5465, 2551, 7528, 10891, 5629, 7019, 2101, 4899, 64216, 155061, 2648	35	1597	16792	3.3046247428213613	0.7196270123609005	0.018002195744230898	1.4938224320321436
GOTERM_MF_ALL	GO:0003690~double-stranded DNA binding	8	22.857142857142858	9.497977370049186E-4	5465, 2551, 7528, 5629, 7019, 2101, 4899, 155061	35	805	16881	4.793185448092281	0.18401010140486962	0.008101139593753803	1.19700357434811
GOTERM_MF_ALL	GO:0043565~sequence-specific DNA binding	9	25.71428571428571	0.0011134147607619776	5465, 2551, 7528, 10891, 5629, 7019, 2101, 4899, 155061	35	1080	16881	4.019285714285714	0.2121152880313496	0.008790891579850468	1.4018679894273411
GOTERM_MF_ALL	GO:0000989~transcription factor activity, transcription factor binding	7	20.0	0.001190351448300915	5465, 2551, 7528, 10891, 5629, 64216, 2648	35	606	16881	5.571287128712872	0.22499588701968576	0.009061797268860583	1.4980648897329418
GOTERM_BP_ALL	GO:0045935~positive regulation of nucleobase-containing compound metabolic process	11	31.428571428571427	0.001222347129412701	5465, 2551, 7528, 10891, 5629, 7019, 2101, 4899, 64216, 155061, 2648	35	1658	16792	3.1830432534895743	0.8175583482948926	0.023677505217896577	1.9935301882401446
GOTERM_BP_ALL	GO:0031667~response to nutrient levels	6	17.142857142857142	0.001231121923626427	5465, 23408, 10891, 5629, 1327, 2648	35	404	16792	7.125318246110325	0.819774350362656	0.023518275842915437	2.0077051322934802
GOTERM_MF_ALL	GO:0001077~transcriptional activator activity, RNA polymerase II core promoter proximal region sequence-specific binding	5	14.285714285714285	0.0012422982916724533	5465, 2551, 7019, 2101, 4899	35	236	16881	10.218523002421307	0.2335739822889048	0.009131059968955468	1.5629671288876934
GOTERM_MF_ALL	GO:0000988~transcription factor activity, protein binding	7	20.0	0.0012522873602046653	5465, 2551, 7528, 10891, 5629, 64216, 2648	35	612	16881	5.516666666666667	0.23521263285318705	0.008898750821698886	1.5754429265454784
GOTERM_MF_ALL	GO:0044212~transcription regulatory region DNA binding	8	22.857142857142858	0.0013319315941394058	5465, 2551, 7528, 5629, 7019, 2101, 4899, 155061	35	853	16881	4.523463406464579	0.24815369106604912	0.009158555885728115	1.67486211199378
GOTERM_MF_ALL	GO:0000975~regulatory region DNA binding	8	22.857142857142858	0.0013593310747330796	5465, 2551, 7528, 5629, 7019, 2101, 4899, 155061	35	856	16881	4.507610146862484	0.25255513969086507	0.00905546078629682	1.709043248325104
GOTERM_MF_ALL	GO:0001067~regulatory region nucleic acid binding	8	22.857142857142858	0.0013685624572553484	5465, 2551, 7528, 5629, 7019, 2101, 4899, 155061	35	857	16881	4.502350391731955	0.2540322840708892	0.008841679081634024	1.7205570286168093
GOTERM_BP_ALL	GO:0010628~positive regulation of gene expression	11	31.428571428571427	0.0014288629144358364	5465, 2551, 7528, 10891, 5629, 7019, 2101, 4899, 64216, 155061, 2648	35	1692	16792	3.1190813914218167	0.8631636557990561	0.02687833099240844	2.3266289319976208
GOTERM_BP_ALL	GO:0031328~positive regulation of cellular biosynthetic process	11	31.428571428571427	0.001685528992105898	5465, 2551, 7528, 10891, 5629, 7019, 2101, 4899, 64216, 155061, 2648	35	1729	16792	3.05233413203338	0.9043011475963099	0.031212627743871235	2.7391353833730703
GOTERM_BP_ALL	GO:0009991~response to extracellular stimulus	6	17.142857142857142	0.0017067468107648226	5465, 23408, 10891, 5629, 1327, 2648	35	435	16792	6.617536945812808	0.9070889878762585	0.03118490723207734	2.773162732032408
GOTERM_BP_ALL	GO:0009891~positive regulation of biosynthetic process	11	31.428571428571427	0.0019287659180633797	5465, 2551, 7528, 10891, 5629, 7019, 2101, 4899, 64216, 155061, 2648	35	1760	16792	2.9985714285714287	0.9318131862593566	0.03471856724046185	3.12854824849903
GOTERM_BP_ALL	GO:0051173~positive regulation of nitrogen compound metabolic process	11	31.428571428571427	0.0019874979507360996	5465, 2551, 7528, 10891, 5629, 7019, 2101, 4899, 64216, 155061, 2648	35	1767	16792	2.9866925377961033	0.9371723881577008	0.03530158359869684	3.2223562101223013
GOTERM_CC_ALL	GO:0070013~intracellular organelle lumen	17	48.57142857142857	0.002478780231687335	3420, 2551, 7528, 4728, 10891, 51106, 4899, 2648, 5465, 23408, 6390, 3419, 7019, 2101, 64216, 3421, 5442	35	4328	18224	2.045207288090837	0.3260607741501226	0.011211402542572357	2.9492388756322985
GOTERM_CC_ALL	GO:0043233~organelle lumen	17	48.57142857142857	0.0029688050045580164	3420, 2551, 7528, 4728, 10891, 51106, 4899, 2648, 5465, 23408, 6390, 3419, 7019, 2101, 64216, 3421, 5442	35	4400	18224	2.0117402597402596	0.3767091922521676	0.013045879607846533	3.5227377901631107
GOTERM_BP_ALL	GO:0010565~regulation of cellular ketone metabolic process	4	11.428571428571429	0.003949087145858652	5465, 23408, 10891, 5629	35	158	16792	12.146112115732368	0.9959297684300168	0.06813265919514222	6.306876153563012
GOTERM_MF_ALL	GO:0001228~transcriptional activator activity, RNA polymerase II transcription regulatory region sequence-specific binding	5	14.285714285714285	0.004009744502071074	5465, 2551, 7019, 2101, 4899	35	326	16881	7.397458369851007	0.5767576309520517	0.024266719620208654	4.964204788528637
GOTERM_MF_ALL	GO:0003712~transcription cofactor activity	6	17.142857142857142	0.004661147123575045	2551, 7528, 10891, 5629, 64216, 2648	35	552	16881	5.242546583850932	0.6320533951948368	0.02666026286530443	5.748888916077433
GOTERM_MF_ALL	GO:0000977~RNA polymerase II regulatory region sequence-specific DNA binding	6	17.142857142857142	0.006656484852218108	5465, 2551, 7019, 2101, 4899, 155061	35	601	16881	4.815117661041122	0.760511515252873	0.035100423239853185	8.115503310914551
GOTERM_MF_ALL	GO:0001012~RNA polymerase II regulatory region DNA binding	6	17.142857142857142	0.006795506720645987	5465, 2551, 7019, 2101, 4899, 155061	35	604	16881	4.79120151371807	0.7675783457058327	0.03496440727570527	8.278335964147065
GOTERM_BP_ALL	GO:0031325~positive regulation of cellular metabolic process	13	37.142857142857146	0.007500734643451042	5465, 54205, 2551, 7528, 10891, 5629, 7019, 2101, 4899, 64216, 155061, 2648, 835	35	2839	16792	2.1969103809188346	0.9999717056438583	0.12415636143788977	11.658081297578192
GOTERM_BP_ALL	GO:0010604~positive regulation of macromolecule metabolic process	13	37.142857142857146	0.00787135824305316	5465, 54205, 2551, 7528, 10891, 5629, 7019, 2101, 4899, 64216, 155061, 2648, 835	35	2856	16792	2.1838335334133654	0.9999831705254612	0.12838261902246717	12.199638344418906
GOTERM_BP_ALL	GO:0006366~transcription from RNA polymerase II promoter	10	28.57142857142857	0.008592626751013473	5465, 2551, 7528, 10891, 5629, 7019, 2101, 4899, 155061, 2648	35	1820	16792	2.6361067503924644	0.9999938802596826	0.13773912806349908	13.244632359629149
GOTERM_BP_ALL	GO:0006357~regulation of transcription from RNA polymerase II promoter	10	28.57142857142857	0.0090559350861018	5465, 2551, 7528, 10891, 5629, 7019, 2101, 4899, 155061, 2648	35	1835	16792	2.6145581938497466	0.9999968058525437	0.14300174316812142	13.909712194090318
GOTERM_MF_ALL	GO:0003700~transcription factor activity, sequence-specific DNA binding	8	22.857142857142858	0.010155614810673388	5465, 2551, 7528, 5629, 7019, 2101, 4899, 155061	35	1231	16881	3.1344551468028317	0.8874561623928141	0.05068045609987093	12.134009797847146
GOTERM_MF_ALL	GO:0001071~nucleic acid binding transcription factor activity	8	22.857142857142858	0.010198905420526944	5465, 2551, 7528, 5629, 7019, 2101, 4899, 155061	35	1232	16881	3.13191094619666	0.8885045961073481	0.049738388134284106	12.182696128391457
GOTERM_BP_ALL	GO:0006996~organelle organization	15	42.857142857142854	0.010692537002758889	824, 2551, 7528, 4728, 10891, 5629, 51106, 4899, 2648, 54205, 23408, 7019, 2101, 64216, 5442	35	3753	16792	1.9175516729473563	0.999999679507556	0.1648647003616387	16.220920293658526
GOTERM_BP_ALL	GO:0042180~cellular ketone metabolic process	4	11.428571428571429	0.010971883565022534	5465, 23408, 10891, 5629	35	229	16792	8.38028696194635	0.9999997836207937	0.16697635725038018	16.609542590682537
GOTERM_CC_ALL	GO:0000785~chromatin	5	14.285714285714285	0.011143378242635327	824, 2551, 7528, 10891, 2648	35	472	18224	5.515738498789346	0.831655532910059	0.04356607740905838	12.642854067062071
GOTERM_BP_ALL	GO:0009893~positive regulation of metabolic process	13	37.142857142857146	0.013308544177667903	5465, 54205, 2551, 7528, 10891, 5629, 7019, 2101, 4899, 64216, 155061, 2648, 835	35	3052	16792	2.0435873431941585	0.9999999919409813	0.1968812039747394	19.794590499791596
GOTERM_BP_ALL	GO:1901214~regulation of neuron death	4	11.428571428571429	0.014946873468523537	5465, 10891, 155061, 835	35	257	16792	7.467259588660367	0.9999999992013097	0.2161847615902326	21.95922601289626
GOTERM_BP_ALL	GO:0000122~negative regulation of transcription from RNA polymerase II promoter	6	17.142857142857142	0.016487346609078024	5465, 2551, 7528, 5629, 2101, 155061	35	748	16792	3.8484339190221544	0.9999999999094449	0.2334116473021135	23.9444094244342
GOTERM_BP_ALL	GO:0045934~negative regulation of nucleobase-containing compound metabolic process	8	22.857142857142858	0.018135135345910595	5465, 2551, 7528, 23408, 10891, 5629, 2101, 155061	35	1371	16792	2.799541523392727	0.9999999999912109	0.25120493511769304	26.015331965973477
GOTERM_BP_ALL	GO:0070997~neuron death	4	11.428571428571429	0.018225677299771835	5465, 10891, 155061, 835	35	277	16792	6.928107271789583	0.9999999999922691	0.24984902951501498	26.12757470014645
GOTERM_BP_ALL	GO:0006351~transcription, DNA-templated	14	40.0	0.01931286624183013	5465, 2551, 7528, 23408, 10891, 5629, 7019, 51106, 4899, 2101, 64216, 155061, 5442, 2648	35	3605	16792	1.8631900138696256	0.9999999999983447	0.25777205798074443	27.462906496345763
GOTERM_CC_ALL	GO:0000790~nuclear chromatin	4	11.428571428571429	0.020783891664664156	2551, 7528, 10891, 2648	35	316	18224	6.590958408679928	0.9645440351671324	0.07822151215948203	22.379302350304854
GOTERM_MF_ALL	GO:0003713~transcription coactivator activity	4	11.428571428571429	0.0227306560547414	2551, 7528, 10891, 2648	35	303	16881	6.367185289957567	0.9927045015476774	0.10580329031222946	25.2771248910846
GOTERM_BP_ALL	GO:0019752~carboxylic acid metabolic process	6	17.142857142857142	0.024222664799218915	5465, 3420, 10891, 6390, 5629, 3421	35	826	16792	3.485022483569699	0.9999999999999984	0.30977988375304255	33.21586041101779
GOTERM_BP_ALL	GO:0045892~negative regulation of transcription, DNA-templated	7	20.0	0.024315781487791188	5465, 2551, 7528, 23408, 5629, 2101, 155061	35	1130	16792	2.9720353982300884	0.9999999999999987	0.3080112686623838	33.32070782103151
GOTERM_BP_ALL	GO:0043436~oxoacid metabolic process	6	17.142857142857142	0.024787160633659728	5465, 3420, 10891, 6390, 5629, 3421	35	831	16792	3.4640536358947913	0.9999999999999993	0.31024561950012064	33.84910258572342
GOTERM_BP_ALL	GO:0048511~rhythmic process	4	11.428571428571429	0.02485943971924757	5465, 10891, 5629, 835	35	312	16792	6.15091575091575	0.9999999999999993	0.3082947071765698	33.929775566953545
GOTERM_MF_ALL	GO:0003677~DNA binding	11	31.428571428571427	0.02570820790958019	5465, 2551, 7528, 10891, 5629, 7019, 51106, 2101, 4899, 155061, 5442	35	2562	16881	2.0708263633322184	0.996202870706155	0.11649274588010583	28.11152588665058
GOTERM_MF_ALL	GO:1901363~heterocyclic compound binding	19	54.285714285714285	0.026711791366309166	3420, 2551, 7528, 10891, 5629, 51106, 4899, 155061, 5465, 54205, 23408, 6392, 3419, 6391, 7019, 2101, 64216, 3421, 5442	35	5971	16881	1.5347465129076248	0.9969544000626208	0.11834792094341073	29.0443179400795
GOTERM_BP_ALL	GO:0097659~nucleic acid-templated transcription	14	40.0	0.027528924143304708	5465, 2551, 7528, 23408, 10891, 5629, 7019, 51106, 4899, 2101, 64216, 155061, 5442, 2648	35	3771	16792	1.7811721028904801	1.0	0.3326735590295893	36.84536026845826
GOTERM_BP_ALL	GO:0051172~negative regulation of nitrogen compound metabolic process	8	22.857142857142858	0.02878761382219098	5465, 2551, 7528, 23408, 10891, 5629, 2101, 155061	35	1506	16792	2.548586605957124	1.0	0.34221617325723597	38.177759583945836
GOTERM_BP_ALL	GO:1903507~negative regulation of nucleic acid-templated transcription	7	20.0	0.02901501017021808	5465, 2551, 7528, 23408, 5629, 2101, 155061	35	1177	16792	2.853355989804588	1.0	0.3415905999981158	38.41563850775944
GOTERM_MF_ALL	GO:0097159~organic cyclic compound binding	19	54.285714285714285	0.030660987843384037	3420, 2551, 7528, 10891, 5629, 51106, 4899, 155061, 5465, 54205, 23408, 6392, 3419, 6391, 7019, 2101, 64216, 3421, 5442	35	6052	16881	1.5142054574638844	0.9987241546411644	0.13219682476011962	32.60773638488339
GOTERM_BP_ALL	GO:1902679~negative regulation of RNA biosynthetic process	7	20.0	0.030855362937681808	5465, 2551, 7528, 23408, 5629, 2101, 155061	35	1194	16792	2.8127303182579566	1.0	0.3561971255823483	40.30943866251484
GOTERM_BP_ALL	GO:0007417~central nervous system development	6	17.142857142857142	0.03402357485676016	1340, 10891, 5629, 1349, 2648, 835	35	904	16792	3.1843236409608093	1.0	0.3821480844342452	43.442121495719334
GOTERM_BP_ALL	GO:0032774~RNA biosynthetic process	14	40.0	0.03592830736630947	5465, 2551, 7528, 23408, 10891, 5629, 7019, 51106, 4899, 2101, 64216, 155061, 5442, 2648	35	3905	16792	1.7200512163892445	1.0	0.3958437071519414	45.25046061440096
GOTERM_BP_ALL	GO:0051253~negative regulation of RNA metabolic process	7	20.0	0.03622250073415399	5465, 2551, 7528, 23408, 5629, 2101, 155061	35	1240	16792	2.7083870967741936	1.0	0.3953733248058313	45.52487546553885
GOTERM_BP_ALL	GO:0034654~nucleobase-containing compound biosynthetic process	15	42.857142857142854	0.03777145018468708	2551, 7528, 1329, 10891, 5629, 51106, 4899, 155061, 2648, 5465, 23408, 7019, 2101, 64216, 5442	35	4357	16792	1.6517262861077413	1.0	0.40546825854139035	46.9485092099195
GOTERM_BP_ALL	GO:0018130~heterocycle biosynthetic process	15	42.857142857142854	0.04162813305112101	2551, 7528, 1329, 10891, 5629, 51106, 4899, 155061, 2648, 5465, 23408, 7019, 2101, 64216, 5442	35	4411	16792	1.631505651455776	1.0	0.433737234449327	50.34284116689659
GOTERM_BP_ALL	GO:0019438~aromatic compound biosynthetic process	15	42.857142857142854	0.0425992071127487	2551, 7528, 1329, 10891, 5629, 51106, 4899, 155061, 2648, 5465, 23408, 7019, 2101, 64216, 5442	35	4424	16792	1.6267114440712993	1.0	0.4382570416456196	51.16476019902279
GOTERM_BP_ALL	GO:0006355~regulation of transcription, DNA-templated	13	37.142857142857146	0.04488121249846887	5465, 2551, 7528, 23408, 10891, 5629, 7019, 51106, 4899, 2101, 64216, 155061, 2648	35	3603	16792	1.7310653820229174	1.0	0.4526057259852999	53.046236531439675
GOTERM_BP_ALL	GO:1903506~regulation of nucleic acid-templated transcription	13	37.142857142857146	0.04679111300068378	5465, 2551, 7528, 23408, 10891, 5629, 7019, 51106, 4899, 2101, 64216, 155061, 2648	35	3625	16792	1.7205596059113302	1.0	0.46365396370229994	54.56836034586283
GOTERM_BP_ALL	GO:2000113~negative regulation of cellular macromolecule biosynthetic process	7	20.0	0.04753775506863782	5465, 2551, 7528, 23408, 5629, 2101, 155061	35	1324	16792	2.5365558912386708	1.0	0.46596821651053777	55.15070824728943
GOTERM_BP_ALL	GO:0007420~brain development	5	14.285714285714285	0.04812834784925748	1340, 10891, 5629, 2648, 835	35	684	16792	3.507101086048454	1.0	0.4671206966597501	55.606370484685264
GOTERM_BP_ALL	GO:2001141~regulation of RNA biosynthetic process	13	37.142857142857146	0.048487461168188084	5465, 2551, 7528, 23408, 10891, 5629, 7019, 51106, 4899, 2101, 64216, 155061, 2648	35	3644	16792	1.7115885212482358	1.0	0.4666138439387536	55.881308868292265
GOTERM_BP_ALL	GO:1901362~organic cyclic compound biosynthetic process	15	42.857142857142854	0.05159336498175349	2551, 7528, 1329, 10891, 5629, 51106, 4899, 155061, 2648, 5465, 23408, 7019, 2101, 64216, 5442	35	4535	16792	1.5868955741061586	1.0	0.485118960405288	58.19336094177934
GOTERM_BP_ALL	GO:0060322~head development	5	14.285714285714285	0.05619018749851699	1340, 10891, 5629, 2648, 835	35	720	16792	3.331746031746032	1.0	0.5123880796822781	61.40729368470601
GOTERM_BP_ALL	GO:0051252~regulation of RNA metabolic process	13	37.142857142857146	0.06002844960177458	5465, 2551, 7528, 23408, 10891, 5629, 7019, 51106, 4899, 2101, 64216, 155061, 2648	35	3762	16792	1.6579023315865422	1.0	0.5332877410156104	63.91156179220341
GOTERM_BP_ALL	GO:0010558~negative regulation of macromolecule biosynthetic process	7	20.0	0.06261866903673233	5465, 2551, 7528, 23408, 5629, 2101, 155061	35	1418	16792	2.3684062059238364	1.0	0.5457137544962837	65.51439818972187
GOTERM_CC_ALL	GO:0005634~nucleus	19	54.285714285714285	0.0640936105498801	824, 3420, 2551, 7528, 10891, 5629, 1327, 4899, 155061, 2648, 835, 5465, 54205, 23408, 3419, 6390, 7019, 2101, 3421	35	7048	18224	1.4036646667747688	0.999973334265947	0.2128737450705821	55.02130218248904
GOTERM_CC_ALL	GO:0044427~chromosomal part	5	14.285714285714285	0.06649692369801216	824, 2551, 7528, 10891, 2648	35	827	18224	3.148039385040594	0.9999822824036557	0.2158322170257816	56.394848545226296
GOTERM_CC_ALL	GO:0044454~nuclear chromosome part	4	11.428571428571429	0.07170422990609765	2551, 7528, 10891, 2648	35	519	18224	4.012992017616295	0.9999927199715888	0.2267725902014851	59.239948618964334
GOTERM_BP_ALL	GO:0031327~negative regulation of cellular biosynthetic process	7	20.0	0.07400168914105598	5465, 2551, 7528, 23408, 5629, 2101, 155061	35	1480	16792	2.2691891891891895	1.0	0.5991034562619689	71.79802167948466
GOTERM_BP_ALL	GO:0010629~negative regulation of gene expression	7	20.0	0.07496982844445393	5465, 2551, 7528, 23408, 5629, 2101, 155061	35	1485	16792	2.2615488215488218	1.0	0.597844756734585	72.27955684524836
GOTERM_BP_ALL	GO:0044283~small molecule biosynthetic process	4	11.428571428571429	0.07519055278500722	5465, 10891, 5629, 2648	35	488	16792	3.9325526932084305	1.0	0.5958997813274476	72.38825481330902
GOTERM_BP_ALL	GO:0009890~negative regulation of biosynthetic process	7	20.0	0.0787170780930409	5465, 2551, 7528, 23408, 5629, 2101, 155061	35	1504	16792	2.2329787234042553	1.0	0.6103570048280582	74.07154475367392
GOTERM_MF_ALL	GO:0003682~chromatin binding	4	11.428571428571429	0.08008998037841938	2551, 10891, 7019, 2648	35	504	16881	3.827891156462585	0.9999999825616765	0.3107691918884885	65.28201853959574
GOTERM_MF_ALL	GO:0008134~transcription factor binding	4	11.428571428571429	0.08307771089765775	5465, 10891, 7019, 2648	35	512	16881	3.768080357142857	0.9999999913071655	0.31531141099612925	66.68420471198415
GOTERM_CC_ALL	GO:0000228~nuclear chromosome	4	11.428571428571429	0.08388391758196859	2551, 7528, 10891, 2648	35	555	18224	3.7526898326898324	0.999999108480899	0.2565027344836971	65.24246000500395
GOTERM_BP_ALL	GO:0010467~gene expression	16	45.714285714285715	0.08514134106224355	824, 2551, 7528, 10891, 5629, 51106, 4899, 155061, 2648, 835, 5465, 23408, 7019, 2101, 64216, 5442	35	5306	16792	1.4467287706639385	1.0	0.6374463519735911	76.89302438374538
GOTERM_BP_ALL	GO:2000112~regulation of cellular macromolecule biosynthetic process	13	37.142857142857146	0.08768994366549931	5465, 2551, 7528, 23408, 10891, 5629, 7019, 51106, 4899, 2101, 64216, 155061, 2648	35	3991	16792	1.5627733829688228	1.0	0.6457960727878544	77.93028950628698
GOTERM_CC_ALL	GO:0005694~chromosome	5	14.285714285714285	0.09513017475105437	824, 2551, 7528, 10891, 2648	35	937	18224	2.7784723280987955	0.9999998749191409	0.28188917052798623	70.05364923672886
GOTERM_BP_ALL	GO:0044271~cellular nitrogen compound biosynthetic process	15	42.857142857142854	0.09718696976448005	2551, 7528, 1329, 10891, 5629, 51106, 4899, 155061, 2648, 5465, 23408, 7019, 2101, 64216, 5442	35	4947	16792	1.4547344711080308	1.0	0.6794524031709712	81.42302930933096
GOTERM_BP_ALL	GO:0019219~regulation of nucleobase-containing compound metabolic process	13	37.142857142857146	0.1040508199186422	5465, 2551, 7528, 23408, 10891, 5629, 7019, 51106, 4899, 2101, 64216, 155061, 2648	35	4104	16792	1.5197438039543303	1.0	0.7026803429530584	83.61649396544654
GOTERM_BP_ALL	GO:0010556~regulation of macromolecule biosynthetic process	13	37.142857142857146	0.10451028445023902	5465, 2551, 7528, 23408, 10891, 5629, 7019, 51106, 4899, 2101, 64216, 155061, 2648	35	4107	16792	1.5186336916066645	1.0	0.7015088353560948	83.75427272624579
GOTERM_BP_ALL	GO:0043009~chordate embryonic development	4	11.428571428571429	0.11038610699921408	824, 2551, 5629, 2648	35	577	16792	3.325971775191879	1.0	0.7194800252893645	85.4229841310752
GOTERM_BP_ALL	GO:0009792~embryo development ending in birth or egg hatching	4	11.428571428571429	0.11296070458448437	824, 2551, 5629, 2648	35	583	16792	3.2917422200441067	1.0	0.7254188771961378	86.10220870178668
GOTERM_BP_ALL	GO:0016070~RNA metabolic process	14	40.0	0.11963054887425378	5465, 2551, 7528, 23408, 10891, 5629, 7019, 51106, 4899, 2101, 64216, 155061, 5442, 2648	35	4648	16792	1.4450946643717728	1.0	0.7441914147500488	87.72618889177318
GOTERM_BP_ALL	GO:0010942~positive regulation of cell death	4	11.428571428571429	0.12349183151865088	54205, 10891, 155061, 835	35	607	16792	3.1615909625794303	1.0	0.7533026337736451	88.5830459373915
GOTERM_MF_ALL	GO:0019904~protein domain specific binding	4	11.428571428571429	0.125176736344753	5465, 5629, 2101, 835	35	614	16881	3.142112610516519	0.9999999999996276	0.4358183139416135	81.63581205845075
GOTERM_BP_ALL	GO:0031326~regulation of cellular biosynthetic process	13	37.142857142857146	0.13393798563540277	5465, 2551, 7528, 23408, 10891, 5629, 7019, 51106, 4899, 2101, 64216, 155061, 2648	35	4284	16792	1.4558890222755771	1.0	0.7802652040816083	90.62817782310458
GOTERM_BP_ALL	GO:0048522~positive regulation of cellular process	14	40.0	0.1357154158544249	2551, 7528, 823, 10891, 5629, 4899, 155061, 2648, 835, 5465, 54205, 7019, 2101, 64216	35	4744	16792	1.4158516020236087	1.0	0.7824718291672887	90.93986408941106
GOTERM_BP_ALL	GO:0009889~regulation of biosynthetic process	13	37.142857142857146	0.1440102243113145	5465, 2551, 7528, 23408, 10891, 5629, 7019, 51106, 4899, 2101, 64216, 155061, 2648	35	4339	16792	1.4374345635926646	1.0	0.8009402220945274	92.269963722066
GOTERM_BP_ALL	GO:0010468~regulation of gene expression	13	37.142857142857146	0.1451354522981356	5465, 2551, 7528, 23408, 10891, 5629, 7019, 51106, 4899, 2101, 64216, 155061, 2648	35	4345	16792	1.4354496136774617	1.0	0.8012578301810107	92.43556852791865
GOTERM_BP_ALL	GO:0044723~single-organism carbohydrate metabolic process	4	11.428571428571429	0.1460725188657781	5465, 23408, 10891, 2648	35	656	16792	2.925435540069686	1.0	0.8011260395575166	92.57093168662476
GOTERM_BP_ALL	GO:0009628~response to abiotic stimulus	5	14.285714285714285	0.1524688385097148	824, 5465, 7528, 10891, 835	35	1029	16792	2.331250867694016	1.0	0.811274741552693	93.4359011196811
GOTERM_BP_ALL	GO:0051171~regulation of nitrogen compound metabolic process	13	37.142857142857146	0.1564752288546995	5465, 2551, 7528, 23408, 10891, 5629, 7019, 51106, 4899, 2101, 64216, 155061, 2648	35	4404	16792	1.416219021668613	1.0	0.8178426343771006	93.92850690620655
GOTERM_BP_ALL	GO:0048513~animal organ development	10	28.57142857142857	0.16832002934270734	5465, 2551, 7528, 1340, 823, 10891, 5629, 2101, 2648, 835	35	3129	16792	1.5333059398255946	1.0	0.8397831845946242	95.18959160149544
GOTERM_MF_ALL	GO:0003676~nucleic acid binding	12	34.285714285714285	0.1820457900386393	5465, 2551, 7528, 10891, 5629, 7019, 51106, 2101, 4899, 64216, 155061, 5442	35	4097	16881	1.4126852400711323	1.0	0.5696676394599647	92.16502236995798
GOTERM_BP_ALL	GO:0010605~negative regulation of macromolecule metabolic process	8	22.857142857142858	0.18268818464554457	5465, 2551, 7528, 23408, 10891, 5629, 2101, 155061	35	2326	16792	1.6501166932809237	1.0	0.8633267017273252	96.38942098914762
GOTERM_BP_ALL	GO:0010941~regulation of cell death	6	17.142857142857142	0.18602566699983913	5465, 54205, 23408, 10891, 155061, 835	35	1509	16792	1.9076398750355015	1.0	0.8668434101321231	96.62464292738309
GOTERM_BP_ALL	GO:0034645~cellular macromolecule biosynthetic process	14	40.0	0.18724932088015994	5465, 2551, 7528, 23408, 10891, 5629, 7019, 51106, 4899, 2101, 64216, 155061, 5442, 2648	35	5012	16792	1.3401436552274542	1.0	0.8669145739145669	96.70721912621234
GOTERM_BP_ALL	GO:0031324~negative regulation of cellular metabolic process	8	22.857142857142858	0.18809961601951175	5465, 2551, 7528, 23408, 10891, 5629, 2101, 155061	35	2345	16792	1.63674687785562	1.0	0.866395319680211	96.76347834086938
GOTERM_BP_ALL	GO:0009719~response to endogenous stimulus	6	17.142857142857142	0.19996569294042954	824, 5465, 7528, 10891, 2101, 2648	35	1548	16792	1.859579180509413	1.0	0.8823719546908103	97.46015478827435
GOTERM_CC_ALL	GO:0043228~non-membrane-bounded organelle	11	31.428571428571427	0.2016276766776943	824, 2551, 7528, 10891, 7019, 51106, 2101, 64216, 3421, 5442, 2648	35	4026	18224	1.4226385636221701	0.9999999999999997	0.5184218884973918	93.38686193158628
GOTERM_CC_ALL	GO:0043232~intracellular non-membrane-bounded organelle	11	31.428571428571427	0.2016276766776943	824, 2551, 7528, 10891, 7019, 51106, 2101, 64216, 3421, 5442, 2648	35	4026	18224	1.4226385636221701	0.9999999999999997	0.5184218884973918	93.38686193158628
GOTERM_BP_ALL	GO:0010243~response to organonitrogen compound	4	11.428571428571429	0.21329442129706588	824, 5465, 10891, 2101	35	789	16792	2.432301285533225	1.0	0.8966966594797272	98.07388739531659
GOTERM_BP_ALL	GO:0071495~cellular response to endogenous stimulus	5	14.285714285714285	0.21620787044671436	824, 5465, 10891, 2101, 2648	35	1185	16792	2.0243520192887283	1.0	0.8986948754548766	98.18802100363584
GOTERM_BP_ALL	GO:0090304~nucleic acid metabolic process	14	40.0	0.21925809717911837	5465, 2551, 7528, 23408, 10891, 5629, 7019, 51106, 4899, 2101, 64216, 155061, 5442, 2648	35	5158	16792	1.3022101589763475	1.0	0.9008035599079742	98.30068715505085
GOTERM_BP_ALL	GO:0016043~cellular component organization	16	45.714285714285715	0.22167968084666193	824, 2551, 7528, 823, 4728, 10891, 5629, 51106, 4899, 2648, 54205, 23408, 7019, 2101, 64216, 5442	35	6109	16792	1.2565629165399996	1.0	0.9021242122989928	98.38541170332283
GOTERM_BP_ALL	GO:0009059~macromolecule biosynthetic process	14	40.0	0.22315455335911216	5465, 2551, 7528, 23408, 10891, 5629, 7019, 51106, 4899, 2101, 64216, 155061, 5442, 2648	35	5175	16792	1.2979323671497585	1.0	0.9023277311148992	98.43505200424184
GOTERM_MF_ALL	GO:0003723~RNA binding	6	17.142857142857142	0.23707961115364093	7528, 10891, 7019, 51106, 64216, 5442	35	1656	16881	1.7475155279503105	1.0	0.6716350484167122	96.75891459363373
GOTERM_BP_ALL	GO:0009605~response to external stimulus	7	20.0	0.23708815297291697	5465, 23408, 10891, 5629, 1327, 2648, 835	35	2073	16792	1.6200675349734683	1.0	0.9159600576873544	98.8383088118246
GOTERM_BP_ALL	GO:0009892~negative regulation of metabolic process	8	22.857142857142858	0.24173982199169086	5465, 2551, 7528, 23408, 10891, 5629, 2101, 155061	35	2522	16792	1.5218760620822476	1.0	0.919208213154316	98.94958422707599
GOTERM_BP_ALL	GO:0009725~response to hormone	4	11.428571428571429	0.24843435137338638	5465, 7528, 10891, 2101	35	854	16792	2.2471729675476744	1.0	0.9229268427086532	99.0922754760583
GOTERM_BP_ALL	GO:0048518~positive regulation of biological process	14	40.0	0.24917256172462854	2551, 7528, 823, 10891, 5629, 4899, 155061, 2648, 835, 5465, 54205, 7019, 2101, 64216	35	5285	16792	1.2709176915799432	1.0	0.9223336543099983	99.10684348254541
GOTERM_BP_ALL	GO:0071840~cellular component organization or biogenesis	16	45.714285714285715	0.2571470370799924	824, 2551, 7528, 823, 4728, 10891, 5629, 51106, 4899, 2648, 54205, 23408, 7019, 2101, 64216, 5442	35	6265	16792	1.2252741990651008	1.0	0.9281848975632663	99.25082932598728
GOTERM_BP_ALL	GO:0080090~regulation of primary metabolic process	15	42.857142857142854	0.25916326231582504	2551, 7528, 10891, 5629, 51106, 4899, 155061, 2648, 835, 5465, 54205, 23408, 7019, 2101, 64216	35	5798	16792	1.2412161829202186	1.0	0.9287042948253278	99.28361278245258
GOTERM_BP_ALL	GO:0060255~regulation of macromolecule metabolic process	15	42.857142857142854	0.2632775142742948	2551, 7528, 10891, 5629, 51106, 4899, 155061, 2648, 835, 5465, 54205, 23408, 7019, 2101, 64216	35	5815	16792	1.2375875199606927	1.0	0.9309572648286548	99.34637460833893
GOTERM_BP_ALL	GO:0007275~multicellular organism development	13	37.142857142857146	0.26424316294078043	824, 5465, 2551, 7528, 1340, 823, 10891, 5629, 1349, 4899, 2101, 835, 2648	35	4877	16792	1.2788658132927153	1.0	0.9305901066515601	99.36033753037475
GOTERM_MF_ALL	GO:0044877~macromolecular complex binding	5	14.285714285714285	0.26707537705972817	5465, 2551, 10891, 7019, 2648	35	1306	16881	1.8465324874206954	1.0	0.7148028720895248	98.0504579547331
GOTERM_BP_ALL	GO:0031323~regulation of cellular metabolic process	15	42.857142857142854	0.27036283295395175	2551, 7528, 10891, 5629, 51106, 4899, 155061, 2648, 835, 5465, 54205, 23408, 7019, 2101, 64216	35	5844	16792	1.231446171897917	1.0	0.9343434519986233	99.44251772789606
GOTERM_BP_ALL	GO:1901698~response to nitrogen compound	4	11.428571428571429	0.2711006705396114	824, 5465, 10891, 2101	35	895	16792	2.1442298483639264	1.0	0.9338079327717091	99.45172689836899
GOTERM_BP_ALL	GO:0014070~response to organic cyclic compound	4	11.428571428571429	0.27723137445950685	5465, 10891, 2101, 2648	35	906	16792	2.1181961526332387	1.0	0.937376650824185	99.52290621848296
GOTERM_BP_ALL	GO:0044711~single-organism biosynthetic process	5	14.285714285714285	0.28590422744011057	5465, 1329, 10891, 5629, 2648	35	1340	16792	1.790191897654584	1.0	0.9415044728678729	99.60890049424977
GOTERM_BP_ALL	GO:0009790~embryo development	4	11.428571428571429	0.3041624411482155	824, 2551, 5629, 2648	35	954	16792	2.0116202455825096	1.0	0.9521048185427264	99.7446748842278
GOTERM_CC_ALL	GO:0005654~nucleoplasm	8	22.857142857142858	0.32143434917706815	5465, 2551, 10891, 6390, 2101, 4899, 3421, 2648	35	2996	18224	1.390349036810986	1.0	0.6807494733204551	99.06959922034159
GOTERM_BP_ALL	GO:0032270~positive regulation of cellular protein metabolic process	5	14.285714285714285	0.3233661077591581	54205, 10891, 5629, 2648, 835	35	1420	16792	1.6893360160965796	1.0	0.961366997658606	99.8389385824755
GOTERM_BP_ALL	GO:0009887~organ morphogenesis	4	11.428571428571429	0.3256188260653162	5465, 7528, 823, 5629	35	992	16792	1.9345622119815666	1.0	0.9616842118462002	99.84754314630968
GOTERM_BP_ALL	GO:0044249~cellular biosynthetic process	15	42.857142857142854	0.3410205304228249	2551, 7528, 1329, 10891, 5629, 51106, 4899, 155061, 2648, 5465, 23408, 7019, 2101, 64216, 5442	35	6118	16792	1.1762947742025873	1.0	0.9677019517187042	99.8957784971985
GOTERM_BP_ALL	GO:1901700~response to oxygen-containing compound	5	14.285714285714285	0.3451529065130664	824, 5465, 54205, 10891, 2101	35	1466	16792	1.6363282011303837	1.0	0.9686965788032252	99.90603226183605
GOTERM_CC_ALL	GO:0031981~nuclear lumen	9	25.71428571428571	0.35107685432505054	5465, 2551, 7528, 10891, 6390, 2101, 4899, 3421, 2648	35	3592	18224	1.3046134266624243	1.0	0.7135374841410257	99.45714343499651
GOTERM_BP_ALL	GO:0019222~regulation of metabolic process	15	42.857142857142854	0.35534857625103045	2551, 7528, 10891, 5629, 51106, 4899, 155061, 2648, 835, 5465, 54205, 23408, 7019, 2101, 64216	35	6171	16792	1.16619209667338	1.0	0.9718840205609685	99.92742630951918
GOTERM_BP_ALL	GO:0008219~cell death	6	17.142857142857142	0.36350109957455495	5465, 54205, 23408, 10891, 155061, 835	35	1958	16792	1.4701882387275647	1.0	0.9741017396479076	99.94114552685939
GOTERM_BP_ALL	GO:0048731~system development	11	31.428571428571427	0.364027431276997	5465, 2551, 7528, 1340, 823, 10891, 5629, 1349, 2101, 2648, 835	35	4291	16792	1.2298964610313947	1.0	0.9737243354047598	99.94194167671459
GOTERM_BP_ALL	GO:0051247~positive regulation of protein metabolic process	5	14.285714285714285	0.3651253815529596	54205, 10891, 5629, 2648, 835	35	1508	16792	1.5907540735126942	1.0	0.9735370841451897	99.9435700321887
GOTERM_BP_ALL	GO:1901576~organic substance biosynthetic process	15	42.857142857142854	0.3706731731046011	2551, 7528, 1329, 10891, 5629, 51106, 4899, 155061, 2648, 5465, 23408, 7019, 2101, 64216, 5442	35	6227	16792	1.1557044208401202	1.0	0.9748027311931656	99.95116235471875
GOTERM_BP_ALL	GO:0009058~biosynthetic process	15	42.857142857142854	0.3964833979033928	2551, 7528, 1329, 10891, 5629, 51106, 4899, 155061, 2648, 5465, 23408, 7019, 2101, 64216, 5442	35	6320	16792	1.1386980108499094	1.0	0.9815202028357505	99.97549082784694
GOTERM_BP_ALL	GO:0048646~anatomical structure formation involved in morphogenesis	4	11.428571428571429	0.4151639625777753	824, 5465, 5629, 2648	35	1151	16792	1.667320342559265	1.0	0.9852368921840013	99.9853945492936
GOTERM_BP_ALL	GO:0033043~regulation of organelle organization	4	11.428571428571429	0.4157203035372673	824, 10891, 5629, 2648	35	1152	16792	1.665873015873016	1.0	0.9849950935859023	99.98562161861746
GOTERM_MF_ALL	GO:0008270~zinc ion binding	4	11.428571428571429	0.42173986572362815	5465, 7528, 23408, 2101	35	1169	16881	1.650348283025785	1.0	0.8858953716472869	99.90329446307216
GOTERM_BP_ALL	GO:0044707~single-multicellular organism process	14	40.0	0.4268970284088846	824, 2551, 7528, 823, 1340, 1329, 10891, 5629, 4899, 2648, 835, 5465, 1349, 2101	35	5943	16792	1.130203600874979	1.0	0.9867797959245346	99.98953811132142
GOTERM_BP_ALL	GO:0048856~anatomical structure development	13	37.142857142857146	0.43101973019813233	824, 5465, 2551, 7528, 1340, 823, 10891, 5629, 1349, 4899, 2101, 835, 2648	35	5473	16792	1.1395995928062437	1.0	0.9871930522524415	99.99071057429983
GOTERM_BP_ALL	GO:0044767~single-organism developmental process	13	37.142857142857146	0.43160925136064854	824, 5465, 2551, 7528, 1340, 823, 10891, 5629, 1349, 4899, 2101, 835, 2648	35	5475	16792	1.1391833007175474	1.0	0.9869850691146883	99.99086777097713
GOTERM_BP_ALL	GO:0051276~chromosome organization	4	11.428571428571429	0.43344613973874635	7528, 23408, 10891, 2648	35	1184	16792	1.6208494208494209	1.0	0.9869965747420917	99.99134170983417
GOTERM_MF_ALL	GO:0044822~poly(A) RNA binding	4	11.428571428571429	0.4365831586873158	7019, 51106, 64216, 5442	35	1196	16881	1.6130912565695172	1.0	0.8927242649465658	99.93044429884708
GOTERM_BP_ALL	GO:0009653~anatomical structure morphogenesis	7	20.0	0.44593619486653674	824, 5465, 7528, 823, 10891, 5629, 2648	35	2631	16792	1.2764728240212846	1.0	0.9887597992532157	99.99400153818075
GOTERM_BP_ALL	GO:0006508~proteolysis	5	14.285714285714285	0.4527148678717302	824, 54205, 823, 2648, 835	35	1693	16792	1.416926841616741	1.0	0.9895057331313016	99.99510195575293
GOTERM_BP_ALL	GO:0007399~nervous system development	6	17.142857142857142	0.4527966439634348	1340, 10891, 5629, 1349, 2648, 835	35	2170	16792	1.3265569453587887	1.0	0.9892561063794005	99.99511399118589
GOTERM_BP_ALL	GO:0071310~cellular response to organic substance	6	17.142857142857142	0.4594801029779063	824, 5465, 7528, 10891, 2101, 2648	35	2186	16792	1.316847470918834	1.0	0.9899576899593905	99.9960089582774
GOTERM_BP_ALL	GO:0030154~cell differentiation	9	25.71428571428571	0.4667548988342858	824, 5465, 2551, 7528, 10891, 5629, 2101, 2648, 835	35	3652	16792	1.1823501799405411	1.0	0.9906943904823248	99.99680698922273
GOTERM_CC_ALL	GO:0044428~nuclear part	9	25.71428571428571	0.4722356266471561	5465, 2551, 7528, 10891, 6390, 2101, 4899, 3421, 2648	35	3981	18224	1.177134244805684	1.0	0.8318279263927548	99.95511649072235
GOTERM_BP_ALL	GO:0032502~developmental process	13	37.142857142857146	0.47802522883569065	824, 5465, 2551, 7528, 1340, 823, 10891, 5629, 1349, 4899, 2101, 835, 2648	35	5632	16792	1.107426948051948	1.0	0.991854705976035	99.9977537375716
GOTERM_BP_ALL	GO:0009888~tissue development	5	14.285714285714285	0.4819405967168296	5465, 10891, 5629, 2101, 2648	35	1756	16792	1.3660917670029287	1.0	0.9920951430057559	99.99801561962141
GOTERM_MF_ALL	GO:0019899~enzyme binding	5	14.285714285714285	0.49274494158203996	5465, 10891, 155061, 2648, 835	35	1789	16881	1.3479996805877184	1.0	0.9252616180166413	99.98161716409729
GOTERM_BP_ALL	GO:0044093~positive regulation of molecular function	5	14.285714285714285	0.5200745088595571	54205, 10891, 5629, 2648, 835	35	1840	16792	1.303726708074534	1.0	0.9953670593014959	99.99943644688724
GOTERM_BP_ALL	GO:0065009~regulation of molecular function	7	20.0	0.5337184303559285	5465, 54205, 10891, 5629, 1337, 2648, 835	35	2863	16792	1.1730352776807547	1.0	0.9961376008857074	99.99964947629103
GOTERM_BP_ALL	GO:0042981~regulation of apoptotic process	4	11.428571428571429	0.5475535514302895	54205, 23408, 10891, 835	35	1400	16792	1.3707755102040817	1.0	0.9968036376819542	99.99978652138256
GOTERM_BP_ALL	GO:0043067~regulation of programmed cell death	4	11.428571428571429	0.5540345134660007	54205, 23408, 10891, 835	35	1413	16792	1.3581639874633504	1.0	0.9970322653347775	99.99983165749008
GOTERM_MF_ALL	GO:0046914~transition metal ion binding	4	11.428571428571429	0.5552729091912695	5465, 7528, 23408, 2101	35	1423	16881	1.355767493223572	1.0	0.9522682346845597	99.99652956639122
GOTERM_BP_ALL	GO:0044260~cellular macromolecule metabolic process	18	51.42857142857142	0.5655067694778614	824, 2551, 7528, 823, 10891, 5629, 51106, 4899, 155061, 2648, 835, 5465, 54205, 23408, 7019, 2101, 64216, 5442	35	8387	16792	1.02967517757073	1.0	0.9974631143473625	99.9998903891526
GOTERM_BP_ALL	GO:0048869~cellular developmental process	9	25.71428571428571	0.579404247660126	824, 5465, 2551, 7528, 10891, 5629, 2101, 2648, 835	35	3992	16792	1.0816490123103348	1.0	0.997925550688019	99.99993581751106
GOTERM_BP_ALL	GO:0045595~regulation of cell differentiation	4	11.428571428571429	0.6164025530656023	5465, 2551, 5629, 2101	35	1544	16792	1.2429311621021466	1.0	0.9988862406143876	99.99998590562036
GOTERM_BP_ALL	GO:0042127~regulation of cell proliferation	4	11.428571428571429	0.6200298908445194	823, 10891, 5629, 2101	35	1552	16792	1.2365243004418263	1.0	0.998921929863022	99.99998794652873
GOTERM_CC_ALL	GO:0005829~cytosol	7	20.0	0.6287964607227212	824, 54205, 823, 23408, 10891, 7019, 835	35	3399	18224	1.0723153868784938	1.0	0.921247688431773	99.99935629924562
GOTERM_BP_ALL	GO:0070887~cellular response to chemical stimulus	6	17.142857142857142	0.6397754052855619	824, 5465, 7528, 10891, 2101, 2648	35	2648	16792	1.0870953819594302	1.0	0.9992329637528868	99.99999499334389
GOTERM_BP_ALL	GO:0048523~negative regulation of cellular process	9	25.71428571428571	0.6729359727351544	5465, 2551, 7528, 23408, 10891, 5629, 2101, 155061, 835	35	4300	16792	1.004172757475083	1.0	0.9995951375274622	99.99999897894355
GOTERM_BP_ALL	GO:0010033~response to organic substance	6	17.142857142857142	0.6982906347228948	824, 5465, 7528, 10891, 2101, 2648	35	2822	16792	1.0200668219094868	1.0	0.9997598182290084	99.99999972954481
GOTERM_BP_ALL	GO:0006915~apoptotic process	4	11.428571428571429	0.7016084444549426	54205, 23408, 10891, 835	35	1747	16792	1.0985035571183253	1.0	0.9997680930645689	99.99999977455937
GOTERM_BP_ALL	GO:0032268~regulation of cellular protein metabolic process	5	14.285714285714285	0.7187298952832581	54205, 10891, 5629, 2648, 835	35	2346	16792	1.0225307514310071	1.0	0.999839087946395	99.99999991478334
GOTERM_BP_ALL	GO:0032501~multicellular organismal process	14	40.0	0.7238152553438211	824, 2551, 7528, 823, 1340, 1329, 10891, 5629, 4899, 2648, 835, 5465, 1349, 2101	35	7027	16792	0.9558559840614772	1.0	0.9998517553153322	99.99999993689441
GOTERM_BP_ALL	GO:0044085~cellular component biogenesis	6	17.142857142857142	0.7266927294676018	4728, 10891, 5629, 7019, 51106, 64216	35	2914	16792	0.9878615550544171	1.0	0.9998558766642549	99.99999994688923
GOTERM_BP_ALL	GO:0012501~programmed cell death	4	11.428571428571429	0.7400108728238971	54205, 23408, 10891, 835	35	1852	16792	1.0362233878432583	1.0	0.9998927846675956	99.99999997666619
GOTERM_BP_ALL	GO:0008283~cell proliferation	4	11.428571428571429	0.7431236294718232	823, 10891, 5629, 2648	35	1861	16792	1.0312120979504107	1.0	0.9998966750159376	99.99999998086345
GOTERM_MF_ALL	GO:0016740~transferase activity	5	14.285714285714285	0.7485973019200866	23408, 51106, 64216, 5442, 2648	35	2453	16881	0.9831110593442433	1.0	0.9927335978074356	99.99999748204543
GOTERM_BP_ALL	GO:1901575~organic substance catabolic process	4	11.428571428571429	0.7526291983835212	824, 5465, 823, 10891	35	1889	16792	1.0159267942221886	1.0	0.9999161662834124	99.99999998971373
GOTERM_BP_ALL	GO:0043170~macromolecule metabolic process	18	51.42857142857142	0.7537493138807948	824, 2551, 7528, 823, 10891, 5629, 51106, 4899, 155061, 2648, 835, 5465, 54205, 23408, 7019, 2101, 64216, 5442	35	9130	16792	0.945880143952433	1.0	0.9999149181956086	99.99999999045428
GOTERM_BP_ALL	GO:0048519~negative regulation of biological process	9	25.71428571428571	0.7579481118893374	5465, 2551, 7528, 23408, 10891, 5629, 2101, 155061, 835	35	4623	16792	0.9340131639936959	1.0	0.9999169906358802	99.99999999280814
GOTERM_BP_ALL	GO:0042221~response to chemical	8	22.857142857142858	0.7629021214273385	824, 5465, 54205, 7528, 10891, 1327, 2101, 2648	35	4117	16792	0.9322738471147507	1.0	0.9999242709524309	99.99999999488337
GOTERM_MF_ALL	GO:0005488~binding	29	82.85714285714286	0.7693531419433312	824, 1351, 3420, 823, 10891, 51106, 4899, 155061, 2648, 5465, 6392, 23408, 3419, 6390, 6391, 7019, 2101, 64216, 5442, 9377, 2551, 7528, 4728, 1329, 5629, 1327, 835, 54205, 3421	35	14381	16881	0.9726106867195805	1.0	0.9941776989340159	99.99999915510276
GOTERM_BP_ALL	GO:0051246~regulation of protein metabolic process	5	14.285714285714285	0.769868825233395	54205, 10891, 5629, 2648, 835	35	2512	16792	0.9549590536851683	1.0	0.9999348797128039	99.99999999686857
GOTERM_BP_ALL	GO:0006950~response to stress	7	20.0	0.7861354811213405	824, 5465, 54205, 7528, 4728, 10891, 835	35	3677	16792	0.9133532771280936	1.0	0.9999577856576009	99.99999999906332
GOTERM_MF_ALL	GO:0016787~hydrolase activity	5	14.285714285714285	0.7912203113574904	824, 54205, 823, 23408, 835	35	2603	16881	0.9264584819713516	1.0	0.9951123538727048	99.99999976089407
GOTERM_BP_ALL	GO:0009056~catabolic process	4	11.428571428571429	0.7912454233269696	824, 5465, 823, 10891	35	2012	16792	0.9538199375177505	1.0	0.9999621876180254	99.99999999937096
GOTERM_MF_ALL	GO:0005515~protein binding	21	60.0	0.7925210390016559	824, 1351, 9377, 2551, 7528, 823, 1329, 10891, 5629, 51106, 1327, 4899, 155061, 835, 2648, 5465, 54205, 6390, 7019, 2101, 5442	35	10806	16881	0.9373126041088283	1.0	0.9947984589751551	99.99999977910075
GOTERM_BP_ALL	GO:0050793~regulation of developmental process	4	11.428571428571429	0.823423958900146	2551, 10891, 5629, 2101	35	2129	16792	0.9014024022008991	1.0	0.9999865777995631	99.99999999996004
GOTERM_BP_ALL	GO:0043412~macromolecule modification	7	20.0	0.8652484282312728	54205, 23408, 10891, 5629, 51106, 64216, 2648	35	4065	16792	0.8261746617466175	1.0	0.9999975205284791	99.99999999999953
GOTERM_BP_ALL	GO:0051128~regulation of cellular component organization	4	11.428571428571429	0.8678339157878574	824, 10891, 5629, 2648	35	2323	16792	0.8261238546214869	1.0	0.999997675883771	99.99999999999966
GOTERM_BP_ALL	GO:0051704~multi-organism process	4	11.428571428571429	0.87143379816802	7528, 10891, 5629, 2648	35	2341	16792	0.8197717703057301	1.0	0.999997931882445	99.99999999999979
GOTERM_BP_ALL	GO:0032879~regulation of localization	4	11.428571428571429	0.8953890612480518	5465, 10891, 5629, 2648	35	2473	16792	0.7760152504188088	1.0	0.9999993675104022	99.99999999999999
GOTERM_BP_ALL	GO:0051239~regulation of multicellular organismal process	4	11.428571428571429	0.9225951683962645	2551, 10891, 5629, 2101	35	2659	16792	0.7217321227099339	1.0	0.9999998910365071	100.0
GOTERM_BP_ALL	GO:0019538~protein metabolic process	8	22.857142857142858	0.9572812272739858	824, 54205, 823, 23408, 10891, 5629, 2648, 835	35	5457	16792	0.7033482551899264	1.0	0.9999999971275381	100.0
GOTERM_BP_ALL	GO:0044267~cellular protein metabolic process	7	20.0	0.9585861355508578	824, 54205, 23408, 10891, 5629, 2648, 835	35	4900	16792	0.6853877551020409	1.0	0.9999999974134428	100.0
GOTERM_BP_ALL	GO:0006464~cellular protein modification process	5	14.285714285714285	0.9672002461639504	54205, 23408, 10891, 5629, 2648	35	3818	16792	0.6283020279877273	1.0	0.9999999993319912	100.0
GOTERM_BP_ALL	GO:0036211~protein modification process	5	14.285714285714285	0.9672002461639504	54205, 23408, 10891, 5629, 2648	35	3818	16792	0.6283020279877273	1.0	0.9999999993319912	100.0
GOTERM_BP_ALL	GO:0050794~regulation of cellular process	17	48.57142857142857	0.9775323679033727	824, 2551, 7528, 823, 10891, 5629, 51106, 4899, 155061, 2648, 835, 5465, 54205, 23408, 7019, 2101, 64216	35	10489	16792	0.7775874044917805	1.0	0.9999999999285415	100.0
GOTERM_BP_ALL	GO:0050896~response to stimulus	12	34.285714285714285	0.9863838915409573	824, 5465, 54205, 7528, 4728, 23408, 10891, 5629, 1327, 2101, 2648, 835	35	8329	16792	0.6912302968972437	1.0	0.9999999999963193	100.0
GOTERM_BP_ALL	GO:0048583~regulation of response to stimulus	4	11.428571428571429	0.9867918695325152	5465, 10891, 2101, 835	35	3636	16792	0.5278013515637278	1.0	0.9999999999965685	100.0
GOTERM_BP_ALL	GO:0050789~regulation of biological process	17	48.57142857142857	0.9900503695803289	824, 2551, 7528, 823, 10891, 5629, 51106, 4899, 155061, 2648, 835, 5465, 54205, 23408, 7019, 2101, 64216	35	10922	16792	0.7467601433541738	1.0	0.999999999999311	100.0
GOTERM_BP_ALL	GO:0065007~biological regulation	18	51.42857142857142	0.9931561843170066	824, 2551, 7528, 823, 10891, 5629, 51106, 4899, 155061, 2648, 835, 5465, 54205, 23408, 7019, 1337, 2101, 64216	35	11548	16792	0.7478252263842842	1.0	0.9999999999999191	100.0
GOTERM_BP_ALL	GO:0051716~cellular response to stimulus	8	22.857142857142858	0.9969136049018433	824, 5465, 54205, 7528, 10891, 2101, 2648, 835	35	6927	16792	0.5540885561673782	1.0	0.9999999999999992	100.0
GOTERM_BP_ALL	GO:0007165~signal transduction	5	14.285714285714285	0.9993872235161847	5465, 54205, 10891, 2101, 835	35	5775	16792	0.4153865182436611	1.0	1.0	100.0
GOTERM_BP_ALL	GO:0044700~single organism signaling	5	14.285714285714285	0.999784496805387	5465, 54205, 10891, 2101, 835	35	6207	16792	0.3864760984142328	1.0	1.0	100.0
GOTERM_BP_ALL	GO:0023052~signaling	5	14.285714285714285	0.9998112486576926	5465, 54205, 10891, 2101, 835	35	6260	16792	0.3832040164308535	1.0	1.0	100.0
GOTERM_BP_ALL	GO:0007154~cell communication	5	14.285714285714285	0.9998182298695187	5465, 54205, 10891, 2101, 835	35	6275	16792	0.3822879908935685	1.0	1.0	100.0

Annotation Cluster 6	Enrichment Score: 0.44063180613441183
Category	Term	Count	%	PValue	Genes	List Total	Pop Hits	Pop Total	Fold Enrichment	Bonferroni	Benjamini	FDR
GOTERM_CC_ALL	GO:0070062~extracellular exosome	8	22.857142857142858	0.2637677310907721	824, 9377, 823, 1329, 6390, 1327, 4899, 1347	35	2811	18224	1.4818519083193578	1.0	0.62233458270331	97.51148571522079
GOTERM_CC_ALL	GO:1903561~extracellular vesicle	8	22.857142857142858	0.26801081760214823	824, 9377, 823, 1329, 6390, 1327, 4899, 1347	35	2825	18224	1.4745082174462705	1.0	0.6219290044092207	97.67906802435098
GOTERM_CC_ALL	GO:0043230~extracellular organelle	8	22.857142857142858	0.26831474850637527	824, 9377, 823, 1329, 6390, 1327, 4899, 1347	35	2826	18224	1.4739864523304014	1.0	0.61527938429787	97.69066521789014
GOTERM_CC_ALL	GO:0044421~extracellular region part	10	28.57142857142857	0.2881732455939959	824, 9377, 823, 1329, 6390, 1327, 2101, 4899, 1347, 2648	35	3878	18224	1.3426655860900316	1.0	0.6393192853384271	98.34290768863386
GOTERM_CC_ALL	GO:0005576~extracellular region	10	28.57142857142857	0.5065334564590296	824, 9377, 823, 1329, 6390, 1327, 2101, 4899, 1347, 2648	35	4623	18224	1.1262939958592133	1.0	0.855754244814364	99.98004320646042
GOTERM_CC_ALL	GO:0031988~membrane-bounded vesicle	8	22.857142857142858	0.5231027814525526	824, 9377, 823, 1329, 6390, 1327, 4899, 1347	35	3611	18224	1.1535546148672706	1.0	0.8594516692204194	99.98678166296128
GOTERM_CC_ALL	GO:0031982~vesicle	8	22.857142857142858	0.5684732085442312	824, 9377, 823, 1329, 6390, 1327, 4899, 1347	35	3754	18224	1.1096126036989116	1.0	0.8881523676511739	99.99604193466364

