Annotation Cluster 1	Enrichment Score: 5.369824183264676
Category	Term	Count	%	PValue	Genes	List Total	Pop Hits	Pop Total	Fold Enrichment	Bonferroni	Benjamini	FDR
GOTERM_BP_ALL	GO:0019432~triglyceride biosynthetic process	8	100.0	2.4991113044974684E-19	137964, 8694, 64900, 9663, 84649, 150763, 84803, 57678	8	40	16792	419.8	1.0246356348439621E-16	1.0246356348439621E-16	3.498299097563276E-16
GOTERM_BP_ALL	GO:0046460~neutral lipid biosynthetic process	8	100.0	3.616361064155161E-19	137964, 8694, 64900, 9663, 84649, 150763, 84803, 57678	8	42	16792	399.8095238095238	1.482708036303616E-16	7.41354018151808E-17	5.062244576473918E-16
GOTERM_BP_ALL	GO:0046463~acylglycerol biosynthetic process	8	100.0	3.616361064155161E-19	137964, 8694, 64900, 9663, 84649, 150763, 84803, 57678	8	42	16792	399.8095238095238	1.482708036303616E-16	7.41354018151808E-17	5.062244576473918E-16
GOTERM_BP_ALL	GO:0006641~triglyceride metabolic process	8	100.0	2.655938366522979E-16	137964, 8694, 64900, 9663, 84649, 150763, 84803, 57678	8	103	16792	163.02912621359224	9.103828801926284E-14	3.0309088572266774E-14	3.1086244689504383E-13
GOTERM_BP_ALL	GO:0006639~acylglycerol metabolic process	8	100.0	7.067262683463214E-16	137964, 8694, 64900, 9663, 84649, 150763, 84803, 57678	8	118	16792	142.3050847457627	2.731148640577885E-13	6.827871601444713E-14	9.325873406851315E-13
GOTERM_BP_ALL	GO:0006638~neutral lipid metabolic process	8	100.0	7.508966601179202E-16	137964, 8694, 64900, 9663, 84649, 150763, 84803, 57678	8	119	16792	141.109243697479	3.1863400806741993E-13	6.372680161348399E-14	1.0880185641326534E-12
GOTERM_BP_ALL	GO:0045017~glycerolipid biosynthetic process	8	100.0	3.4031741292201485E-14	137964, 8694, 64900, 9663, 84649, 150763, 84803, 57678	8	203	16792	82.7192118226601	1.3974377210956845E-11	2.3290258610586534E-12	4.7706283368142977E-11
GOTERM_BP_ALL	GO:0046486~glycerolipid metabolic process	8	100.0	2.8255183003219163E-12	137964, 8694, 64900, 9663, 84649, 150763, 84803, 57678	8	379	16792	44.306068601583114	1.1584622150451196E-9	1.6549461800963172E-10	3.955202831917859E-9
GOTERM_MF_ALL	GO:0008374~O-acyltransferase activity	6	75.0	3.4921794265236136E-12	137964, 8694, 84649, 150763, 84803, 57678	8	49	16881	258.3826530612245	9.079736962291918E-11	9.079736962291918E-11	2.8638758031718226E-9
GOTERM_BP_ALL	GO:0008610~lipid biosynthetic process	8	100.0	9.472217301696544E-11	137964, 8694, 64900, 9663, 84649, 150763, 84803, 57678	8	624	16792	26.91025641025641	3.8836068028125226E-8	4.854508572904592E-9	1.325936582752263E-7
GOTERM_MF_ALL	GO:0004366~glycerol-3-phosphate O-acyltransferase activity	4	50.0	1.7461626864962878E-10	137964, 150763, 84803, 57678	8	4	16881	2110.125	4.540024356458616E-9	2.270012178229308E-9	1.4319897490011613E-7
GOTERM_BP_ALL	GO:0046474~glycerophospholipid biosynthetic process	6	75.0	2.32925824264685E-9	137964, 64900, 9663, 150763, 84803, 57678	8	174	16792	72.37931034482759	9.549954197440869E-7	1.0611064726884223E-7	3.2605357858095374E-6
GOTERM_BP_ALL	GO:0044255~cellular lipid metabolic process	8	100.0	3.4998865877728012E-9	137964, 8694, 64900, 9663, 84649, 150763, 84803, 57678	8	1043	16792	16.099712368168742	1.4349524800616464E-6	1.4349534072088943E-7	4.899201500041528E-6
GOTERM_BP_ALL	GO:0008654~phospholipid biosynthetic process	6	75.0	7.583742409633565E-9	137964, 64900, 9663, 150763, 84803, 57678	8	220	16792	57.24545454545455	3.1093295667083964E-6	2.826667236943692E-7	1.0615852874540366E-5
GOTERM_MF_ALL	GO:0016747~transferase activity, transferring acyl groups other than amino-acyl groups	6	75.0	8.838305832461664E-9	137964, 8694, 84649, 150763, 84803, 57678	8	228	16881	55.5296052631579	2.297959270647354E-7	7.65986482020864E-8	7.248098654599744E-6
GOTERM_BP_ALL	GO:0016024~CDP-diacylglycerol biosynthetic process	4	50.0	1.2664248291144049E-8	137964, 150763, 84803, 57678	8	13	16792	645.8461538461538	5.192328362491061E-6	4.3269505989318446E-7	1.7727631707042946E-5
GOTERM_BP_ALL	GO:0046341~CDP-diacylglycerol metabolic process	4	50.0	1.611525301518603E-8	137964, 150763, 84803, 57678	8	14	16792	599.7142857142858	6.607231963995375E-6	5.082501625119917E-7	2.255840669818099E-5
GOTERM_MF_ALL	GO:0016746~transferase activity, transferring acyl groups	6	75.0	1.9151764598242313E-8	137964, 8694, 84649, 150763, 84803, 57678	8	266	16881	47.5968045112782	4.979457608467186E-7	1.2448646347085202E-7	1.570593690658484E-5
GOTERM_BP_ALL	GO:0006629~lipid metabolic process	8	100.0	1.92716644390078E-8	137964, 8694, 64900, 9663, 84649, 150763, 84803, 57678	8	1330	16792	12.625563909774437	7.901351299688386E-6	5.643843061786669E-7	2.697680487884213E-5
GOTERM_BP_ALL	GO:0044711~single-organism biosynthetic process	8	100.0	2.0311531342386936E-8	137964, 8694, 64900, 9663, 84649, 150763, 84803, 57678	8	1340	16792	12.531343283582089	8.327693260867797E-6	5.551817082727339E-7	2.843242806749302E-5
GOTERM_BP_ALL	GO:0006650~glycerophospholipid metabolic process	6	75.0	2.4526355682399926E-8	137964, 64900, 9663, 150763, 84803, 57678	8	278	16792	45.3021582733813	1.0055755410798284E-5	6.284876756801339E-7	3.433241019257238E-5
GOTERM_BP_ALL	GO:0006644~phospholipid metabolic process	6	75.0	1.383396603974533E-7	137964, 64900, 9663, 150763, 84803, 57678	8	393	16792	32.045801526717554	5.6717656177651676E-5	3.3364217685294406E-6	1.936500679811104E-4
GOTERM_BP_ALL	GO:0006654~phosphatidic acid biosynthetic process	4	50.0	2.886784437352139E-7	137964, 150763, 84803, 57678	8	35	16792	239.8857142857143	1.1835117494984893E-4	6.575432770827838E-6	4.040963051954449E-4
GOTERM_BP_ALL	GO:0046473~phosphatidic acid metabolic process	4	50.0	2.886784437352139E-7	137964, 150763, 84803, 57678	8	35	16792	239.8857142857143	1.1835117494984893E-4	6.575432770827838E-6	4.040963051954449E-4
GOTERM_BP_ALL	GO:0090407~organophosphate biosynthetic process	6	75.0	8.944262603909944E-7	137964, 64900, 9663, 150763, 84803, 57678	8	572	16792	22.01748251748252	3.6664769905769834E-4	1.9300599570448718E-5	0.001252026024378683
GOTERM_CC_ALL	GO:0005789~endoplasmic reticulum membrane	6	75.0	9.382601537950025E-6	137964, 8694, 64900, 9663, 84649, 84803	8	999	18224	13.681681681681681	4.2212992804702143E-4	4.2212992804702143E-4	0.008823369282839888
GOTERM_CC_ALL	GO:0042175~nuclear outer membrane-endoplasmic reticulum membrane network	6	75.0	1.0442479719519157E-5	137964, 8694, 64900, 9663, 84649, 84803	8	1021	18224	13.386875612144957	4.698036486043833E-4	2.3492942021841046E-4	0.00982003168976675
GOTERM_CC_ALL	GO:0044432~endoplasmic reticulum part	6	75.0	2.0970487083772032E-5	137964, 8694, 64900, 9663, 84649, 84803	8	1177	18224	11.612574341546303	9.432366858884711E-4	3.1451113551361765E-4	0.01971962053771703
GOTERM_BP_ALL	GO:0019637~organophosphate metabolic process	6	75.0	2.327389793749155E-5	137964, 64900, 9663, 150763, 84803, 57678	8	1108	16792	11.366425992779785	0.009497024885929406	4.336518185538152E-4	0.03257427621587983
GOTERM_BP_ALL	GO:0044710~single-organism metabolic process	8	100.0	4.836242664362028E-5	137964, 8694, 64900, 9663, 84649, 150763, 84803, 57678	8	4063	16792	4.132906719173025	0.019633771346011186	8.258702154304576E-4	0.06767728442936827
GOTERM_CC_ALL	GO:0005783~endoplasmic reticulum	6	75.0	1.1191003000928975E-4	137964, 8694, 64900, 9663, 84649, 84803	8	1660	18224	8.233734939759037	0.0050235725987261	0.0012582660082005592	0.10519451439489069
GOTERM_BP_ALL	GO:0044281~small molecule metabolic process	6	75.0	3.6134473192511626E-4	137964, 8694, 64900, 9663, 84649, 57678	8	1951	16792	6.455151204510508	0.13772248191014036	0.004927092308757208	0.504630436543585
GOTERM_MF_ALL	GO:0003824~catalytic activity	8	100.0	7.301337050974935E-4	137964, 8694, 64900, 9663, 84649, 150763, 84803, 57678	8	6018	16881	2.805084745762712	0.018811228148683967	0.0031600647757794587	0.5971948368294178
GOTERM_BP_ALL	GO:0044249~cellular biosynthetic process	8	100.0	8.503569876740396E-4	137964, 8694, 64900, 9663, 84649, 150763, 84803, 57678	8	6118	16792	2.7446878064727036	0.29446202775696995	0.010840645988176134	1.1837882053204463
GOTERM_BP_ALL	GO:1901576~organic substance biosynthetic process	8	100.0	9.623059004768761E-4	137964, 8694, 64900, 9663, 84649, 150763, 84803, 57678	8	6227	16792	2.696643648626947	0.3261416664430057	0.011890421641032378	1.3386601181881508
GOTERM_MF_ALL	GO:0016740~transferase activity	6	75.0	0.0010484027311628299	137964, 8694, 84649, 150763, 84803, 57678	8	2453	16881	5.1613330615572774	0.026904225948737537	0.0038885300012314605	0.856533537879256
GOTERM_BP_ALL	GO:0009058~biosynthetic process	8	100.0	0.0010675843622234775	137964, 8694, 64900, 9663, 84649, 150763, 84803, 57678	8	6320	16792	2.6569620253164556	0.3546376912453637	0.01279808722955178	1.4840983517939277
GOTERM_CC_ALL	GO:0044425~membrane part	8	100.0	0.0013032946922239303	137964, 8694, 64900, 9663, 84649, 150763, 84803, 57678	8	7057	18224	2.5824004534504748	0.05699765760755049	0.011668689047688363	1.2189715983739746
GOTERM_BP_ALL	GO:0006796~phosphate-containing compound metabolic process	6	75.0	0.003139054314680745	137964, 64900, 9663, 150763, 84803, 57678	8	3083	16792	4.084982160233539	0.7244638676176292	0.03615965420693301	4.305574108956167
GOTERM_BP_ALL	GO:0006793~phosphorus metabolic process	6	75.0	0.00316752400722405	137964, 64900, 9663, 150763, 84803, 57678	8	3089	16792	4.077047588216251	0.7276714410503158	0.03548686999615425	4.343823591833518
GOTERM_CC_ALL	GO:0044444~cytoplasmic part	8	100.0	0.003392396217053951	137964, 8694, 64900, 9663, 84649, 150763, 84803, 57678	8	8090	18224	2.2526576019777504	0.1417993549527813	0.02516419354286903	3.145223923370144
GOTERM_CC_ALL	GO:0044446~intracellular organelle part	8	100.0	0.003835246816888005	137964, 8694, 64900, 9663, 84649, 150763, 84803, 57678	8	8233	18224	2.2135309121826796	0.15879333380230465	0.024399947327863325	3.549214817667523
GOTERM_CC_ALL	GO:0044422~organelle part	8	100.0	0.0044698126844360435	137964, 8694, 64900, 9663, 84649, 150763, 84803, 57678	8	8415	18224	2.165656565656566	0.18257199505102528	0.024884209870776552	4.125473331061114
GOTERM_CC_ALL	GO:0012505~endomembrane system	6	75.0	0.006199682219779592	137964, 8694, 64900, 9663, 84649, 84803	8	3878	18224	3.524497163486333	0.24410598339410328	0.030616426038695854	5.680798976007074
GOTERM_CC_ALL	GO:0016020~membrane	8	100.0	0.010160406221565528	137964, 8694, 64900, 9663, 84649, 150763, 84803, 57678	8	9462	18224	1.926019868949482	0.3684365682296572	0.044915718584525255	9.157291003625135
GOTERM_CC_ALL	GO:0005737~cytoplasm	8	100.0	0.02523881278882673	137964, 8694, 64900, 9663, 84649, 150763, 84803, 57678	8	10775	18224	1.691322505800464	0.6834660695996988	0.09929274491177742	21.36875220256117
GOTERM_CC_ALL	GO:0043231~intracellular membrane-bounded organelle	8	100.0	0.029824576370626278	137964, 8694, 64900, 9663, 84649, 150763, 84803, 57678	8	11035	18224	1.6514725872224738	0.7439869509645725	0.10733499712984806	24.779630459468226
GOTERM_BP_ALL	GO:0044237~cellular metabolic process	8	100.0	0.030530175572942637	137964, 8694, 64900, 9663, 84649, 150763, 84803, 57678	8	10202	16792	1.6459517741619292	0.9999969865687037	0.2907727065066861	35.210481676470664
GOTERM_BP_ALL	GO:0044238~primary metabolic process	8	100.0	0.03139972585198521	137964, 8694, 64900, 9663, 84649, 150763, 84803, 57678	8	10243	16792	1.6393634677340623	0.9999979141603018	0.2912266284181664	36.01921732417148
GOTERM_CC_ALL	GO:0016021~integral component of membrane	6	75.0	0.039146153063643385	137964, 8694, 84649, 150763, 84803, 57678	8	5872	18224	2.327656675749319	0.8342017293888031	0.12910120024825478	31.30839381963736
GOTERM_CC_ALL	GO:0031224~intrinsic component of membrane	6	75.0	0.04234364379187156	137964, 8694, 84649, 150763, 84803, 57678	8	5981	18224	2.2852365825112857	0.8572959499170358	0.12983303287134573	33.42830809440844
GOTERM_BP_ALL	GO:0071704~organic substance metabolic process	8	100.0	0.04282021738146745	137964, 8694, 64900, 9663, 84649, 150763, 84803, 57678	8	10707	16792	1.568319790791071	0.999999983880857	0.3687690930345846	45.806902716432184
GOTERM_BP_ALL	GO:0008152~metabolic process	8	100.0	0.05425111993723226	137964, 8694, 64900, 9663, 84649, 150763, 84803, 57678	8	11075	16792	1.5162076749435667	0.9999999998830251	0.4354501247897822	54.195729498240674
GOTERM_CC_ALL	GO:0043229~intracellular organelle	8	100.0	0.056818134040146594	137964, 8694, 64900, 9663, 84649, 150763, 84803, 57678	8	12099	18224	1.5062401851392677	0.9280890708646161	0.16095292705536546	42.311810398643054
GOTERM_CC_ALL	GO:0043227~membrane-bounded organelle	8	100.0	0.06053521371206971	137964, 8694, 64900, 9663, 84649, 150763, 84803, 57678	8	12209	18224	1.4926693422884756	0.9397963560259619	0.16106865031324102	44.414813260406305
GOTERM_CC_ALL	GO:0043226~organelle	8	100.0	0.10202485134211738	137964, 8694, 64900, 9663, 84649, 150763, 84803, 57678	8	13154	18224	1.3854340884901932	0.9921133185319796	0.24787867920234563	63.65189528329498
GOTERM_BP_ALL	GO:0044763~single-organism cellular process	8	100.0	0.11028671775973584	137964, 8694, 64900, 9663, 84649, 150763, 84803, 57678	8	12256	16792	1.3701044386422976	1.0	0.6891858797129773	80.51978321617483
GOTERM_CC_ALL	GO:0044424~intracellular part	8	100.0	0.14712248388393734	137964, 8694, 64900, 9663, 84649, 150763, 84803, 57678	8	13860	18224	1.3148629148629147	0.9992239316922293	0.32823609647543794	77.6109983694483
GOTERM_CC_ALL	GO:0005622~intracellular	8	100.0	0.17570933034870415	137964, 8694, 64900, 9663, 84649, 150763, 84803, 57678	8	14216	18224	1.2819358469330333	0.9998326532511947	0.36723417593785834	83.75231736711748
GOTERM_BP_ALL	GO:0044699~single-organism process	8	100.0	0.20354264596436047	137964, 8694, 64900, 9663, 84649, 150763, 84803, 57678	8	13377	16792	1.2552889287583167	1.0	0.8858183842375098	95.86518574402123
GOTERM_BP_ALL	GO:0050789~regulation of biological process	7	87.5	0.23447478882547623	137964, 8694, 64900, 9663, 84649, 84803, 57678	8	10922	16792	1.345266434718916	1.0	0.9170696489534093	97.62510155557462
GOTERM_BP_ALL	GO:0065007~biological regulation	7	87.5	0.30394848335026986	137964, 8694, 64900, 9663, 84649, 84803, 57678	8	11548	16792	1.272341531001039	1.0	0.9631626681633004	99.37300083781092
GOTERM_CC_ALL	GO:0044464~cell part	8	100.0	0.48799631261017823	137964, 8694, 64900, 9663, 84649, 150763, 84803, 57678	8	16449	18224	1.1079092953978964	0.9999999999999173	0.7782495807339995	99.81553865123512
GOTERM_CC_ALL	GO:0005623~cell	8	100.0	0.494051818194023	137964, 8694, 64900, 9663, 84649, 150763, 84803, 57678	8	16478	18224	1.105959461099648	0.9999999999999516	0.7677575986820834	99.83506504952312
GOTERM_BP_ALL	GO:0009987~cellular process	8	100.0	0.5860252121825482	137964, 8694, 64900, 9663, 84649, 150763, 84803, 57678	8	15558	16792	1.0793161074688264	1.0	0.9992769207211751	99.99956515498472

Annotation Cluster 2	Enrichment Score: 3.8733586825304784
Category	Term	Count	%	PValue	Genes	List Total	Pop Hits	Pop Total	Fold Enrichment	Bonferroni	Benjamini	FDR
GOTERM_MF_ALL	GO:0008374~O-acyltransferase activity	6	75.0	3.4921794265236136E-12	137964, 8694, 84649, 150763, 84803, 57678	8	49	16881	258.3826530612245	9.079736962291918E-11	9.079736962291918E-11	2.8638758031718226E-9
GOTERM_MF_ALL	GO:0016747~transferase activity, transferring acyl groups other than amino-acyl groups	6	75.0	8.838305832461664E-9	137964, 8694, 84649, 150763, 84803, 57678	8	228	16881	55.5296052631579	2.297959270647354E-7	7.65986482020864E-8	7.248098654599744E-6
GOTERM_MF_ALL	GO:0016746~transferase activity, transferring acyl groups	6	75.0	1.9151764598242313E-8	137964, 8694, 84649, 150763, 84803, 57678	8	266	16881	47.5968045112782	4.979457608467186E-7	1.2448646347085202E-7	1.570593690658484E-5
GOTERM_MF_ALL	GO:0016411~acylglycerol O-acyltransferase activity	4	50.0	1.4240164718722427E-7	137964, 8694, 84649, 84803	8	28	16881	301.44642857142856	3.70243623526445E-6	7.404883436423759E-7	1.1678037700191268E-4
GOTERM_BP_ALL	GO:0006637~acyl-CoA metabolic process	4	50.0	6.233492078800905E-6	137964, 8694, 84649, 57678	8	96	16792	87.45833333333333	0.0025524765956621565	1.277788214871789E-4	0.008725396210662595
GOTERM_BP_ALL	GO:0035383~thioester metabolic process	4	50.0	6.233492078800905E-6	137964, 8694, 84649, 57678	8	96	16792	87.45833333333333	0.0025524765956621565	1.277788214871789E-4	0.008725396210662595
GOTERM_BP_ALL	GO:0006732~coenzyme metabolic process	4	50.0	2.164080249888607E-4	137964, 8694, 84649, 57678	8	315	16792	26.653968253968255	0.08491369182399089	0.0032811567670266717	0.3025059939503305
GOTERM_BP_ALL	GO:0006790~sulfur compound metabolic process	4	50.0	3.532884954031548E-4	137964, 8694, 84649, 57678	8	372	16792	22.56989247311828	0.13486859972888376	0.004983193377441242	0.4934054424216461
GOTERM_BP_ALL	GO:0044281~small molecule metabolic process	6	75.0	3.6134473192511626E-4	137964, 8694, 64900, 9663, 84649, 57678	8	1951	16792	6.455151204510508	0.13772248191014036	0.004927092308757208	0.504630436543585
GOTERM_BP_ALL	GO:0051186~cofactor metabolic process	4	50.0	3.908220824958759E-4	137964, 8694, 84649, 57678	8	385	16792	21.807792207792208	0.1480848736487368	0.005156606372885397	0.5456920854064573
GOTERM_MF_ALL	GO:0016740~transferase activity	6	75.0	0.0010484027311628299	137964, 8694, 84649, 150763, 84803, 57678	8	2453	16881	5.1613330615572774	0.026904225948737537	0.0038885300012314605	0.856533537879256
GOTERM_CC_ALL	GO:0016021~integral component of membrane	6	75.0	0.039146153063643385	137964, 8694, 84649, 150763, 84803, 57678	8	5872	18224	2.327656675749319	0.8342017293888031	0.12910120024825478	31.30839381963736
GOTERM_CC_ALL	GO:0031224~intrinsic component of membrane	6	75.0	0.04234364379187156	137964, 8694, 84649, 150763, 84803, 57678	8	5981	18224	2.2852365825112857	0.8572959499170358	0.12983303287134573	33.42830809440844
GOTERM_BP_ALL	GO:0065008~regulation of biological quality	4	50.0	0.16795186914099364	137964, 8694, 84649, 57678	8	3548	16792	2.3664036076662907	1.0	0.8338513690087079	92.37527430272903
GOTERM_BP_ALL	GO:0051179~localization	4	50.0	0.4670123224665796	137964, 8694, 84649, 57678	8	5872	16792	1.4298365122615804	1.0	0.9953686335319131	99.98505348989899
GOTERM_BP_ALL	GO:0044707~single-multicellular organism process	4	50.0	0.476713863851699	137964, 8694, 84649, 57678	8	5943	16792	1.4127545010937237	1.0	0.9955680633206141	99.98844251801924
GOTERM_BP_ALL	GO:0032501~multicellular organismal process	4	50.0	0.6196837200985923	137964, 8694, 84649, 57678	8	7027	16792	1.1948199800768464	1.0	0.9995786001028588	99.99986732284796

Annotation Cluster 3	Enrichment Score: 2.3843114752817476
Category	Term	Count	%	PValue	Genes	List Total	Pop Hits	Pop Total	Fold Enrichment	Bonferroni	Benjamini	FDR
GOTERM_BP_ALL	GO:0006631~fatty acid metabolic process	5	62.5	7.378018051851344E-6	137964, 64900, 9663, 84649, 57678	8	366	16792	28.674863387978142	0.003020427862316377	1.4403717615041334E-4	0.010327381681163317
GOTERM_BP_ALL	GO:0032787~monocarboxylic acid metabolic process	5	62.5	3.925600515703409E-5	137964, 64900, 9663, 84649, 57678	8	559	16792	18.77459749552773	0.015966441194831038	6.995498979551762E-4	0.054937215525197036
GOTERM_BP_ALL	GO:0019752~carboxylic acid metabolic process	5	62.5	1.8055145020024664E-4	137964, 64900, 9663, 84649, 57678	8	826	16792	12.705811138014527	0.07135874579616197	0.0029569307689797375	0.2524426784861089
GOTERM_BP_ALL	GO:0043436~oxoacid metabolic process	5	62.5	1.8483402834807143E-4	137964, 64900, 9663, 84649, 57678	8	831	16792	12.629362214199759	0.07298817382520373	0.0029107154768157617	0.2584232850712631
GOTERM_BP_ALL	GO:0006082~organic acid metabolic process	5	62.5	2.59517847111237E-4	137964, 64900, 9663, 84649, 57678	8	907	16792	11.571113561190739	0.10094954836251524	0.003793362893310448	0.3626654784700034
GOTERM_BP_ALL	GO:0044281~small molecule metabolic process	6	75.0	3.6134473192511626E-4	137964, 8694, 64900, 9663, 84649, 57678	8	1951	16792	6.455151204510508	0.13772248191014036	0.004927092308757208	0.504630436543585
GOTERM_BP_ALL	GO:0050789~regulation of biological process	7	87.5	0.23447478882547623	137964, 8694, 64900, 9663, 84649, 84803, 57678	8	10922	16792	1.345266434718916	1.0	0.9170696489534093	97.62510155557462
GOTERM_BP_ALL	GO:0065007~biological regulation	7	87.5	0.30394848335026986	137964, 8694, 64900, 9663, 84649, 84803, 57678	8	11548	16792	1.272341531001039	1.0	0.9631626681633004	99.37300083781092
GOTERM_BP_ALL	GO:0048522~positive regulation of cellular process	4	50.0	0.313629106607053	64900, 9663, 84649, 57678	8	4744	16792	1.769814502529511	1.0	0.9650665082014827	99.48462575026394
GOTERM_BP_ALL	GO:0048518~positive regulation of biological process	4	50.0	0.38655078137460813	64900, 9663, 84649, 57678	8	5285	16792	1.588647114474929	1.0	0.9859166137664359	99.89302347285985
GOTERM_BP_ALL	GO:0050794~regulation of cellular process	5	62.5	0.7563747785485191	64900, 9663, 84649, 84803, 57678	8	10489	16792	1.0005720278386883	1.0	0.9999853936806143	99.99999973984495

