Annotation Cluster 1	Enrichment Score: 5.897422623759151
Category	Term	Count	%	PValue	Genes	List Total	Pop Hits	Pop Total	Fold Enrichment	Bonferroni	Benjamini	FDR
GOTERM_BP_ALL	GO:0098916~anterograde trans-synaptic signaling	10	76.92307692307693	1.898977582791879E-11	2914, 5179, 4988, 4985, 1132, 1812, 3360, 3362, 1128, 1268	13	604	16792	21.385634233316352	2.1458484766867514E-8	5.3646211917168785E-9	3.04705705111985E-8
GOTERM_BP_ALL	GO:0099537~trans-synaptic signaling	10	76.92307692307693	1.898977582791879E-11	2914, 5179, 4988, 4985, 1132, 1812, 3360, 3362, 1128, 1268	13	604	16792	21.385634233316352	2.1458484766867514E-8	5.3646211917168785E-9	3.04705705111985E-8
GOTERM_BP_ALL	GO:0099536~synaptic signaling	10	76.92307692307693	1.898977582791879E-11	2914, 5179, 4988, 4985, 1132, 1812, 3360, 3362, 1128, 1268	13	604	16792	21.385634233316352	2.1458484766867514E-8	5.3646211917168785E-9	3.04705705111985E-8
GOTERM_BP_ALL	GO:0007268~chemical synaptic transmission	10	76.92307692307693	1.898977582791879E-11	2914, 5179, 4988, 4985, 1132, 1812, 3360, 3362, 1128, 1268	13	604	16792	21.385634233316352	2.1458484766867514E-8	5.3646211917168785E-9	3.04705705111985E-8
GOTERM_MF_ALL	GO:0004888~transmembrane signaling receptor activity	10	76.92307692307693	1.7526120659130453E-8	2914, 4988, 4985, 1132, 1812, 7442, 3360, 3362, 1128, 1268	13	1309	16881	9.920079920079921	2.4536539044994754E-6	1.2268277047589038E-6	2.067907873826158E-5
GOTERM_MF_ALL	GO:0004930~G-protein coupled receptor activity	9	69.23076923076923	2.3298122590723077E-8	2914, 4988, 4985, 1132, 1812, 3360, 3362, 1128, 1268	13	888	16881	13.160862785862784	3.261731874482088E-6	1.0872451402521577E-6	2.748946584807399E-5
GOTERM_MF_ALL	GO:0099600~transmembrane receptor activity	10	76.92307692307693	2.501119979806667E-8	2914, 4988, 4985, 1132, 1812, 7442, 3360, 3362, 1128, 1268	13	1363	16881	9.52706134657712	3.50156188222428E-6	8.753916199699674E-7	2.9510726218262562E-5
GOTERM_MF_ALL	GO:0038023~signaling receptor activity	10	76.92307692307693	3.518801822581337E-8	2914, 4988, 4985, 1132, 1812, 7442, 3360, 3362, 1128, 1268	13	1417	16881	9.163997611421747	4.926310511188525E-6	9.852640436847082E-7	4.1518356796999E-5
GOTERM_CC_ALL	GO:0005887~integral component of plasma membrane	10	76.92307692307693	6.317492205010293E-8	2914, 4988, 4985, 1132, 1812, 7442, 3360, 3362, 1128, 1268	13	1635	18224	8.573982592331216	7.896834328224855E-6	7.896834328224855E-6	7.305617922837015E-5
GOTERM_CC_ALL	GO:0031226~intrinsic component of plasma membrane	10	76.92307692307693	8.932577284626741E-8	2914, 4988, 4985, 1132, 1812, 7442, 3360, 3362, 1128, 1268	13	1701	18224	8.241306019083797	1.1165659773437753E-5	5.582845470808451E-6	1.0329729832614376E-4
GOTERM_MF_ALL	GO:0004872~receptor activity	10	76.92307692307693	1.5620956892268597E-7	2914, 4988, 4985, 1132, 1812, 7442, 3360, 3362, 1128, 1268	13	1680	16881	7.729395604395605	2.1869102228344595E-5	3.6448835841751404E-6	1.8431161225018755E-4
GOTERM_MF_ALL	GO:0060089~molecular transducer activity	10	76.92307692307693	1.5620956892268597E-7	2914, 4988, 4985, 1132, 1812, 7442, 3360, 3362, 1128, 1268	13	1680	16881	7.729395604395605	2.1869102228344595E-5	3.6448835841751404E-6	1.8431161225018755E-4
GOTERM_CC_ALL	GO:0044459~plasma membrane part	11	84.61538461538461	1.961825605349704E-7	2914, 4988, 4985, 1132, 1812, 7442, 3360, 2778, 3362, 1128, 1268	13	2635	18224	5.85210918114144	2.452252178974934E-5	8.174240747949035E-6	2.268675253325192E-4
GOTERM_CC_ALL	GO:0031224~intrinsic component of membrane	11	84.61538461538461	4.6982650719298483E-4	2914, 4988, 4985, 1132, 1812, 7442, 3360, 2778, 3362, 1128, 1268	13	5981	18224	2.578215631551194	0.05705008840837478	0.003086915846396754	0.5419664602861696
GOTERM_BP_ALL	GO:0065008~regulation of biological quality	9	69.23076923076923	8.551223124912343E-4	2914, 4988, 4985, 1812, 7442, 3360, 2778, 1128, 1268	13	3548	16792	3.276558841384095	0.6196645285450715	0.014991208470337858	1.363316051380603
GOTERM_CC_ALL	GO:0044425~membrane part	11	84.61538461538461	0.002099801226749789	2914, 4988, 4985, 1132, 1812, 7442, 3360, 2778, 3362, 1128, 1268	13	7057	18224	2.1851080759965558	0.23106674866049093	0.011872195074632774	2.401481474448963
GOTERM_BP_ALL	GO:0006811~ion transport	6	46.15384615384615	0.0023081793306366297	4988, 4985, 1812, 7442, 1128, 1268	13	1458	16792	5.315606204495094	0.9265578626323545	0.03611016857352134	3.640025093449628
GOTERM_CC_ALL	GO:0016021~integral component of membrane	10	76.92307692307693	0.002954230632663298	2914, 4988, 4985, 1132, 1812, 7442, 3360, 3362, 1128, 1268	13	5872	18224	2.3873401802557117	0.3091450380866597	0.015291273373225556	3.363495604034783
GOTERM_BP_ALL	GO:0051179~localization	9	69.23076923076923	0.025324401228313122	2914, 4988, 4985, 1812, 7442, 2778, 3362, 1128, 1268	13	5872	16792	1.9797736323621882	0.9999999999997419	0.2054989240807743	33.73993006693554
GOTERM_CC_ALL	GO:0044424~intracellular part	9	69.23076923076923	0.8634062559570264	2914, 4988, 4985, 1812, 7442, 3360, 2778, 1128, 1268	13	13860	18224	0.9102897102897103	1.0	0.9993371171263823	99.99999998995331
GOTERM_CC_ALL	GO:0005622~intracellular	9	69.23076923076923	0.8980490705535308	2914, 4988, 4985, 1812, 7442, 3360, 2778, 1128, 1268	13	14216	18224	0.8874940478767153	1.0	0.9997125647930933	99.99999999965887

Annotation Cluster 2	Enrichment Score: 4.318038216949207
Category	Term	Count	%	PValue	Genes	List Total	Pop Hits	Pop Total	Fold Enrichment	Bonferroni	Benjamini	FDR
GOTERM_BP_ALL	GO:0007187~G-protein coupled receptor signaling pathway, coupled to cyclic nucleotide second messenger	11	84.61538461538461	2.0547980026965317E-18	2914, 4988, 4985, 1132, 1812, 3360, 2778, 3362, 1128, 1268, 2774	13	193	16792	73.61976883220406	2.3219217430470807E-15	2.3219217430470807E-15	3.297076693151218E-15
GOTERM_BP_ALL	GO:0007186~G-protein coupled receptor signaling pathway	12	92.3076923076923	4.598681231020654E-12	2914, 5179, 4988, 4985, 1132, 1812, 3360, 2778, 3362, 1128, 1268, 2774	13	1261	16792	12.292075886048924	5.196479913038843E-9	1.7321599710129476E-9	7.378886390796424E-9
GOTERM_MF_ALL	GO:0004871~signal transducer activity	12	92.3076923076923	1.702040346469612E-10	2914, 4988, 4985, 1132, 1812, 7442, 3360, 2778, 3362, 1128, 1268, 2774	13	1763	16881	8.838605523801213	2.3828569895023577E-8	2.3828569895023577E-8	2.0082389085018804E-7
GOTERM_BP_ALL	GO:0007267~cell-cell signaling	11	84.61538461538461	1.9619449972930654E-9	2914, 5179, 4988, 4985, 1132, 1812, 3360, 2778, 3362, 1128, 1268	13	1517	16792	9.36625931747883	2.2169954521089608E-6	3.6949958337473277E-7	3.1480871576228253E-6
GOTERM_CC_ALL	GO:0044459~plasma membrane part	11	84.61538461538461	1.961825605349704E-7	2914, 4988, 4985, 1132, 1812, 7442, 3360, 2778, 3362, 1128, 1268	13	2635	18224	5.85210918114144	2.452252178974934E-5	8.174240747949035E-6	2.268675253325192E-4
GOTERM_CC_ALL	GO:0005886~plasma membrane	13	100.0	2.5167513796362574E-7	2914, 5179, 4988, 4985, 1132, 1812, 7442, 3360, 2778, 1268, 3362, 1128, 2774	13	5141	18224	3.544835635090449	3.1458901361136604E-5	7.86481812287132E-6	2.9103962577714526E-4
GOTERM_CC_ALL	GO:0071944~cell periphery	13	100.0	3.2828838503153737E-7	2914, 5179, 4988, 4985, 1132, 1812, 7442, 3360, 2778, 1268, 3362, 1128, 2774	13	5256	18224	3.467275494672755	4.1035212897444495E-5	6.839319089180229E-6	3.796357909591208E-4
GOTERM_BP_ALL	GO:0007165~signal transduction	13	100.0	2.7172866308531483E-6	2914, 5179, 4988, 4985, 1132, 1812, 7442, 3360, 2778, 1268, 3362, 1128, 2774	13	5775	16792	2.9077056277056275	0.0030658287838282172	2.0468158750441834E-4	0.0043599999948629176
GOTERM_BP_ALL	GO:0044700~single organism signaling	13	100.0	6.4630634813817535E-6	2914, 5179, 4988, 4985, 1132, 1812, 7442, 3360, 2778, 1268, 3362, 1128, 2774	13	6207	16792	2.7053326888996296	0.007276681151841324	4.295127526712239E-4	0.01036996332632878
GOTERM_BP_ALL	GO:0023052~signaling	13	100.0	7.157949352510733E-6	2914, 5179, 4988, 4985, 1132, 1812, 7442, 3360, 2778, 1268, 3362, 1128, 2774	13	6260	16792	2.6824281150159743	0.008055887725105126	4.492608141746235E-4	0.011484845301035218
GOTERM_BP_ALL	GO:0007154~cell communication	13	100.0	7.366689129585182E-6	2914, 5179, 4988, 4985, 1132, 1812, 7442, 3360, 2778, 1268, 3362, 1128, 2774	13	6275	16792	2.67601593625498	0.008289837589467441	4.3802979366658334E-4	0.01181974725057433
GOTERM_BP_ALL	GO:0051716~cellular response to stimulus	13	100.0	2.414795085193768E-5	2914, 5179, 4988, 4985, 1132, 1812, 7442, 3360, 2778, 1268, 3362, 1128, 2774	13	6927	16792	2.4241374332322794	0.026918573166987203	0.0011363336306232652	0.03874015060051361
GOTERM_BP_ALL	GO:0050896~response to stimulus	13	100.0	2.2087655035461204E-4	2914, 5179, 4988, 4985, 1132, 1812, 7442, 3360, 2778, 1268, 3362, 1128, 2774	13	8329	16792	2.0160883659502944	0.22090171297372596	0.005788254532223758	0.35382461027685386
GOTERM_BP_ALL	GO:0048518~positive regulation of biological process	11	84.61538461538461	3.1967154886196206E-4	2914, 5179, 4988, 4985, 1812, 7442, 2778, 3362, 1128, 1268, 2774	13	5285	16792	2.688479732188341	0.3032207269628582	0.0073460805887163305	0.5117051580663445
GOTERM_CC_ALL	GO:0016020~membrane	13	100.0	3.8248417000331643E-4	2914, 5179, 4988, 4985, 1132, 1812, 7442, 3360, 2778, 1268, 3362, 1128, 2774	13	9462	18224	1.926019868949482	0.04669431591627782	0.0026531223979914254	0.4414165661153491
GOTERM_CC_ALL	GO:0031224~intrinsic component of membrane	11	84.61538461538461	4.6982650719298483E-4	2914, 4988, 4985, 1132, 1812, 7442, 3360, 2778, 3362, 1128, 1268	13	5981	18224	2.578215631551194	0.05705008840837478	0.003086915846396754	0.5419664602861696
GOTERM_BP_ALL	GO:0065008~regulation of biological quality	9	69.23076923076923	8.551223124912343E-4	2914, 4988, 4985, 1812, 7442, 3360, 2778, 1128, 1268	13	3548	16792	3.276558841384095	0.6196645285450715	0.014991208470337858	1.363316051380603
GOTERM_CC_ALL	GO:0044425~membrane part	11	84.61538461538461	0.002099801226749789	2914, 4988, 4985, 1132, 1812, 7442, 3360, 2778, 3362, 1128, 1268	13	7057	18224	2.1851080759965558	0.23106674866049093	0.011872195074632774	2.401481474448963
GOTERM_BP_ALL	GO:0050794~regulation of cellular process	13	100.0	0.003520088354669098	2914, 5179, 4988, 4985, 1132, 1812, 7442, 3360, 2778, 1268, 3362, 1128, 2774	13	10489	16792	1.600915244541901	0.9814022977524551	0.051742854719523335	5.501109217800937
GOTERM_BP_ALL	GO:0050789~regulation of biological process	13	100.0	0.005721093181929366	2914, 5179, 4988, 4985, 1132, 1812, 7442, 3360, 2778, 1268, 3362, 1128, 2774	13	10922	16792	1.5374473539644755	0.9984713940389622	0.07343889551361416	8.795213807308466
GOTERM_BP_ALL	GO:0065007~biological regulation	13	100.0	0.011170603022279499	2914, 5179, 4988, 4985, 1132, 1812, 7442, 3360, 2778, 1268, 3362, 1128, 2774	13	11548	16792	1.4541046068583305	0.9999969299383871	0.11490110418239663	16.49379878222139
GOTERM_BP_ALL	GO:0044763~single-organism cellular process	13	100.0	0.02282042989485332	2914, 5179, 4988, 4985, 1132, 1812, 7442, 3360, 2778, 1268, 3362, 1128, 2774	13	12256	16792	1.3701044386422976	0.9999999999953113	0.19250519642596153	30.955128599593184
GOTERM_BP_ALL	GO:0051179~localization	9	69.23076923076923	0.025324401228313122	2914, 4988, 4985, 1812, 7442, 2778, 3362, 1128, 1268	13	5872	16792	1.9797736323621882	0.9999999999997419	0.2054989240807743	33.73993006693554
GOTERM_BP_ALL	GO:0044699~single-organism process	13	100.0	0.06525888105188261	2914, 5179, 4988, 4985, 1132, 1812, 7442, 3360, 2778, 1268, 3362, 1128, 2774	13	13377	16792	1.2552889287583167	1.0	0.39650962298063985	66.13736057231947
GOTERM_CC_ALL	GO:0044464~cell part	13	100.0	0.2922669632014327	2914, 5179, 4988, 4985, 1132, 1812, 7442, 3360, 2778, 1268, 3362, 1128, 2774	13	16449	18224	1.1079092953978964	1.0	0.8102339140115399	98.1639972010904
GOTERM_CC_ALL	GO:0005623~cell	13	100.0	0.2985126709210633	2914, 5179, 4988, 4985, 1132, 1812, 7442, 3360, 2778, 1268, 3362, 1128, 2774	13	16478	18224	1.105959461099648	1.0	0.8063003453972992	98.34287341871692
GOTERM_BP_ALL	GO:0009987~cellular process	13	100.0	0.4000190226835279	2914, 5179, 4988, 4985, 1132, 1812, 7442, 3360, 2778, 1268, 3362, 1128, 2774	13	15558	16792	1.0793161074688264	1.0	0.9520816493513419	99.97245451877832
GOTERM_CC_ALL	GO:0044424~intracellular part	9	69.23076923076923	0.8634062559570264	2914, 4988, 4985, 1812, 7442, 3360, 2778, 1128, 1268	13	13860	18224	0.9102897102897103	1.0	0.9993371171263823	99.99999998995331
GOTERM_CC_ALL	GO:0005622~intracellular	9	69.23076923076923	0.8980490705535308	2914, 4988, 4985, 1812, 7442, 3360, 2778, 1128, 1268	13	14216	18224	0.8874940478767153	1.0	0.9997125647930933	99.99999999965887

Annotation Cluster 3	Enrichment Score: 2.2545232680578344
Category	Term	Count	%	PValue	Genes	List Total	Pop Hits	Pop Total	Fold Enrichment	Bonferroni	Benjamini	FDR
GOTERM_BP_ALL	GO:0007188~adenylate cyclase-modulating G-protein coupled receptor signaling pathway	9	69.23076923076923	3.863881670604067E-14	2914, 4988, 4985, 1132, 1812, 2778, 1128, 1268, 2774	13	167	16792	69.61216029479502	4.3658410220359656E-11	2.1829205110179828E-11	6.199485369506874E-11
GOTERM_BP_ALL	GO:0007193~adenylate cyclase-inhibiting G-protein coupled receptor signaling pathway	6	46.15384615384615	9.063282928491673E-10	2914, 4988, 4985, 1132, 1128, 2774	13	71	16792	109.15709642470208	1.0241505066233003E-6	2.0483018525752072E-7	1.4542714366072573E-6
GOTERM_BP_ALL	GO:0007191~adenylate cyclase-activating dopamine receptor signaling pathway	4	30.76923076923077	6.112164206265583E-8	4988, 1812, 2778, 2774	13	12	16792	430.5641025641026	6.90650725603259E-5	9.866730989571693E-6	9.807418959173475E-5
GOTERM_BP_ALL	GO:0019233~sensory perception of pain	5	38.46153846153847	1.6745223254462207E-7	5179, 4988, 4985, 7442, 1268	13	74	16792	87.27650727650729	1.8920313742387673E-4	2.3652350103153807E-5	2.686892613512626E-4
GOTERM_CC_ALL	GO:0097458~neuron part	9	69.23076923076923	3.0454921680738246E-7	2914, 5179, 4988, 4985, 7442, 2778, 3362, 1128, 1268	13	1333	18224	9.464827745397887	3.8067933300411916E-5	7.613702596165339E-6	3.521836366759956E-4
GOTERM_BP_ALL	GO:0050877~neurological system process	9	69.23076923076923	4.391339553450763E-7	5179, 4988, 4985, 1812, 7442, 2778, 1128, 1268, 2774	13	1288	16792	9.02580028666985	4.960983809384478E-4	5.5134199882345136E-5	7.046208650551833E-4
GOTERM_CC_ALL	GO:0098590~plasma membrane region	8	61.53846153846154	5.819728445634806E-7	2914, 4988, 4985, 1132, 1812, 7442, 2778, 1128	13	936	18224	11.981591058514136	7.274398076939637E-5	1.0392321248220426E-5	6.72997995643243E-4
GOTERM_CC_ALL	GO:0043005~neuron projection	8	61.53846153846154	7.208554379154378E-7	5179, 4988, 4985, 7442, 2778, 3362, 1128, 1268	13	966	18224	11.609491957318046	9.01029027037259E-5	1.1263306845199494E-5	8.33602312344528E-4
GOTERM_BP_ALL	GO:1901698~response to nitrogen compound	8	61.53846153846154	7.470146095578109E-7	5179, 4988, 1132, 1812, 7442, 2778, 1128, 1268	13	895	16792	11.545853029651912	8.437706492049335E-4	8.440911975238219E-5	0.001198633935861615
GOTERM_BP_ALL	GO:0007200~phospholipase C-activating G-protein coupled receptor signaling pathway	5	38.46153846153847	8.90828882730949E-7	4988, 4985, 1132, 1812, 1128	13	112	16792	57.66483516483517	0.0010061305967555834	9.150827521708926E-5	0.0014293918233043712
GOTERM_BP_ALL	GO:1901699~cellular response to nitrogen compound	7	53.84615384615385	1.021267664963873E-6	5179, 4988, 1132, 1812, 7442, 2778, 1128	13	558	16792	16.20402536531569	0.0011533674106689595	9.616479676355372E-5	0.0016386875701046577
GOTERM_BP_ALL	GO:0043279~response to alkaloid	5	38.46153846153847	1.8263251946558257E-6	5179, 4988, 1812, 7442, 1268	13	134	16792	48.19747416762342	0.0020616212879576157	1.5873735023741453E-4	0.0029304347653691387
GOTERM_BP_ALL	GO:0007212~dopamine receptor signaling pathway	4	30.76923076923077	1.9646144372827074E-6	4988, 1812, 2778, 2774	13	36	16792	143.52136752136755	0.0022175540807433114	1.585600348019689E-4	0.0031523238440800405
GOTERM_CC_ALL	GO:0045202~synapse	7	53.84615384615385	3.6973198404009754E-6	2914, 5179, 4988, 4985, 1132, 7442, 1128	13	755	18224	12.997249108507386	4.6205905225982224E-4	5.135044090298635E-5	0.004275539519649207
GOTERM_CC_ALL	GO:0042995~cell projection	9	69.23076923076923	3.7191696077319287E-6	5179, 4988, 4985, 1812, 7442, 2778, 3362, 1128, 1268	13	1846	18224	6.834569547462288	4.647890175859537E-4	4.648862591860592E-5	0.004300805851076284
GOTERM_BP_ALL	GO:0044708~single-organism behavior	6	46.15384615384615	4.853779736071246E-6	5179, 4988, 4985, 1812, 7442, 1268	13	395	16792	19.62064264849075	0.005469770444660571	3.427402769200505E-4	0.007787967325156853
GOTERM_CC_ALL	GO:0030425~dendrite	6	46.15384615384615	7.3054847897907785E-6	5179, 4988, 7442, 2778, 3362, 1128	13	466	18224	18.049521294156488	9.127721042463399E-4	8.301373002139734E-5	0.008447820311785481
GOTERM_BP_ALL	GO:0003008~system process	9	69.23076923076923	1.3374455623643612E-5	5179, 4988, 4985, 1812, 7442, 2778, 1128, 1268, 2774	13	2014	16792	5.772209915208922	0.014999604138826839	7.55376355559001E-4	0.02145815276721752
GOTERM_CC_ALL	GO:0044463~cell projection part	7	53.84615384615385	1.408565614422062E-5	5179, 4988, 4985, 1812, 7442, 1128, 1268	13	952	18224	10.307692307692308	0.0017591702614124793	1.4671585438486012E-4	0.01628760227426751
GOTERM_BP_ALL	GO:0045761~regulation of adenylate cyclase activity	4	30.76923076923077	1.5506526145167386E-5	4988, 1812, 2778, 2774	13	71	16792	72.77139761646805	0.01736988398180983	8.340572379258449E-4	0.024878475769074537
GOTERM_BP_ALL	GO:1901700~response to oxygen-containing compound	8	61.53846153846154	2.0367541402377387E-5	5179, 4988, 1132, 1812, 7442, 2778, 1128, 1268	13	1466	16792	7.048798404869347	0.022752718570375086	0.0010456146078038353	0.0326762326752883
GOTERM_CC_ALL	GO:0097060~synaptic membrane	5	38.46153846153847	2.315540428631633E-5	2914, 4985, 1132, 7442, 1128	13	276	18224	25.395763656633225	0.0028902741391720888	2.2262591110444596E-4	0.0267738999551681
GOTERM_BP_ALL	GO:0007600~sensory perception	7	53.84615384615385	2.3717262888427908E-5	5179, 4988, 4985, 7442, 2778, 1268, 2774	13	961	16792	9.408788921796205	0.026444869831423468	0.001164574611972391	0.03804932843337605
GOTERM_BP_ALL	GO:0007610~behavior	6	46.15384615384615	2.5742961369422362E-5	5179, 4988, 4985, 1812, 7442, 1268	13	557	16792	13.914100262394697	0.028670882131753728	0.001162920114881505	0.04129850357036391
GOTERM_CC_ALL	GO:0044456~synapse part	6	46.15384615384615	2.6292478916504522E-5	2914, 4988, 4985, 1132, 7442, 1128	13	607	18224	13.856798884805476	0.003281208103340094	2.3472980887684347E-4	0.030400701588162438
GOTERM_BP_ALL	GO:0031279~regulation of cyclase activity	4	30.76923076923077	2.6646279186649434E-5	4988, 1812, 2778, 2774	13	85	16792	60.78552036199095	0.02966188557719196	0.0011574333740659304	0.04274737325505873
GOTERM_BP_ALL	GO:0051339~regulation of lyase activity	4	30.76923076923077	2.857241952685866E-5	4988, 1812, 2778, 2774	13	87	16792	59.38815207780725	0.031771625373687606	0.0011951110382878438	0.045836725518910715
GOTERM_BP_ALL	GO:0007189~adenylate cyclase-activating G-protein coupled receptor signaling pathway	4	30.76923076923077	3.489577336085721E-5	4988, 1812, 2778, 2774	13	93	16792	55.556658395368075	0.03866555409323169	0.0014073270681342898	0.05597817510037961
GOTERM_CC_ALL	GO:0036477~somatodendritic compartment	6	46.15384615384615	3.989710650112821E-5	5179, 4988, 7442, 2778, 3362, 1128	13	662	18224	12.705554264466652	0.004974822179494853	3.3242725391058325E-4	0.046127749292923514
GOTERM_BP_ALL	GO:0030817~regulation of cAMP biosynthetic process	4	30.76923076923077	6.082321258568352E-5	4988, 1812, 2778, 2774	13	112	16792	46.13186813186814	0.06642345406534356	0.0023672735952975366	0.09755073875160614
GOTERM_BP_ALL	GO:0006171~cAMP biosynthetic process	4	30.76923076923077	6.580996919725428E-5	4988, 1812, 2778, 2774	13	115	16792	44.928428093645486	0.07166972737597033	0.0024758537487614696	0.1055447424523015
GOTERM_CC_ALL	GO:0098794~postsynapse	5	38.46153846153847	7.742599875595396E-5	4988, 4985, 1132, 7442, 1128	13	376	18224	18.641571194762687	0.009631937395287227	6.047311100116914E-4	0.08949970343966607
GOTERM_BP_ALL	GO:0030814~regulation of cAMP metabolic process	4	30.76923076923077	9.263241528456724E-5	4988, 1812, 2778, 2774	13	129	16792	40.05247465712582	0.09938685707741046	0.0033710625119952597	0.14853208755533087
GOTERM_BP_ALL	GO:0030802~regulation of cyclic nucleotide biosynthetic process	4	30.76923076923077	9.917971793008881E-5	4988, 1812, 2778, 2774	13	132	16792	39.14219114219114	0.10602604676482508	0.0034963310290838656	0.15902257391605668
GOTERM_BP_ALL	GO:1900371~regulation of purine nucleotide biosynthetic process	4	30.76923076923077	1.1810145903210699E-4	4988, 1812, 2778, 2774	13	140	16792	36.90549450549451	0.12493974305988442	0.004036151844100111	0.18933432910126502
GOTERM_BP_ALL	GO:0030808~regulation of nucleotide biosynthetic process	4	30.76923076923077	1.2062023065857688E-4	4988, 1812, 2778, 2774	13	141	16792	36.64375340971086	0.1274271054436611	0.00400106496099506	0.1933686340467866
GOTERM_BP_ALL	GO:0046058~cAMP metabolic process	4	30.76923076923077	1.257625749431072E-4	4988, 1812, 2778, 2774	13	143	16792	36.1312533620226	0.13248341275663644	0.004052356855189454	0.20160462852883976
GOTERM_BP_ALL	GO:0052652~cyclic purine nucleotide metabolic process	4	30.76923076923077	1.3374138928413286E-4	4988, 1812, 2778, 2774	13	146	16792	35.38883034773446	0.1402708462270913	0.0041894739219350274	0.2143822607279633
GOTERM_BP_ALL	GO:0010243~response to organonitrogen compound	6	46.15384615384615	1.3585520517887865E-4	5179, 4988, 1812, 7442, 2778, 1268	13	789	16792	9.822755191576485	0.1423222311335448	0.004140776510016542	0.21776716354204861
GOTERM_BP_ALL	GO:0031667~response to nutrient levels	5	38.46153846153847	1.4019225594359038E-4	5179, 4988, 7442, 3360, 1268	13	404	16792	15.986290936785986	0.1465158902659076	0.004160488316462763	0.22471184726128302
GOTERM_BP_ALL	GO:0009190~cyclic nucleotide biosynthetic process	4	30.76923076923077	1.4204381261687533E-4	4988, 1812, 2778, 2774	13	149	16792	34.676303562209604	0.1482999848336135	0.004107461951738056	0.22767650630476366
GOTERM_BP_ALL	GO:0030799~regulation of cyclic nucleotide metabolic process	4	30.76923076923077	1.5661626928224098E-4	4988, 1812, 2778, 2774	13	154	16792	33.55044955044955	0.16221204241495002	0.004414981299711185	0.2510066197149663
GOTERM_BP_ALL	GO:0010033~response to organic substance	9	69.23076923076923	1.6417293769980683E-4	5179, 4988, 4985, 1132, 1812, 7442, 2778, 1128, 1268	13	2822	16792	4.119500626942158	0.16933662428732532	0.0045149147844325555	0.2631026295890848
GOTERM_BP_ALL	GO:0009991~response to extracellular stimulus	5	38.46153846153847	1.863857213269192E-4	5179, 4988, 7442, 3360, 1268	13	435	16792	14.847038019451814	0.18993071297232578	0.005002576071677867	0.2986508183128067
GOTERM_BP_ALL	GO:0014070~response to organic cyclic compound	6	46.15384615384615	2.6047268863396955E-4	5179, 4988, 1812, 7442, 2778, 1268	13	906	16792	8.554253693326542	0.2550010558234601	0.006667953465530618	0.4171298892522546
GOTERM_BP_ALL	GO:0071417~cellular response to organonitrogen compound	5	38.46153846153847	2.654597011821165E-4	5179, 4988, 1812, 7442, 2778	13	477	16792	13.5397516529592	0.2591886572540252	0.00664469869151918	0.4251003211182103
GOTERM_BP_ALL	GO:1901701~cellular response to oxygen-containing compound	6	46.15384615384615	2.6865012436762085E-4	5179, 1132, 1812, 7442, 2778, 1128	13	912	16792	8.497975708502025	0.26185531652142224	0.006578600968495718	0.4301990622320617
GOTERM_BP_ALL	GO:0009187~cyclic nucleotide metabolic process	4	30.76923076923077	2.909682126922958E-4	4988, 1812, 2778, 2774	13	190	16792	27.19352226720648	0.2802432159256918	0.006972217201673292	0.46585963380199047
GOTERM_BP_ALL	GO:0007626~locomotory behavior	4	30.76923076923077	3.000612155118115E-4	5179, 4988, 4985, 1812	13	192	16792	26.910256410256412	0.28760308247293875	0.007040102684454985	0.4803852972625644
GOTERM_CC_ALL	GO:0045211~postsynaptic membrane	4	30.76923076923077	3.1601168529894747E-4	4985, 1132, 7442, 1128	13	212	18224	26.44992743105951	0.03873745106549875	0.002321284198502971	0.3648301584925018
GOTERM_BP_ALL	GO:0048518~positive regulation of biological process	11	84.61538461538461	3.1967154886196206E-4	2914, 5179, 4988, 4985, 1812, 7442, 2778, 3362, 1128, 1268, 2774	13	5285	16792	2.688479732188341	0.3032207269628582	0.0073460805887163305	0.5117051580663445
GOTERM_BP_ALL	GO:0044057~regulation of system process	5	38.46153846153847	3.2764013588350576E-4	4988, 4985, 7442, 2778, 1128	13	504	16792	12.814407814407815	0.30946872814877124	0.007378524410342702	0.5244292275716878
GOTERM_BP_ALL	GO:1900542~regulation of purine nucleotide metabolic process	4	30.76923076923077	3.6368244017939005E-4	4988, 1812, 2778, 2774	13	205	16792	25.20375234521576	0.33703687265327076	0.008027136637744015	0.5819617517648035
GOTERM_BP_ALL	GO:0071407~cellular response to organic cyclic compound	5	38.46153846153847	3.6910793253981243E-4	5179, 4988, 1812, 7442, 2778	13	520	16792	12.420118343195268	0.341090417963238	0.007990385764793606	0.5906194910146989
GOTERM_BP_ALL	GO:0006140~regulation of nucleotide metabolic process	4	30.76923076923077	4.0128438683115014E-4	4988, 1812, 2778, 2774	13	212	16792	24.37155297532656	0.3646265628464982	0.00852089271950418	0.6419505988335739
GOTERM_BP_ALL	GO:0043269~regulation of ion transport	5	38.46153846153847	4.696311268677406E-4	4988, 4985, 1812, 1128, 1268	13	554	16792	11.657872813107472	0.4118703281603877	0.009781620215569276	0.7509017221826508
GOTERM_BP_ALL	GO:0010562~positive regulation of phosphorus metabolic process	6	46.15384615384615	5.154512895607472E-4	2914, 4988, 4985, 1812, 2778, 2774	13	1049	16792	7.388135220356384	0.4415611318531729	0.01053700403541924	0.8238806287589551
GOTERM_BP_ALL	GO:0045937~positive regulation of phosphate metabolic process	6	46.15384615384615	5.154512895607472E-4	2914, 4988, 4985, 1812, 2778, 2774	13	1049	16792	7.388135220356384	0.4415611318531729	0.01053700403541924	0.8238806287589551
GOTERM_BP_ALL	GO:0009152~purine ribonucleotide biosynthetic process	4	30.76923076923077	6.12332365963852E-4	4988, 1812, 2778, 2774	13	245	16792	21.08885400313972	0.499499913466558	0.012283708592309317	0.9780198771375925
GOTERM_BP_ALL	GO:0046903~secretion	6	46.15384615384615	6.364706069204472E-4	2914, 4988, 7442, 2778, 1128, 1268	13	1098	16792	7.058427910886928	0.5129754573400306	0.012542447308305893	1.0163892096124671
GOTERM_BP_ALL	GO:0006164~purine nucleotide biosynthetic process	4	30.76923076923077	6.646770988589336E-4	4988, 1812, 2778, 2774	13	252	16792	20.503052503052505	0.528263563646345	0.012870506518136926	1.0612076330525855
GOTERM_BP_ALL	GO:0050890~cognition	4	30.76923076923077	6.723814167566521E-4	1812, 2778, 1128, 1268	13	253	16792	20.422012769838858	0.5323553424338059	0.012799525242646936	1.073446023030955
GOTERM_BP_ALL	GO:0009260~ribonucleotide biosynthetic process	4	30.76923076923077	7.117640199886785E-4	4988, 1812, 2778, 2774	13	258	16792	20.02623732856291	0.5527241282625517	0.01332015289288746	1.13598353152502
GOTERM_BP_ALL	GO:0046390~ribose phosphate biosynthetic process	4	30.76923076923077	7.36088790641723E-4	4988, 1812, 2778, 2774	13	261	16792	19.796050692602417	0.5648596324078445	0.013548150555139138	1.1745914703845117
GOTERM_BP_ALL	GO:0072522~purine-containing compound biosynthetic process	4	30.76923076923077	7.525979206636003E-4	4988, 1812, 2778, 2774	13	263	16792	19.645510383152967	0.5729079986198171	0.013628152518138648	1.2007864787303868
GOTERM_BP_ALL	GO:0051049~regulation of transport	7	53.84615384615385	7.749162768439276E-4	4988, 4985, 1812, 7442, 2778, 1128, 1268	13	1796	16792	5.034435497687168	0.5835524884557173	0.01380845656482066	1.236188626268353
GOTERM_CC_ALL	GO:0031253~cell projection membrane	4	30.76923076923077	8.207418349486386E-4	4988, 4985, 1812, 7442	13	294	18224	19.072736787022503	0.09754355785522428	0.0051185977781480485	0.9450113978273444
GOTERM_BP_ALL	GO:0065008~regulation of biological quality	9	69.23076923076923	8.551223124912343E-4	2914, 4988, 4985, 1812, 7442, 3360, 2778, 1128, 1268	13	3548	16792	3.276558841384095	0.6196645285450715	0.014991208470337858	1.363316051380603
GOTERM_BP_ALL	GO:0070887~cellular response to chemical stimulus	8	61.53846153846154	9.133834714788678E-4	5179, 4988, 4985, 1132, 1812, 7442, 2778, 1128	13	2648	16792	3.9023936788287243	0.643918261580456	0.015760558324640184	1.4555643853018219
GOTERM_BP_ALL	GO:0048522~positive regulation of cellular process	10	76.92307692307693	0.001045493132018417	2914, 4988, 4985, 1812, 7442, 2778, 3362, 1128, 1268, 2774	13	4744	16792	2.722791542353094	0.6933429468566066	0.017750051950137125	1.664441804670136
GOTERM_BP_ALL	GO:0009165~nucleotide biosynthetic process	4	30.76923076923077	0.0012454961189604882	4988, 1812, 2778, 2774	13	313	16792	16.507249938559845	0.7554383378885046	0.02079985678943752	1.9798749099705137
GOTERM_BP_ALL	GO:1901293~nucleoside phosphate biosynthetic process	4	30.76923076923077	0.0012802156332978063	4988, 1812, 2778, 2774	13	316	16792	16.35053554040896	0.7648591222415382	0.02106281502908458	2.0345357732306057
GOTERM_BP_ALL	GO:0048871~multicellular organismal homeostasis	4	30.76923076923077	0.0012919240852988948	1812, 7442, 2778, 1268	13	317	16792	16.29895656394079	0.7679536290992904	0.020948737899486147	2.0529625952083075
GOTERM_CC_ALL	GO:0031252~cell leading edge	4	30.76923076923077	0.0014149483950401582	4988, 4985, 7442, 2778	13	355	18224	15.795449620801735	0.1622150191111673	0.008392857726540637	1.6240883694231378
GOTERM_BP_ALL	GO:0042391~regulation of membrane potential	4	30.76923076923077	0.0018616575962496628	4988, 4985, 1812, 1268	13	360	16792	14.352136752136754	0.8782315120655811	0.029632565831751778	2.945695603830112
GOTERM_CC_ALL	GO:0030424~axon	4	30.76923076923077	0.002259073990933559	5179, 4985, 1128, 1268	13	418	18224	13.414795730585205	0.24625690625705476	0.012216233430807244	2.581469625401034
GOTERM_BP_ALL	GO:0006811~ion transport	6	46.15384615384615	0.0023081793306366297	4988, 4985, 1812, 7442, 1128, 1268	13	1458	16792	5.315606204495094	0.9265578626323545	0.03611016857352134	3.640025093449628
GOTERM_BP_ALL	GO:0042221~response to chemical	9	69.23076923076923	0.0024234616341618225	5179, 4988, 4985, 1132, 1812, 7442, 2778, 1128, 1268	13	4117	16792	2.82371405616487	0.9355480540297971	0.03736508057597354	3.8185280245421116
GOTERM_BP_ALL	GO:0023061~signal release	4	30.76923076923077	0.002830518403790492	2914, 4988, 2778, 1268	13	417	16792	12.390333886736764	0.9593607545605156	0.04292833051248368	4.446336893616287
GOTERM_BP_ALL	GO:0009719~response to endogenous stimulus	6	46.15384615384615	0.0030134319420777374	5179, 4988, 1812, 7442, 2778, 1268	13	1548	16792	5.006559332140728	0.9669693401119561	0.04503958795890173	4.727193683601072
GOTERM_BP_ALL	GO:0019220~regulation of phosphate metabolic process	6	46.15384615384615	0.00358475502002374	2914, 4988, 4985, 1812, 2778, 2774	13	1610	16792	4.8137601528905885	0.982717331243235	0.051994911400855104	5.599461973968378
GOTERM_BP_ALL	GO:0051174~regulation of phosphorus metabolic process	6	46.15384615384615	0.0035945806203823527	2914, 4988, 4985, 1812, 2778, 2774	13	1611	16792	4.8107720956882964	0.982908841797924	0.05147456647726878	5.6143975129429595
GOTERM_BP_ALL	GO:0032940~secretion by cell	5	38.46153846153847	0.0037126574321559988	2914, 4988, 7442, 2778, 1268	13	966	16792	6.685777990125817	0.9850509883124404	0.05245990546074253	5.793708574136758
GOTERM_BP_ALL	GO:0032879~regulation of localization	7	53.84615384615385	0.004208952890168647	4988, 4985, 1812, 7442, 2778, 1128, 1268	13	2473	16792	3.6562256990886186	0.9914869421436813	0.05854719938152331	6.543894213366508
GOTERM_BP_ALL	GO:0044765~single-organism transport	8	61.53846153846154	0.004296923360238057	2914, 4988, 4985, 1812, 7442, 2778, 1128, 1268	13	3415	16792	3.0259263430566508	0.9922957664002056	0.05901192864406024	6.676281928521521
GOTERM_BP_ALL	GO:0009628~response to abiotic stimulus	5	38.46153846153847	0.004664707479686054	5179, 4988, 4985, 1812, 7442	13	1029	16792	6.276444643791582	0.994925117635699	0.06314597782626274	7.227862160664689
GOTERM_BP_ALL	GO:0048878~chemical homeostasis	5	38.46153846153847	0.0049990424797846595	4988, 1812, 7442, 2778, 1268	13	1049	16792	6.156779350296986	0.9965282095077891	0.06673119378437242	7.726623542089184
GOTERM_BP_ALL	GO:0009150~purine ribonucleotide metabolic process	4	30.76923076923077	0.0052715087842296155	4988, 1812, 2778, 2774	13	520	16792	9.936094674556214	0.9974522916177762	0.0694305479915035	8.131228496663134
GOTERM_BP_ALL	GO:0009259~ribonucleotide metabolic process	4	30.76923076923077	0.005707028612381657	4988, 1812, 2778, 2774	13	535	16792	9.657512580877068	0.9984467640220953	0.07410369596808086	8.774510392731427
GOTERM_BP_ALL	GO:1902578~single-organism localization	8	61.53846153846154	0.006003729818407654	2914, 4988, 4985, 1812, 7442, 2778, 1128, 1268	13	3614	16792	2.8593078200161766	0.9988914050446476	0.0760746265341915	9.210329632173176
GOTERM_BP_ALL	GO:0006163~purine nucleotide metabolic process	4	30.76923076923077	0.006070806839393826	4988, 1812, 2778, 2774	13	547	16792	9.445647588243567	0.998972800684812	0.07604418370051258	9.308586950124598
GOTERM_BP_ALL	GO:0071702~organic substance transport	7	53.84615384615385	0.006077550736722532	4988, 4985, 1812, 7442, 2778, 1128, 1268	13	2657	16792	3.403028285226253	0.9989806462872799	0.07529396471993666	9.318460183861731
GOTERM_BP_ALL	GO:0051239~regulation of multicellular organismal process	7	53.84615384615385	0.006100837017183689	5179, 4988, 4985, 7442, 2778, 1128, 1268	13	2659	16792	3.40046865507565	0.9990072792718697	0.07475555966828307	9.352544130857233
GOTERM_BP_ALL	GO:0019693~ribose phosphate metabolic process	4	30.76923076923077	0.006132776691925063	4988, 1812, 2778, 2774	13	549	16792	9.411237214515904	0.9990426821901714	0.07433002048001114	9.399274445959282
GOTERM_BP_ALL	GO:0015031~protein transport	6	46.15384615384615	0.006725716710962287	4988, 4985, 1812, 2778, 1128, 1268	13	1860	16792	4.166749379652606	0.9995122623925474	0.08038416204646437	10.262701957875276
GOTERM_BP_ALL	GO:0090407~organophosphate biosynthetic process	4	30.76923076923077	0.006873267557040711	4988, 1812, 2778, 2774	13	572	16792	9.03281334050565	0.999587637153205	0.08122417359675371	10.476360444914834
GOTERM_BP_ALL	GO:0072521~purine-containing compound metabolic process	4	30.76923076923077	0.006973661132862279	4988, 1812, 2778, 2774	13	575	16792	8.985685618729097	0.9996321526616481	0.08151578952019667	10.621460860435416
GOTERM_BP_ALL	GO:0071495~cellular response to endogenous stimulus	5	38.46153846153847	0.0077194536871271905	5179, 4988, 1812, 7442, 2778	13	1185	16792	5.450178513469654	0.9998426165342565	0.08895019787125436	11.69248292460312
GOTERM_BP_ALL	GO:0031325~positive regulation of cellular metabolic process	7	53.84615384615385	0.008490875974376536	2914, 4988, 4985, 1812, 7442, 2778, 2774	13	2839	16792	3.1848700788468314	0.9999346436247063	0.09645372550403797	12.787641880808165
GOTERM_BP_ALL	GO:0065009~regulation of molecular function	7	53.84615384615385	0.008856309037079884	2914, 4988, 4985, 1812, 2778, 1268, 2774	13	2863	16792	3.1581719014481853	0.9999569094971898	0.09941479514691365	13.301975993366089
GOTERM_BP_ALL	GO:0070848~response to growth factor	4	30.76923076923077	0.009130862568858398	5179, 4988, 4985, 7442	13	634	16792	8.149478281970396	0.9999684919967109	0.10134712541488233	13.686527695379368
GOTERM_BP_ALL	GO:0051649~establishment of localization in cell	6	46.15384615384615	0.009253426895311667	2914, 4985, 1812, 7442, 2778, 1128	13	2004	16792	3.867342238599724	0.9999726023019976	0.10164898674735867	13.857679784585608
GOTERM_BP_ALL	GO:0045184~establishment of protein localization	6	46.15384615384615	0.00959129189194543	4988, 4985, 1812, 2778, 1128, 1268	13	2021	16792	3.834811403341834	0.99998136502877	0.1041701227911801	14.327837197895576
GOTERM_BP_ALL	GO:0048584~positive regulation of response to stimulus	6	46.15384615384615	0.009773703568897563	2914, 5179, 4988, 2778, 3362, 1268	13	2030	16792	3.817809776430466	0.9999848666718563	0.10504882104174063	14.580671617758856
GOTERM_BP_ALL	GO:0009117~nucleotide metabolic process	4	30.76923076923077	0.010492716358848015	4988, 1812, 2778, 2774	13	667	16792	7.746280705800946	0.9999933401455654	0.11131637963107577	15.570471758135017
GOTERM_BP_ALL	GO:0009605~response to external stimulus	6	46.15384615384615	0.010679721680850936	5179, 4988, 1812, 7442, 3360, 1268	13	2073	16792	3.7386173884003115	0.999994620902332	0.11214859041943748	15.826137126466811
GOTERM_BP_ALL	GO:0006753~nucleoside phosphate metabolic process	4	30.76923076923077	0.010840012274526337	4988, 1812, 2778, 2774	13	675	16792	7.654472934472935	0.9999955208999086	0.11270136527522112	16.044701328924837
GOTERM_BP_ALL	GO:0051046~regulation of secretion	4	30.76923076923077	0.01119406562435571	4988, 7442, 2778, 1268	13	683	16792	7.5648158576416265	0.9999970111608636	0.11409788506235874	16.525586249646228
GOTERM_BP_ALL	GO:0009893~positive regulation of metabolic process	7	53.84615384615385	0.012163036811376565	2914, 4988, 4985, 1812, 7442, 2778, 2774	13	3052	16792	2.9625970359915312	0.9999990129068345	0.12230625892751312	17.82849612757027
GOTERM_BP_ALL	GO:0007399~nervous system development	6	46.15384615384615	0.012941494055144527	5179, 4988, 1812, 3362, 1128, 1268	13	2170	16792	3.571499468273662	0.9999995949843729	0.12852136276659343	18.86139514572912
GOTERM_BP_ALL	GO:0071705~nitrogen compound transport	4	30.76923076923077	0.013164869194880824	1812, 7442, 2778, 1268	13	725	16792	7.126578249336871	0.9999996863827285	0.12947453217936777	19.15552572575431
GOTERM_BP_ALL	GO:0055086~nucleobase-containing small molecule metabolic process	4	30.76923076923077	0.013312906578824469	4988, 1812, 2778, 2774	13	728	16792	7.097210481825867	0.9999997352868534	0.12972102628561122	19.349903682210325
GOTERM_BP_ALL	GO:0071310~cellular response to organic substance	6	46.15384615384615	0.013344757403785483	5179, 4988, 4985, 1812, 7442, 2778	13	2186	16792	3.5453585755507073	0.9999997447689694	0.12890999305946427	19.39166753735597
GOTERM_BP_ALL	GO:0051223~regulation of protein transport	4	30.76923076923077	0.014221673616407554	4988, 2778, 1128, 1268	13	746	16792	6.925964116312643	0.9999999065520245	0.13568549610280944	20.533575604794883
GOTERM_BP_ALL	GO:1901137~carbohydrate derivative biosynthetic process	4	30.76923076923077	0.01474182801773511	4988, 1812, 2778, 2774	13	756	16792	6.834350834350835	0.9999999485302993	0.13915577915202493	21.203727887413613
GOTERM_BP_ALL	GO:0051240~positive regulation of multicellular organismal process	5	38.46153846153847	0.0148986611789576	5179, 4988, 7442, 2778, 1268	13	1431	16792	4.513250550986401	0.9999999570040532	0.139384639809236	21.40474519408181
GOTERM_BP_ALL	GO:0030001~metal ion transport	4	30.76923076923077	0.017976372401047217	4988, 4985, 1812, 7442	13	814	16792	6.347382347382347	0.9999999987474678	0.16456930278245707	25.25354449375623
GOTERM_BP_ALL	GO:0006952~defense response	5	38.46153846153847	0.018225152255564786	5179, 4988, 1812, 7442, 1268	13	1518	16792	4.254585993716429	0.9999999990593049	0.1653425946721997	25.556805313983677
GOTERM_BP_ALL	GO:0050790~regulation of catalytic activity	6	46.15384615384615	0.01822528380047097	2914, 4988, 1812, 2778, 1268, 2774	13	2357	16792	3.2881433373584414	0.9999999990594474	0.1640422332619884	25.556965360642813
GOTERM_BP_ALL	GO:0070201~regulation of establishment of protein localization	4	30.76923076923077	0.018332348214906525	4988, 2778, 1128, 1268	13	820	16792	6.30093808630394	0.9999999991684992	0.1636424369883288	25.687120413646593
GOTERM_BP_ALL	GO:0010647~positive regulation of cell communication	5	38.46153846153847	0.019774642320873167	2914, 4988, 1812, 2778, 3362	13	1555	16792	4.153351471679446	0.9999999998421282	0.17408608358343503	27.41980566112171
GOTERM_BP_ALL	GO:0023056~positive regulation of signaling	5	38.46153846153847	0.020120493498626442	2914, 4988, 1812, 2778, 3362	13	1563	16792	4.132093114818643	0.9999999998940448	0.17552498329443655	27.82962174734953
GOTERM_BP_ALL	GO:0032501~multicellular organismal process	10	76.92307692307693	0.021175680353392855	5179, 4988, 4985, 1812, 7442, 2778, 3362, 1128, 1268, 2774	13	7027	16792	1.83818458473361	0.9999999999686405	0.18253392118697065	29.066596544118497
GOTERM_BP_ALL	GO:0008104~protein localization	6	46.15384615384615	0.021273889686423055	4988, 4985, 1812, 2778, 1128, 1268	13	2448	16792	3.1659125188536956	0.999999999972002	0.18193808354346952	29.180708447129877
GOTERM_BP_ALL	GO:0042592~homeostatic process	5	38.46153846153847	0.023891997351387067	4988, 1812, 7442, 2778, 1268	13	1645	16792	3.926116436754735	0.999999999998643	0.19921293770027737	32.16004627428397
GOTERM_BP_ALL	GO:1902533~positive regulation of intracellular signal transduction	4	30.76923076923077	0.02451003060638647	2914, 4988, 2778, 3362	13	915	16792	5.646742328709542	0.9999999999993366	0.20239385211223415	32.845995560625674
GOTERM_BP_ALL	GO:0051641~cellular localization	6	46.15384615384615	0.02473616617374596	2914, 4985, 1812, 7442, 2778, 1128	13	2541	16792	3.0500408682226863	0.9999999999994895	0.20262253256083762	33.09535205151424
GOTERM_BP_ALL	GO:0051179~localization	9	69.23076923076923	0.025324401228313122	2914, 4988, 4985, 1812, 7442, 2778, 3362, 1128, 1268	13	5872	16792	1.9797736323621882	0.9999999999997419	0.2054989240807743	33.73993006693554
GOTERM_BP_ALL	GO:0006810~transport	8	61.53846153846154	0.025463197924974548	2914, 4988, 4985, 1812, 7442, 2778, 1128, 1268	13	4663	16792	2.2160708688694966	0.9999999999997802	0.20506643436913663	33.8911697125963
GOTERM_BP_ALL	GO:0044707~single-multicellular organism process	9	69.23076923076923	0.027294147952513826	5179, 4988, 4985, 1812, 7442, 2778, 3362, 1128, 1268	13	5943	16792	1.956121616899002	0.9999999999999738	0.21675175013119685	35.8562033947591
GOTERM_BP_ALL	GO:0032880~regulation of protein localization	4	30.76923076923077	0.027946280837470555	4988, 2778, 1128, 1268	13	962	16792	5.370861986246601	0.9999999999999877	0.21986358660621852	36.54276593694604
GOTERM_BP_ALL	GO:0031328~positive regulation of cellular biosynthetic process	5	38.46153846153847	0.02819443596593828	4988, 1812, 7442, 2778, 2774	13	1729	16792	3.7353739378030877	0.9999999999999908	0.2201049564839903	36.802207869327596
GOTERM_BP_ALL	GO:0048583~regulation of response to stimulus	7	53.84615384615385	0.02821748496069128	2914, 5179, 4988, 1812, 2778, 3362, 1268	13	3636	16792	2.4867563679444866	0.999999999999991	0.2187834066401959	36.826254649925396
GOTERM_BP_ALL	GO:0006812~cation transport	4	30.76923076923077	0.028941408443037477	4988, 4985, 1812, 7442	13	975	16792	5.299250493096648	0.9999999999999961	0.22229803863600506	37.5771647678643
GOTERM_BP_ALL	GO:0051234~establishment of localization	8	61.53846153846154	0.029454277141491646	2914, 4988, 4985, 1812, 7442, 2778, 1128, 1268	13	4790	16792	2.1573149189015575	0.9999999999999979	0.22431603779139642	38.10407841625272
GOTERM_BP_ALL	GO:0006950~response to stress	7	53.84615384615385	0.029734623122838758	5179, 4988, 4985, 1812, 7442, 2778, 1268	13	3677	16792	2.4590280538064055	0.9999999999999984	0.2247352686202141	38.39033587210866
GOTERM_BP_ALL	GO:0009891~positive regulation of biosynthetic process	5	38.46153846153847	0.029897359094557423	4988, 1812, 7442, 2778, 2774	13	1760	16792	3.66958041958042	0.9999999999999988	0.22436185914252404	38.55593341638245
GOTERM_BP_ALL	GO:0051173~positive regulation of nitrogen compound metabolic process	5	38.46153846153847	0.030290600787716063	4988, 1812, 7442, 2778, 2774	13	1767	16792	3.655043315484742	0.9999999999999992	0.22552490840595374	38.95436876245477
GOTERM_BP_ALL	GO:0044093~positive regulation of molecular function	5	38.46153846153847	0.03458496960287572	2914, 4985, 1812, 2778, 2774	13	1840	16792	3.5100334448160537	1.0	0.25197027505757685	43.15063416050023
GOTERM_BP_ALL	GO:0033036~macromolecule localization	6	46.15384615384615	0.03723333754397452	4988, 4985, 1812, 2778, 1128, 1268	13	2817	16792	2.751208323093307	1.0	0.26706811037225453	45.602010242802805
GOTERM_BP_ALL	GO:0019637~organophosphate metabolic process	4	30.76923076923077	0.04023601644411263	4988, 1812, 2778, 2774	13	1108	16792	4.663149125242989	1.0	0.2838467823519858	48.261329034069355
GOTERM_BP_ALL	GO:0044281~small molecule metabolic process	5	38.46153846153847	0.041802636664669754	4988, 1812, 2778, 1268, 2774	13	1951	16792	3.31033395103103	1.0	0.2915403390788036	49.59992509551626
GOTERM_BP_ALL	GO:0044710~single-organism metabolic process	7	53.84615384615385	0.046963765477984296	2914, 4988, 1812, 7442, 2778, 1268, 2774	13	4063	16792	2.2254113103239366	1.0	0.3198902787398096	53.783724430849
GOTERM_BP_ALL	GO:0010646~regulation of cell communication	6	46.15384615384615	0.04871050856259645	2914, 4988, 1812, 2778, 3362, 1268	13	3020	16792	2.5662761079979624	1.0	0.3279246621864771	55.1243161158733
GOTERM_BP_ALL	GO:0023051~regulation of signaling	6	46.15384615384615	0.05185131112203074	2914, 4988, 1812, 2778, 3362, 1268	13	3070	16792	2.524480080180406	1.0	0.34343846643407205	57.44355218893009
GOTERM_BP_ALL	GO:0006796~phosphate-containing compound metabolic process	6	46.15384615384615	0.052688687616269325	2914, 4988, 4985, 1812, 2778, 2774	13	3083	16792	2.5138351755283317	1.0	0.3460671154687469	58.042634515416324
GOTERM_BP_ALL	GO:0006793~phosphorus metabolic process	6	46.15384615384615	0.053078074032697826	2914, 4988, 4985, 1812, 2778, 2774	13	3089	16792	2.5089523619792318	1.0	0.3462466941274458	58.31851041924862
GOTERM_BP_ALL	GO:1901135~carbohydrate derivative metabolic process	4	30.76923076923077	0.05419231116452338	4988, 1812, 2778, 2774	13	1247	16792	4.143359447288878	1.0	0.3502884118726082	59.09856742881156
GOTERM_CC_ALL	GO:0030054~cell junction	4	30.76923076923077	0.056786446645434176	4988, 1132, 7442, 1128	13	1379	18224	4.066268756624087	0.9993297233629588	0.25346501788032183	49.13869384145121
GOTERM_BP_ALL	GO:0048856~anatomical structure development	8	61.53846153846154	0.0592510240866263	5179, 4988, 1812, 7442, 2778, 3362, 1128, 1268	13	5473	16792	1.88809399991567	1.0	0.37469663791308305	62.47103418921234
GOTERM_BP_ALL	GO:0044767~single-organism developmental process	8	61.53846153846154	0.059361203478689055	5179, 4988, 1812, 7442, 2778, 3362, 1128, 1268	13	5475	16792	1.8874042852125046	1.0	0.37327047844552774	62.541498713793864
GOTERM_BP_ALL	GO:0048731~system development	7	53.84615384615385	0.059850626117981254	5179, 4988, 1812, 2778, 3362, 1128, 1268	13	4291	16792	2.1071652654034385	1.0	0.3737786455798604	62.853008985089176
GOTERM_BP_ALL	GO:0044711~single-organism biosynthetic process	4	30.76923076923077	0.06473110903305365	4988, 1812, 2778, 2774	13	1340	16792	3.8557979334098738	1.0	0.39597504173678844	65.82926789159055
GOTERM_BP_ALL	GO:0032502~developmental process	8	61.53846153846154	0.06846721371131217	5179, 4988, 1812, 7442, 2778, 3362, 1128, 1268	13	5632	16792	1.83479020979021	1.0	0.40978189823100664	67.95492766962397
GOTERM_BP_ALL	GO:0022414~reproductive process	4	30.76923076923077	0.0686964012544194	4988, 1812, 2778, 1268	13	1373	16792	3.763123984536949	1.0	0.40881974612204486	68.08120063889189
GOTERM_BP_ALL	GO:0000003~reproduction	4	30.76923076923077	0.06894046570565801	4988, 1812, 2778, 1268	13	1375	16792	3.75765034965035	1.0	0.40793823417182207	68.21515711131548
GOTERM_BP_ALL	GO:1901566~organonitrogen compound biosynthetic process	4	30.76923076923077	0.06894046570565801	4988, 1812, 2778, 2774	13	1375	16792	3.75765034965035	1.0	0.40793823417182207	68.21515711131548
GOTERM_BP_ALL	GO:0051704~multi-organism process	5	38.46153846153847	0.07394608424615848	5179, 4988, 1812, 2778, 1268	13	2341	16792	2.758847303913515	1.0	0.42882700775802585	70.84895682244718
GOTERM_BP_ALL	GO:0009967~positive regulation of signal transduction	4	30.76923076923077	0.07556229687524332	2914, 4988, 2778, 3362	13	1428	16792	3.618185735832795	1.0	0.43398010775477147	71.65467540063615
GOTERM_BP_ALL	GO:0022008~neurogenesis	4	30.76923076923077	0.07800775386728512	5179, 4988, 1812, 1268	13	1447	16792	3.5706767316995376	1.0	0.44265231520101944	72.83418673737006
GOTERM_BP_ALL	GO:0080090~regulation of primary metabolic process	8	61.53846153846154	0.07910438318152241	2914, 4988, 4985, 1812, 7442, 2778, 1268, 2774	13	5798	16792	1.7822591344495449	1.0	0.44532773959383365	73.3480333377756
GOTERM_BP_ALL	GO:0031323~regulation of cellular metabolic process	8	61.53846153846154	0.0822408592131227	2914, 4988, 4985, 1812, 7442, 2778, 1268, 2774	13	5844	16792	1.7682304006739324	1.0	0.4566044828174626	74.76783675314562
GOTERM_BP_ALL	GO:0002376~immune system process	5	38.46153846153847	0.08639896666963257	4988, 4985, 7442, 2778, 1268	13	2465	16792	2.6200655328444378	1.0	0.4717453104513345	76.54096827915949
GOTERM_BP_ALL	GO:0045595~regulation of cell differentiation	4	30.76923076923077	0.09106648452767156	4988, 7442, 2778, 1268	13	1544	16792	3.3463531287365487	1.0	0.48837456137934077	78.3918846085665
GOTERM_BP_ALL	GO:0043085~positive regulation of catalytic activity	4	30.76923076923077	0.09316974962490013	2914, 1812, 2778, 2774	13	1559	16792	3.3141560171707702	1.0	0.4944888559351084	79.18037191682762
GOTERM_BP_ALL	GO:0030154~cell differentiation	6	46.15384615384615	0.09800835351136648	5179, 4988, 1812, 7442, 2778, 1268	13	3652	16792	2.1221669896368693	1.0	0.5108514713869065	80.89306880107097
GOTERM_BP_ALL	GO:0046907~intracellular transport	4	30.76923076923077	0.09816248227689582	4985, 1812, 2778, 1128	13	1594	16792	3.2413859666055402	1.0	0.5092921188593965	80.9453895377496
GOTERM_BP_ALL	GO:0007275~multicellular organism development	7	53.84615384615385	0.10319836440447824	5179, 4988, 1812, 2778, 3362, 1128, 1268	13	4877	16792	1.8539770666077822	1.0	0.5257121984085896	82.58280102043611
GOTERM_BP_ALL	GO:0019222~regulation of metabolic process	8	61.53846153846154	0.10697838617847838	2914, 4988, 4985, 1812, 7442, 2778, 1268, 2774	13	6171	16792	1.6745322413771613	1.0	0.5370797456657426	83.72415094803574
GOTERM_BP_ALL	GO:1902531~regulation of intracellular signal transduction	4	30.76923076923077	0.11615538197744164	2914, 4988, 2778, 3362	13	1714	16792	3.0144511264697966	1.0	0.5663349324433278	86.21008281841384
GOTERM_BP_ALL	GO:0033554~cellular response to stress	4	30.76923076923077	0.12547642765855999	5179, 4988, 4985, 7442	13	1773	16792	2.914139442058224	1.0	0.5941699949427557	88.36729808011602
GOTERM_BP_ALL	GO:0048869~cellular developmental process	6	46.15384615384615	0.13328951972302083	5179, 4988, 1812, 7442, 2778, 1268	13	3992	16792	1.941421304146755	1.0	0.6157608407705008	89.92737298122431
GOTERM_BP_ALL	GO:0008283~cell proliferation	4	30.76923076923077	0.13992442525342283	5179, 4988, 1132, 1128	13	1861	16792	2.7763402637126444	1.0	0.6328352119730403	91.09587725766346
GOTERM_BP_ALL	GO:0019219~regulation of nucleobase-containing compound metabolic process	6	46.15384615384615	0.14622488545607232	4988, 4985, 1812, 7442, 2778, 2774	13	4104	16792	1.8884390463337835	1.0	0.6481926185775211	92.08674595235387
GOTERM_BP_ALL	GO:0048468~cell development	4	30.76923076923077	0.1583138674265506	4988, 1812, 7442, 1268	13	1968	16792	2.6253908692933083	1.0	0.6777046524836751	93.70524739044525
GOTERM_BP_ALL	GO:0031326~regulation of cellular biosynthetic process	6	46.15384615384615	0.1683217777339649	4988, 4985, 1812, 7442, 2778, 2774	13	4284	16792	1.8090928679163976	1.0	0.699969870790135	94.8045455122801
GOTERM_BP_ALL	GO:0009889~regulation of biosynthetic process	6	46.15384615384615	0.17538508218866877	4988, 4985, 1812, 7442, 2778, 2774	13	4339	16792	1.7861612920382224	1.0	0.714165904633435	95.46906514514075
GOTERM_BP_ALL	GO:0034654~nucleobase-containing compound biosynthetic process	6	46.15384615384615	0.17772752410102644	4988, 4985, 1812, 7442, 2778, 2774	13	4357	16792	1.7787821542698754	1.0	0.7173528711231337	95.67123151719059
GOTERM_BP_ALL	GO:0051171~regulation of nitrogen compound metabolic process	6	46.15384615384615	0.1839145200937468	4988, 4985, 1812, 7442, 2778, 2774	13	4404	16792	1.7597987843219451	1.0	0.7287918364449664	96.1652887498375
GOTERM_BP_ALL	GO:0018130~heterocycle biosynthetic process	6	46.15384615384615	0.18484464688485278	4988, 4985, 1812, 7442, 2778, 2774	13	4411	16792	1.7570060861831436	1.0	0.7287669733177802	96.23481988153797
GOTERM_BP_ALL	GO:0019438~aromatic compound biosynthetic process	6	46.15384615384615	0.186577929932513	4988, 4985, 1812, 7442, 2778, 2774	13	4424	16792	1.7518430936152456	1.0	0.7304387596996679	96.36124734046369
GOTERM_BP_ALL	GO:0050793~regulation of developmental process	4	30.76923076923077	0.1875101586525521	4988, 7442, 2778, 1268	13	2129	16792	2.426852621310113	1.0	0.7304159112609482	96.42758781879905
GOTERM_BP_ALL	GO:1901362~organic cyclic compound biosynthetic process	6	46.15384615384615	0.20168453317998444	4988, 4985, 1812, 7442, 2778, 2774	13	4535	16792	1.708964464422017	1.0	0.7568504203179626	97.30649635143556
GOTERM_BP_ALL	GO:1901564~organonitrogen compound metabolic process	4	30.76923076923077	0.2049199123862497	4988, 1812, 2778, 2774	13	2221	16792	2.326325632944273	1.0	0.7610782149400743	97.47641334789128
GOTERM_BP_ALL	GO:0048519~negative regulation of biological process	6	46.15384615384615	0.21403957306506816	4988, 4985, 1812, 7442, 2778, 1268	13	4623	16792	1.6764338840912494	1.0	0.7758366228784247	97.90286749067761
GOTERM_BP_ALL	GO:0044271~cellular nitrogen compound biosynthetic process	6	46.15384615384615	0.26216477463138377	4988, 4985, 1812, 7442, 2778, 2774	13	4947	16792	1.5666371227317255	1.0	0.8470085212622402	99.23913110897257
GOTERM_BP_ALL	GO:0009892~negative regulation of metabolic process	4	30.76923076923077	0.26480186522377824	4988, 4985, 7442, 1268	13	2522	16792	2.0486793143414874	1.0	0.8488010623536705	99.2816123228918
GOTERM_BP_ALL	GO:0035556~intracellular signal transduction	4	30.76923076923077	0.29275238904535633	2914, 4988, 2778, 3362	13	2657	16792	1.9445875915578588	1.0	0.8794502281085163	99.61428874134508
GOTERM_BP_ALL	GO:0007166~cell surface receptor signaling pathway	4	30.76923076923077	0.2952606712040036	2914, 4988, 1132, 7442	13	2669	16792	1.9358445975156355	1.0	0.8806747545237854	99.63566236027332
GOTERM_BP_ALL	GO:0009966~regulation of signal transduction	4	30.76923076923077	0.3076400555729516	2914, 4988, 2778, 3362	13	2728	16792	1.8939769907511843	1.0	0.8915671464394086	99.72583831077614
GOTERM_BP_ALL	GO:0043412~macromolecule modification	5	38.46153846153847	0.32680421426076944	2914, 4988, 4985, 2778, 1128	13	4065	16792	1.588797426435803	1.0	0.9073127390124759	99.8252567675391
GOTERM_BP_ALL	GO:0048523~negative regulation of cellular process	5	38.46153846153847	0.37008721994623417	4988, 4985, 1812, 7442, 1268	13	4300	16792	1.5019677996422185	1.0	0.9369143544573386	99.93984044887692
GOTERM_BP_ALL	GO:0006139~nucleobase-containing compound metabolic process	6	46.15384615384615	0.40222989148252086	4988, 4985, 1812, 7442, 2778, 2774	13	5794	16792	1.3376171636440881	1.0	0.9523651485946003	99.97403881976659
GOTERM_BP_ALL	GO:0046483~heterocycle metabolic process	6	46.15384615384615	0.4239014895931561	4988, 4985, 1812, 7442, 2778, 2774	13	5919	16792	1.3093687863074583	1.0	0.9610575210146556	99.98564537969075
GOTERM_BP_ALL	GO:0006725~cellular aromatic compound metabolic process	6	46.15384615384615	0.43190163215383803	4988, 4985, 1812, 7442, 2778, 2774	13	5965	16792	1.2992713908053388	1.0	0.9635104151774975	99.98853055211897
GOTERM_BP_ALL	GO:0044249~cellular biosynthetic process	6	46.15384615384615	0.458558394590204	4988, 4985, 1812, 7442, 2778, 2774	13	6118	16792	1.2667789876027864	1.0	0.9719452187759139	99.9946955906052
GOTERM_BP_ALL	GO:0044237~cellular metabolic process	9	69.23076923076923	0.4597068177768885	2914, 4988, 4985, 1812, 7442, 2778, 1128, 1268, 2774	13	10202	16792	1.139505074419797	1.0	0.9717757664275284	99.9948732675501
GOTERM_CC_ALL	GO:0031982~vesicle	4	30.76923076923077	0.46282465491027036	2914, 4985, 2778, 2774	13	3754	18224	1.4937092742100733	1.0	0.9376033844939048	99.92431124991214
GOTERM_BP_ALL	GO:1901360~organic cyclic compound metabolic process	6	46.15384615384615	0.46396187074765727	4988, 4985, 1812, 7442, 2778, 2774	13	6149	16792	1.260392559140323	1.0	0.9725381233325995	99.99548411682436
GOTERM_BP_ALL	GO:0044238~primary metabolic process	9	69.23076923076923	0.466728022721249	2914, 4988, 4985, 1812, 7442, 2778, 1128, 1268, 2774	13	10243	16792	1.1349439392005047	1.0	0.9728501762599199	99.9958438693815
GOTERM_BP_ALL	GO:1901576~organic substance biosynthetic process	6	46.15384615384615	0.4775504399931788	4988, 4985, 1812, 7442, 2778, 2774	13	6227	16792	1.2446047609047448	1.0	0.9754042952789891	99.99700903364128
GOTERM_CC_ALL	GO:0012505~endomembrane system	4	30.76923076923077	0.48659131578138315	4988, 1812, 3360, 2778	13	3878	18224	1.4459475542508036	1.0	0.9435067452354488	99.95514990199142
GOTERM_BP_ALL	GO:0009058~biosynthetic process	6	46.15384615384615	0.4937230922972332	4988, 4985, 1812, 7442, 2778, 2774	13	6320	16792	1.226290165530672	1.0	0.9790395853137782	99.99819412857727
GOTERM_BP_ALL	GO:0034641~cellular nitrogen compound metabolic process	6	46.15384615384615	0.525713773577835	4988, 4985, 1812, 7442, 2778, 2774	13	6505	16792	1.1914148879560102	1.0	0.9852215496646533	99.99936638078954
GOTERM_BP_ALL	GO:0006464~cellular protein modification process	4	30.76923076923077	0.5363292065339584	2914, 4988, 4985, 1128	13	3818	16792	1.3532659064351051	1.0	0.9867117528786167	99.99955935761946
GOTERM_BP_ALL	GO:0036211~protein modification process	4	30.76923076923077	0.5363292065339584	2914, 4988, 4985, 1128	13	3818	16792	1.3532659064351051	1.0	0.9867117528786167	99.99955935761946
GOTERM_BP_ALL	GO:0071704~organic substance metabolic process	9	69.23076923076923	0.5471940385634018	2914, 4988, 4985, 1812, 7442, 2778, 1128, 1268, 2774	13	10707	16792	1.0857598551630492	1.0	0.9881108160209977	99.99969880100734
GOTERM_CC_ALL	GO:0043226~organelle	10	76.92307692307693	0.5604628920689975	2914, 4988, 4985, 1812, 3360, 2778, 3362, 1128, 1268, 2774	13	13154	18224	1.0657185296078409	1.0	0.9674552123010253	99.99256022846087
GOTERM_BP_ALL	GO:0006807~nitrogen compound metabolic process	6	46.15384615384615	0.600441846025701	4988, 4985, 1812, 7442, 2778, 2774	13	6948	16792	1.1154510429121829	1.0	0.9939438855043942	99.9999595373962
GOTERM_BP_ALL	GO:0008152~metabolic process	9	69.23076923076923	0.6110510585682247	2914, 4988, 4985, 1812, 7442, 2778, 1128, 1268, 2774	13	11075	16792	1.0496822364993923	1.0	0.9946503345597285	99.99997372633196
GOTERM_BP_ALL	GO:0060255~regulation of macromolecule metabolic process	5	38.46153846153847	0.6433248360999755	2914, 4988, 4985, 7442, 2778	13	5815	16792	1.110655466631391	1.0	0.9965955991114503	99.99999345538407
GOTERM_CC_ALL	GO:0044444~cytoplasmic part	6	46.15384615384615	0.6804258429594072	2914, 4988, 1812, 7442, 3360, 2778	13	8090	18224	1.0396881239897309	1.0	0.9899467831956511	99.9998134437391
GOTERM_BP_ALL	GO:0044267~cellular protein metabolic process	4	30.76923076923077	0.7271360367809194	2914, 4988, 4985, 1128	13	4900	16792	1.054442700156986	1.0	0.999194772902812	99.99999991101113
GOTERM_MF_ALL	GO:0005515~protein binding	8	61.53846153846154	0.7651259793166493	5179, 4988, 4985, 1812, 7442, 2778, 3362, 2774	13	10806	16881	0.9613462606244394	1.0	0.9999999998366991	99.99999622881327
GOTERM_BP_ALL	GO:0019538~protein metabolic process	4	30.76923076923077	0.802527892361949	2914, 4988, 4985, 1128	13	5457	16792	0.9468149589095164	1.0	0.9998573702255571	99.99999999950356
GOTERM_BP_ALL	GO:0044260~cellular macromolecule metabolic process	6	46.15384615384615	0.8052006633745696	2914, 4988, 4985, 7442, 2778, 1128	13	8387	16792	0.9240674670506553	1.0	0.9998617874968585	99.99999999960106
GOTERM_CC_ALL	GO:0005737~cytoplasm	7	53.84615384615385	0.825971269064713	2914, 4988, 4985, 1812, 7442, 3360, 2778	13	10775	18224	0.9107121185079421	1.0	0.9989193735373135	99.99999983463115
GOTERM_CC_ALL	GO:0043227~membrane-bounded organelle	8	61.53846153846154	0.8288444563173545	2914, 4988, 4985, 1812, 3360, 2778, 1268, 2774	13	12209	18224	0.9185657491006004	1.0	0.9987521053634428	99.99999986359028
GOTERM_MF_ALL	GO:0097159~organic cyclic compound binding	4	30.76923076923077	0.8625640550636305	1812, 7442, 2778, 2774	13	6052	16881	0.8582541054451168	1.0	0.9999999999991421	99.99999999323231
GOTERM_CC_ALL	GO:0044424~intracellular part	9	69.23076923076923	0.8634062559570264	2914, 4988, 4985, 1812, 7442, 3360, 2778, 1128, 1268	13	13860	18224	0.9102897102897103	1.0	0.9993371171263823	99.99999998995331
GOTERM_BP_ALL	GO:0016043~cellular component organization	4	30.76923076923077	0.8706417374435422	4985, 1812, 7442, 1268	13	6109	16792	0.8457635015173075	1.0	0.9999842333715069	99.99999999999945
GOTERM_BP_ALL	GO:0043170~macromolecule metabolic process	6	46.15384615384615	0.8796060057452063	2914, 4988, 4985, 7442, 2778, 1128	13	9130	16792	0.8488667958547478	1.0	0.9999887078059227	99.99999999999983
GOTERM_BP_ALL	GO:0071840~cellular component organization or biogenesis	4	30.76923076923077	0.8839452722125125	4985, 1812, 7442, 1268	13	6265	16792	0.8247037878322795	1.0	0.9999902085193471	99.9999999999999
GOTERM_CC_ALL	GO:0005622~intracellular	9	69.23076923076923	0.8980490705535308	2914, 4988, 4985, 1812, 7442, 3360, 2778, 1128, 1268	13	14216	18224	0.8874940478767153	1.0	0.9997125647930933	99.99999999965887
GOTERM_MF_ALL	GO:0005488~binding	10	76.92307692307693	0.9112990659667066	5179, 4988, 4985, 1812, 7442, 2778, 3362, 1128, 1268, 2774	13	14381	16881	0.9029542184399288	1.0	0.9999999999999593	99.9999999999614
GOTERM_CC_ALL	GO:0043229~intracellular organelle	6	46.15384615384615	0.9802668258252147	4988, 1812, 3360, 2778, 1128, 1268	13	12099	18224	0.6951877777565851	1.0	0.99999879622599	100.0
GOTERM_CC_ALL	GO:0043231~intracellular membrane-bounded organelle	5	38.46153846153847	0.9862430826965914	4988, 1812, 3360, 2778, 1268	13	11035	18224	0.6351817643163361	1.0	0.9999994856958575	100.0

